0.0,1,0.336151123046875
0.0,1,0.35315489768981934
-0.01,1,0.4151725769042969
-0.04,1,0.4281744956970215
-0.05,1,0.4397580623626709
-0.07,1,0.45176076889038086
-0.09,1,0.4687652587890625
-0.11,1,0.4853231906890869
-0.13,1,0.5023272037506104
-0.13,1,0.5183308124542236
-0.16,1,0.5354187488555908
-0.2,1,0.5524227619171143
-0.24,1,0.5694265365600586
-0.28,1,0.5864303112030029
-0.33,1,0.6033756732940674
-0.38,1,0.6203794479370117
-0.38,1,0.637383222579956
-0.44,1,0.6543869972229004
-0.51,0,0.6703908443450928
-0.58,0,0.687394380569458
-0.65,0,0.7043986320495605
-0.72,0,0.7214024066925049
-0.72,0,0.7384066581726074
-0.81,0,0.7554097175598145
-0.9,0,0.7724137306213379
-0.99,0,0.789417028427124
-1.08,0,0.8064217567443848
-1.18,0,0.8234250545501709
-1.29,0,0.8404285907745361
-1.29,0,0.8564326763153076
-1.4,0,0.8734362125396729
-1.52,0,0.8904397487640381
-1.64,0,0.9074442386627197
-1.76,0,0.9244475364685059
-1.89,0,0.9410543441772461
-1.89,0,0.9580583572387695
-2.02,0,0.9750621318817139
-2.16,-1,0.9920661449432373
-2.31,-1,1.0090699195861816
-2.46,-1,1.0260729789733887
-2.61,-1,1.0420777797698975
-2.61,-1,1.0590815544128418
-2.77,-1,1.0760846138000488
-2.93,-1,1.0930886268615723
-3.1,-1,1.1090924739837646
-3.27,-1,1.1260957717895508
-3.45,-1,1.1421005725860596
-3.45,-1,1.1591036319732666
-3.63,-1,1.176107406616211
-3.82,-1,1.1931114196777344
-4.0,-1,1.2101147174835205
-4.18,-1,1.227118730545044
0.0,1,1.4741995334625244
-0.01,1,1.4912033081054688
-0.02,1,1.508207082748413
-0.05,1,1.5252106189727783
-0.08,1,1.5422146320343018
-0.08,1,1.559218168258667
-0.12,1,1.5762240886688232
-0.16,1,1.5922260284423828
-0.22,1,1.6092300415039062
-0.28,1,1.6262338161468506
-0.35,1,1.6432380676269531
-0.43,1,1.6602411270141602
-0.43,1,1.6762444972991943
-0.51,0,1.6938366889953613
-0.6,0,1.7108397483825684
-0.7,0,1.7268431186676025
-0.8,0,1.7438466548919678
-0.92,0,1.7608509063720703
-0.92,0,1.7768545150756836
-1.04,0,1.793858528137207
-1.18,0,1.8108630180358887
-1.32,0,1.8278660774230957
-1.47,0,1.8448703289031982
-1.63,0,1.8618733882904053
-1.63,0,1.878878116607666
-1.8,0,1.896026611328125
-1.98,0,1.9128851890563965
-2.17,0,1.92988920211792
-2.37,-1,1.946892261505127
-2.58,-1,1.9638967514038086
-2.79,-1,1.980900764465332
-2.79,-1,1.9979045391082764
-3.02,-1,2.014908790588379
-3.26,-1,2.031911611557007
-3.49,-1,2.0489161014556885
-3.73,-1,2.0659196376800537
-3.97,-1,2.0829241275787354
-4.23,-1,2.099928140640259
-4.23,-1,2.1159305572509766
-4.5,-1,2.132935047149658
0.0,1,2.37553334236145
-0.01,1,2.392293691635132
-0.02,1,2.4092979431152344
-0.05,1,2.4263014793395996
-0.08,1,2.442837953567505
-0.12,1,2.459840774536133
-0.12,1,2.4763503074645996
-0.18,1,2.4933536052703857
-0.23,1,2.510357141494751
-0.29,1,2.5273616313934326
-0.36,1,2.543889284133911
-0.43,1,2.5609045028686523
-0.43,1,2.576895236968994
-0.52,0,2.5940070152282715
-0.62,0,2.6110103130340576
-0.73,0,2.6280152797698975
-0.85,0,2.6450183391571045
-0.96,0,2.6620218753814697
-0.96,0,2.678025722503662
-1.09,0,2.6963064670562744
-1.22,0,2.7130250930786133
-1.36,0,2.7300286293029785
-1.51,0,2.7469732761383057
-1.67,0,2.763976812362671
-1.83,0,2.7809934616088867
-1.83,0,2.797987222671509
-2.0,0,2.8149912357330322
-2.18,0,2.871711015701294
-2.51,-1,2.8837132453918457
-2.69,-1,2.8957154750823975
-2.87,-1,2.9087183475494385
-3.06,-1,2.9247219562530518
-3.26,-1,2.9417264461517334
-3.26,-1,2.958730459213257
-3.48,-1,2.975733995437622
-3.7,-1,2.9927377700805664
-3.92,-1,3.0097410678863525
-4.14,-1,3.025744915008545
-4.37,-1,3.0427489280700684
0.0,1,3.2648732662200928
-0.01,1,3.2818777561187744
-0.01,1,3.2988808155059814
-0.03,1,3.315884590148926
-0.06,1,3.3328888416290283
-0.1,1,3.3498923778533936
-0.15,1,3.366896390914917
-0.2,1,3.3839001655578613
-0.25,1,3.4004147052764893
-0.25,1,3.4174118041992188
-0.32,1,3.434415340423584
-0.4,1,3.4504189491271973
-0.49,1,3.4674232006073
-0.56,0,3.4844276905059814
-0.65,0,3.5014588832855225
-0.65,0,3.5184807777404785
-0.75,0,3.534940004348755
-0.86,0,3.5519418716430664
-0.98,0,3.5689499378204346
-1.11,0,3.586085557937622
-1.24,0,3.6030898094177246
-1.37,0,3.620093584060669
-1.37,0,3.636096239089966
-1.49,0,3.6541008949279785
-1.63,0,3.6701040267944336
-1.77,0,3.687108278274536
-1.92,0,3.7041120529174805
-2.08,0,3.721115827560425
-2.08,0,3.7371199131011963
-2.25,-1,3.75411057472229
-2.43,-1,3.7711150646209717
-2.62,-1,3.787118911743164
-2.82,-1,3.8041229248046875
-3.03,-1,3.8211259841918945
-3.03,-1,3.838129758834839
-3.25,-1,3.8551337718963623
-3.48,-1,3.872138023376465
-3.7,-1,3.88814115524292
-3.93,-1,3.905144691467285
-4.15,-1,3.922149658203125
-4.15,-1,3.939152717590332
-4.37,-1,3.9561123847961426
-4.6,-1,3.972116470336914
0.0,1,4.220982074737549
0.0,1,4.236985921859741
-0.02,1,4.2539896965026855
-0.04,1,4.27099347114563
-0.07,1,4.286997079849243
-0.11,1,4.304001569747925
-0.16,1,4.321004867553711
-0.16,1,4.337008953094482
-0.22,1,4.354012727737427
-0.3,1,4.371016502380371
-0.38,1,4.388020038604736
-0.45,1,4.405023574829102
-0.54,0,4.422027826309204
-0.54,0,4.439031362533569
-0.64,0,4.456034898757935
-0.74,0,4.473039150238037
-0.86,0,4.48904275894165
-0.98,0,4.506046533584595
-1.12,0,4.522555828094482
-1.26,0,4.539559364318848
-1.26,0,4.556562423706055
-1.41,0,4.573567152023315
-1.58,0,4.590570688247681
-1.75,0,4.606573820114136
-1.93,0,4.623578071594238
-2.12,0,4.640582084655762
-2.12,0,4.657585382461548
-2.32,-1,4.674283742904663
-2.53,-1,4.690802812576294
-2.75,-1,4.707533121109009
-2.98,-1,4.724537134170532
-3.22,-1,4.741158485412598
-3.22,-1,4.758162260055542
-3.47,-1,4.775166034698486
-3.73,-1,4.79217004776001
-3.98,-1,4.809174060821533
-4.25,-1,4.826177597045898
-4.51,-1,4.84318208694458
-4.77,-1,4.860185384750366
0.0,1,5.110422849655151
-0.01,1,5.127426862716675
-0.02,1,5.144430875778198
-0.05,1,5.160435199737549
-0.05,1,5.176438331604004
-0.09,1,5.194442987442017
-0.14,1,5.2104456424713135
-0.19,1,5.227450132369995
-0.26,1,5.2444798946380615
-0.33,1,5.261483669281006
-0.33,1,5.27748703956604
-0.42,1,5.294346809387207
-0.51,0,5.310760498046875
-0.62,0,5.32775092124939
-0.73,0,5.344661235809326
-0.85,0,5.361285209655762
-0.85,0,5.378288745880127
-0.98,0,5.39529275894165
-1.13,0,5.412296295166016
-1.28,0,5.429300546646118
-1.44,0,5.446304798126221
-1.61,0,5.463308334350586
-1.78,0,5.480312347412109
-1.78,0,5.497315883636475
-1.98,0,5.514379024505615
-2.18,0,5.530914783477783
-2.38,-1,5.547913551330566
-2.6,-1,5.563917398452759
-2.82,-1,5.580921173095703
-2.82,-1,5.5979249477386475
-3.06,-1,5.614953279495239
-3.31,-1,5.6319580078125
-3.57,-1,5.648961544036865
-3.83,-1,5.665964126586914
-4.1,-1,5.6829681396484375
-4.38,-1,5.699972629547119
-4.38,-1,5.716975688934326
-4.68,-1,5.733979940414429
0.0,1,5.954346418380737
-0.01,1,5.9713521003723145
-0.02,1,5.988356351852417
-0.05,1,6.0051774978637695
-0.08,1,6.022197723388672
-0.08,1,6.039201259613037
-0.13,1,6.056278467178345
-0.18,1,6.0727698802948
-0.25,1,6.089773416519165
-0.32,1,6.106308937072754
-0.4,1,6.123312950134277
-0.49,1,6.140316724777222
-0.49,1,6.157320261001587
-0.59,0,6.174324035644531
-0.7,0,6.191030979156494
-0.82,0,6.208034992218018
-0.94,0,6.225038766860962
-1.07,0,6.242042303085327
-1.07,0,6.2590460777282715
-1.21,0,6.276049375534058
-1.36,0,6.29205322265625
-1.52,0,6.309056997299194
-1.68,0,6.326061725616455
-1.86,0,6.343065023422241
-2.04,0,6.3600687980651855
-2.04,0,6.377072811126709
-2.24,-1,6.394076347351074
-2.44,-1,6.411080360412598
-2.66,-1,6.428084373474121
-2.87,-1,6.445087671279907
-3.09,-1,6.46209192276001
-3.09,-1,6.479095220565796
-3.32,-1,6.496099233627319
-3.56,-1,6.512964487075806
-3.81,-1,6.529107093811035
-4.07,-1,6.5462729930877686
-4.34,-1,6.563115119934082
-4.61,-1,6.58011794090271
0.0,1,6.822047472000122
0.0,1,6.8380513191223145
-0.01,1,6.855054616928101
-0.03,1,6.872058629989624
-0.06,1,6.889062166213989
-0.1,1,6.906065940856934
-0.14,1,6.923070192337036
-0.19,1,6.940073728561401
-0.19,1,6.957077503204346
-0.26,1,6.9740822315216064
-0.34,1,6.9910852909088135
-0.42,1,7.008089065551758
-0.51,0,7.02509331703186
-0.61,0,7.042096138000488
-0.61,0,7.058099985122681
-0.73,0,7.075103998184204
-0.85,0,7.092109203338623
-0.98,0,7.1091108322143555
-1.12,0,7.1261146068573
-1.27,0,7.1431190967559814
-1.27,0,7.159122705459595
-1.44,0,7.176126956939697
-1.61,0,7.1931304931640625
-1.79,0,7.210134267807007
-1.98,0,7.227137804031372
-2.17,0,7.244142055511475
-2.37,-1,7.260145664215088
-2.37,-1,7.277149438858032
-2.58,-1,7.294153213500977
-2.81,-1,7.310157060623169
-3.04,-1,7.327161073684692
-3.28,-1,7.3441643714904785
-3.53,-1,7.361168384552002
-3.53,-1,7.377171993255615
-3.79,-1,7.394176244735718
-4.06,-1,7.410179615020752
-4.34,-1,7.427182912826538
-4.62,-1,7.444186687469482
0.0,1,7.700026273727417
0.0,1,7.71703028678894
-0.02,1,7.734034299850464
-0.02,1,7.750966548919678
-0.04,1,7.766886234283447
-0.06,1,7.783997535705566
-0.1,1,7.801001310348511
-0.1,1,7.81815242767334
-0.14,1,7.835155725479126
-0.2,1,7.852105617523193
-0.26,1,7.869109630584717
-0.34,1,7.885955810546875
-0.42,1,7.903105974197388
-0.42,1,7.919109344482422
-0.51,0,7.936113595962524
-0.62,0,7.953117609024048
-0.73,0,7.970121145248413
-0.85,0,7.9871251583099365
-0.98,0,8.004088163375854
-1.11,0,8.020845651626587
-1.11,0,8.037849187850952
-1.26,0,8.054852962493896
-1.42,0,8.07185673713684
-1.59,0,8.088860988616943
-1.77,0,8.105864524841309
-1.94,0,8.122868299484253
-2.11,0,8.139872312545776
-2.11,0,8.1568763256073
-2.29,-1,8.173879384994507
-2.48,-1,8.19088363647461
-2.68,-1,8.20688772201538
-2.89,-1,8.223891019821167
-3.11,-1,8.24089527130127
-3.11,-1,8.257898330688477
-3.34,-1,8.274902820587158
-3.58,-1,8.291906118392944
-3.83,-1,8.308909893035889
-4.08,-1,8.325914859771729
-4.35,-1,8.342917919158936
-4.61,-1,8.359922409057617
0.0,1,8.646052360534668
-0.01,1,8.663109302520752
-0.02,1,8.679597616195679
-0.02,1,8.69660234451294
-0.06,1,8.713605403900146
-0.1,1,8.72960901260376
-0.14,1,8.74661374092102
-0.2,1,8.763616800308228
-0.26,1,8.780620336532593
-0.26,1,8.796623945236206
-0.33,1,8.814557313919067
-0.4,1,8.83055567741394
-0.48,1,8.847531795501709
-0.57,0,8.864536762237549
-0.66,0,8.880539417266846
-0.66,0,8.897543668746948
-0.78,0,8.914547681808472
-0.9,0,8.930551052093506
-1.02,0,8.947554588317871
-1.16,0,8.964558124542236
-1.3,0,8.981934070587158
-1.3,0,8.997929811477661
-1.46,0,9.015933275222778
-1.63,0,9.03193712234497
-1.81,0,9.048446655273438
-1.99,0,9.065449953079224
-2.18,0,9.082453727722168
-2.18,0,9.098457098007202
-2.39,-1,9.115460872650146
-2.61,-1,9.132686138153076
-2.83,-1,9.149690628051758
-3.06,-1,9.166693687438965
-3.3,-1,9.183354616165161
-3.55,-1,9.200037240982056
-3.55,-1,9.217042446136475
-3.82,-1,9.234045267105103
-4.09,-1,9.25104832649231
-4.37,-1,9.268052816390991
-4.65,-1,9.285056591033936
0.0,1,9.545284986495972
-0.01,1,9.562292098999023
-0.01,1,9.579296112060547
-0.03,1,9.596269845962524
-0.06,1,9.613250017166138
-0.1,1,9.629437446594238
-0.15,1,9.646673202514648
-0.21,1,9.663833379745483
-0.27,1,9.68096399307251
-0.27,1,9.697472333908081
-0.34,1,9.714475870132446
-0.43,1,9.731528520584106
-0.52,0,9.74851393699646
-0.61,0,9.765517950057983
-0.7,0,9.782521486282349
-0.7,0,9.798979043960571
-0.82,0,9.815630674362183
-0.94,0,9.832666158676147
-1.06,0,9.849660634994507
-1.2,0,9.866665601730347
-1.34,0,9.883668899536133
-1.5,0,9.900673151016235
-1.5,0,9.91767692565918
-1.66,0,9.934098243713379
-1.84,0,9.951102018356323
-2.02,0,9.968106031417847
-2.21,0,9.985109090805054
-2.41,-1,10.002115726470947
-2.41,-1,10.01811695098877
-2.62,-1,10.035121440887451
-2.84,-1,10.052124977111816
-3.07,-1,10.069128036499023
-3.3,-1,10.086132526397705
-3.55,-1,10.102136611938477
-3.55,-1,10.119139909744263
-3.79,-1,10.136143207550049
-4.03,-1,10.153147459030151
-4.27,-1,10.170150995254517
-4.52,-1,10.187154769897461
0.0,1,10.412208795547485
-0.01,1,10.429212808609009
-0.02,1,10.446675300598145
-0.05,1,10.46321988105774
-0.08,1,10.480224132537842
-0.08,1,10.496226787567139
-0.13,1,10.513231039047241
-0.18,1,10.5300133228302
-0.25,1,10.547016620635986
-0.31,1,10.56402039527893
-0.38,1,10.581024169921875
-0.38,1,10.59802770614624
-0.45,1,10.615031957626343
-0.54,0,10.632141590118408
-0.62,0,10.649047136306763
-0.7,0,10.665880680084229
-0.8,0,10.68288516998291
-0.9,0,10.70006012916565
-0.9,0,10.717064380645752
-1.02,0,10.734007358551025
-1.15,0,10.750011444091797
-1.29,0,10.766867637634277
-1.43,0,10.7838716506958
-1.58,0,10.800875186920166
-1.58,0,10.81787896156311
-1.74,0,10.834882020950317
-1.92,0,10.851864099502563
-2.1,0,10.867859601974487
-2.28,-1,10.885119676589966
-2.48,-1,10.90211033821106
-2.48,-1,10.919097900390625
-2.68,-1,10.93595290184021
-2.88,-1,10.952130556106567
-3.09,-1,10.969122171401978
-3.31,-1,10.985973358154297
-3.54,-1,11.003011703491211
-3.78,-1,11.020016431808472
-3.78,-1,11.037020206451416
-4.02,-1,11.05402421951294
-4.27,-1,11.071027517318726
-4.52,-1,11.087031364440918
0.0,1,11.31908369064331
-0.01,1,11.33595609664917
-0.02,1,11.35287070274353
-0.05,1,11.369548559188843
-0.08,1,11.386204957962036
-0.12,1,11.403208494186401
-0.17,1,11.420212030410767
-0.17,1,11.437215805053711
-0.23,1,11.454219341278076
-0.3,1,11.4712233543396
-0.38,1,11.488227367401123
-0.47,1,11.505230903625488
-0.57,0,11.52223539352417
-0.57,0,11.539239168167114
-0.68,0,11.556242942810059
-0.8,0,11.572246313095093
-0.93,0,11.589749813079834
-1.06,0,11.605753421783447
-1.21,0,11.622756719589233
-1.36,0,11.639761209487915
-1.36,0,11.65676474571228
-1.53,0,11.673768997192383
-1.7,0,11.689772129058838
-1.89,0,11.706775903701782
-2.08,0,11.723430156707764
-2.28,-1,11.740433931350708
-2.28,-1,11.7564377784729
-2.5,-1,11.773442029953003
-2.72,-1,11.789974451065063
-2.95,-1,11.806978464126587
-3.19,-1,11.823982238769531
-3.44,-1,11.840986251831055
-3.44,-1,11.856989860534668
-3.7,-1,11.873993396759033
-3.98,-1,11.89155650138855
-4.26,-1,11.907560348510742
-4.54,-1,11.924564123153687
-4.83,-1,11.941198587417603
0.0,1,12.157333850860596
-0.01,1,12.17433762550354
-0.02,1,12.190955638885498
-0.05,1,12.207959175109863
-0.08,1,12.224962949752808
-0.12,1,12.242471694946289
-0.12,1,12.259157180786133
-0.17,1,12.275732040405273
-0.22,1,12.292736053466797
-0.28,1,12.309245109558105
-0.35,1,12.32624888420105
-0.43,1,12.343483686447144
-0.52,0,12.360498189926147
-0.52,0,12.377493858337402
-0.62,0,12.394499063491821
-0.73,0,12.411505460739136
-0.85,0,12.427703857421875
-0.97,0,12.444013595581055
-1.11,0,12.460627555847168
-1.11,0,12.477631330490112
-1.24,0,12.494634628295898
-1.38,0,12.511638402938843
-1.53,0,12.528641939163208
-1.69,0,12.5454421043396
-1.85,0,12.562445640563965
-1.85,0,12.579010725021362
-2.02,0,12.596079587936401
-2.2,0,12.613082885742188
-2.39,-1,12.6290864944458
-2.58,-1,12.646583080291748
-2.79,-1,12.662953853607178
-3.0,-1,12.679932832717896
-3.0,-1,12.696476221084595
-3.23,-1,12.712940216064453
-3.46,-1,12.730005025863647
-3.71,-1,12.747008562088013
-3.96,-1,12.762998104095459
-4.21,-1,12.78000259399414
-4.21,-1,12.796531438827515
-4.46,-1,12.813114643096924
-4.72,-1,12.830118894577026
0.0,1,13.037107944488525
-0.01,1,13.054100513458252
-0.02,1,13.071104049682617
-0.05,1,13.088192701339722
-0.08,1,13.10520076751709
-0.12,1,13.122203588485718
-0.12,1,13.13915491104126
-0.18,1,13.15615963935852
-0.24,1,13.173113822937012
-0.31,1,13.189118146896362
-0.39,1,13.206122159957886
-0.48,1,13.223125696182251
-0.58,0,13.240129470825195
-0.58,0,13.257132768630981
-0.69,0,13.274136543273926
-0.81,0,13.29114031791687
-0.94,0,13.307143926620483
-1.07,0,13.324148416519165
-1.22,0,13.341151714324951
-1.22,0,13.357155323028564
-1.38,0,13.375159740447998
-1.54,0,13.391162872314453
-1.72,0,13.408166408538818
-1.9,0,13.425171375274658
-2.1,0,13.442174911499023
-2.1,0,13.45917820930481
-2.3,-1,13.476181745529175
-2.51,-1,13.493109226226807
-2.72,-1,13.51011323928833
-2.95,-1,13.527118682861328
-3.18,-1,13.544121503829956
-3.41,-1,13.5611252784729
-3.41,-1,13.578128814697266
-3.67,-1,13.595102310180664
-3.92,-1,13.612106323242188
-4.18,-1,13.629109382629395
-4.44,-1,13.645113706588745
-4.7,-1,13.662117719650269
0.0,1,13.881097316741943
0.0,1,13.89836835861206
0.01,1,13.915372133255005
0.0,1,13.93237590789795
-0.01,1,13.949379920959473
-0.01,1,13.966383695602417
-0.02,1,13.983387470245361
-0.04,1,14.000391721725464
-0.04,1,14.01739501953125
-0.07,1,14.034399032592773
-0.11,1,14.051402807235718
-0.15,1,14.06840705871582
-0.2,1,14.085411310195923
-0.26,1,14.102414846420288
-0.26,1,14.119329929351807
-0.33,1,14.136332511901855
-0.41,1,14.15333604812622
-0.5,1,14.17034101486206
-0.59,0,14.187344312667847
-0.7,0,14.204348087310791
-0.81,0,14.221352815628052
-0.81,0,14.238355875015259
-0.94,0,14.255360126495361
-1.07,0,14.272364139556885
-1.22,0,14.288934230804443
-1.37,0,14.305938243865967
-1.53,0,14.322957038879395
-1.7,0,14.33996033668518
-1.7,0,14.355964183807373
-1.88,0,14.372968435287476
-2.07,0,14.389971494674683
-2.27,-1,14.406975984573364
-2.48,-1,14.424102544784546
-2.7,-1,14.441106796264648
-2.7,-1,14.457110166549683
-2.93,-1,14.474113702774048
-3.17,-1,14.491117238998413
-3.42,-1,14.508121252059937
-3.67,-1,14.525126695632935
-3.94,-1,14.542129278182983
-3.94,-1,14.558132410049438
-4.2,-1,14.575136661529541
-4.48,-1,14.592140197753906
-4.76,-1,14.60914421081543
0.0,1,14.848729372024536
-0.01,1,14.865736246109009
-0.02,1,14.882740020751953
-0.05,1,14.899743795394897
-0.05,1,14.916609764099121
-0.09,1,14.933613061904907
-0.14,1,14.949616432189941
-0.19,1,14.966623783111572
-0.26,1,14.983110904693604
-0.33,1,15.00011396408081
-0.33,1,15.0171217918396
-0.41,1,15.034125804901123
-0.49,1,15.051128625869751
-0.59,0,15.067131757736206
-0.69,0,15.08413577079773
-0.8,0,15.101139783859253
-0.8,0,15.118144273757935
-0.92,0,15.135147094726562
-1.06,0,15.152151584625244
-1.2,0,15.16915512084961
-1.35,0,15.186158895492554
-1.51,0,15.203162431716919
-1.67,0,15.220166206359863
-1.67,0,15.237170219421387
-1.86,0,15.254173517227173
-2.05,0,15.270177364349365
-2.24,-1,15.287182092666626
-2.45,-1,15.304184913635254
-2.66,-1,15.320189476013184
-2.66,-1,15.337192296981812
-2.89,-1,15.354196071624756
-3.13,-1,15.370200395584106
-3.37,-1,15.38720417022705
-3.61,-1,15.404207706451416
-3.85,-1,15.421211242675781
-3.85,-1,15.437215328216553
-4.09,-1,15.454218864440918
-4.33,-1,15.47122311592102
-4.57,-1,15.48787260055542
0.0,1,15.716445684432983
-0.01,1,15.732925176620483
-0.02,1,15.749942302703857
-0.05,1,15.76694631576538
-0.08,1,15.783950090408325
-0.12,1,15.80095362663269
-0.12,1,15.817957401275635
-0.18,1,15.835103750228882
-0.24,1,15.851107597351074
-0.31,1,15.868114233016968
-0.39,1,15.885118246078491
-0.48,1,15.902122497558594
-0.48,1,15.919126033782959
-0.58,0,15.936129331588745
-0.7,0,15.952133417129517
-0.82,0,15.969137191772461
-0.93,0,15.986140966415405
-1.04,0,16.00314474105835
-1.17,0,16.020148038864136
-1.17,0,16.03715229034424
-1.31,0,16.054155588150024
-1.46,0,16.07115936279297
-1.61,0,16.088163137435913
-1.78,0,16.105167388916016
-1.95,0,16.122171640396118
-1.95,0,16.139174699783325
-2.14,0,16.15617847442627
-2.33,-1,16.173182725906372
-2.54,-1,16.190186500549316
-2.75,-1,16.20719075202942
-2.97,-1,16.224193572998047
-3.2,-1,16.24119806289673
-3.2,-1,16.258214235305786
-3.44,-1,16.275218963623047
-3.69,-1,16.291221857070923
-3.95,-1,16.308225870132446
-4.21,-1,16.32523274421692
-4.47,-1,16.342236757278442
-4.47,-1,16.359240293502808
-4.75,-1,16.376244068145752
0.0,1,16.585297346115112
-0.01,1,16.601300954818726
-0.01,1,16.61830449104309
-0.03,1,16.635308027267456
-0.06,1,16.65231204032898
-0.1,1,16.668315649032593
-0.15,1,16.685319900512695
-0.21,1,16.702338218688965
-0.21,1,16.718342065811157
-0.28,1,16.735345125198364
-0.36,1,16.752349615097046
-0.45,1,16.76935386657715
-0.54,0,16.78619647026062
-0.65,0,16.803200483322144
-0.76,0,16.820207357406616
-0.76,0,16.837210655212402
-0.89,0,16.854214191436768
-1.02,0,16.87021803855896
-1.17,0,16.88722252845764
-1.32,0,16.90422558784485
-1.47,0,16.92123007774353
-1.47,0,16.938233375549316
-1.62,0,16.95523762702942
-1.77,0,16.972241401672363
-1.94,0,16.989245176315308
-2.11,0,17.006248474121094
-2.29,-1,17.023252964019775
-2.48,-1,17.04025650024414
-2.48,-1,17.057274341583252
-2.68,-1,17.07427716255188
-2.89,-1,17.09090566635132
-3.11,-1,17.10741686820984
-3.32,-1,17.12457776069641
-3.54,-1,17.141580820083618
-3.54,-1,17.158585786819458
-3.76,-1,17.17493438720703
-3.98,-1,17.192596673965454
-4.2,-1,17.209617853164673
-4.41,-1,17.22662115097046
0.0,1,17.4282705783844
-0.01,1,17.445358991622925
-0.02,1,17.46236824989319
-0.02,1,17.479372024536133
-0.05,1,17.496867656707764
-0.09,1,17.513742923736572
-0.13,1,17.53042435646057
-0.18,1,17.54668140411377
-0.24,1,17.563685655593872
-0.31,1,17.580689430236816
-0.31,1,17.59769344329834
-0.39,1,17.614696979522705
-0.47,1,17.63146448135376
-0.56,0,17.64854907989502
-0.66,0,17.665555238723755
-0.76,0,17.68210768699646
-0.76,0,17.6991069316864
-0.88,0,17.716113567352295
-1.01,0,17.733116149902344
-1.15,0,17.75002121925354
-1.3,0,17.767329931259155
-1.45,0,17.78433322906494
-1.61,0,17.801336765289307
-1.61,0,17.817344427108765
-1.79,0,17.83435082435608
-1.98,0,17.851353883743286
-2.17,0,17.868358373641968
-2.37,-1,17.88536262512207
-2.58,-1,17.902366638183594
-2.58,-1,17.918924570083618
-2.81,-1,17.935457944869995
-3.04,-1,17.95246171951294
-3.29,-1,17.969643354415894
-3.54,-1,17.985647439956665
-3.79,-1,18.00265097618103
-3.79,-1,18.01866865158081
-4.06,-1,18.03635311126709
-4.34,-1,18.05235505104065
-4.63,-1,18.06987762451172
0.0,1,18.284482955932617
-0.01,1,18.30148696899414
-0.01,1,18.318490266799927
-0.03,1,18.335196256637573
-0.06,1,18.352200269699097
-0.1,1,18.36920428276062
-0.15,1,18.386207580566406
-0.21,1,18.40321135520935
-0.26,1,18.420215129852295
-0.26,1,18.437219381332397
-0.33,1,18.454222679138184
-0.4,1,18.471226692199707
-0.49,1,18.48723340034485
-0.58,0,18.504236936569214
-0.68,0,18.521241188049316
-0.68,0,18.53724503517151
-0.8,0,18.554752111434937
-0.92,0,18.572260856628418
-1.05,0,18.58926486968994
-1.19,0,18.606268644332886
-1.34,0,18.623274564743042
-1.49,0,18.64078378677368
-1.49,0,18.657777309417725
-1.65,0,18.674338340759277
-1.82,0,18.69134211540222
-2.0,0,18.708345413208008
-2.18,0,18.72434949874878
-2.37,-1,18.74135422706604
-2.37,-1,18.758357524871826
-2.55,-1,18.775360584259033
-2.72,-1,18.792365074157715
-2.9,-1,18.80936908721924
-3.08,-1,18.826372623443604
-3.28,-1,18.843376874923706
-3.48,-1,18.86038041114807
-3.48,-1,18.877384185791016
-3.69,-1,18.8943874835968
-3.9,-1,18.911391735076904
-4.12,-1,18.928396224975586
-4.34,-1,18.945398807525635
0.0,1,19.173454999923706
-0.01,1,19.19045877456665
-0.02,1,19.207462072372437
-0.05,1,19.22446632385254
-0.08,1,19.241013288497925
-0.08,1,19.258013248443604
-0.13,1,19.275017976760864
-0.18,1,19.292020559310913
-0.25,1,19.308530569076538
-0.32,1,19.325534343719482
-0.4,1,19.342538833618164
-0.49,1,19.35954213142395
-0.49,1,19.376546144485474
-0.59,0,19.39354968070984
-0.7,0,19.41055417060852
-0.82,0,19.427557229995728
-0.94,0,19.444562435150146
-1.06,0,19.461565017700195
-1.06,0,19.47856903076172
-1.18,0,19.495572566986084
-1.32,0,19.512576580047607
-1.46,0,19.529579877853394
-1.61,0,19.546584367752075
-1.77,0,19.563587427139282
-1.92,0,19.580442428588867
-1.92,0,19.59703540802002
-2.07,0,19.61344027519226
-2.22,-1,19.630444049835205
-2.39,-1,19.64744782447815
-2.56,-1,19.664452075958252
-2.73,-1,19.680455207824707
-2.73,-1,19.69745922088623
-2.93,-1,19.714463472366333
-3.13,-1,19.731477737426758
-3.33,-1,19.748474597930908
-3.55,-1,19.765479564666748
-3.76,-1,19.782482624053955
-3.98,-1,19.799486875534058
-3.98,-1,19.81649088859558
-4.21,-1,19.833494186401367
-4.46,-1,19.85049819946289
0.0,1,20.063676834106445
-0.01,1,20.079679489135742
-0.01,1,20.09682035446167
-0.03,1,20.11409878730774
-0.06,1,20.13010263442993
-0.1,1,20.147105932235718
-0.15,1,20.16410994529724
-0.21,1,20.18011450767517
-0.21,1,20.19811773300171
-0.28,1,20.215121269226074
-0.36,1,20.232112646102905
-0.45,1,20.24911093711853
-0.54,0,20.26561999320984
-0.65,0,20.283088207244873
-0.65,0,20.299092769622803
-0.77,0,20.316097259521484
-0.9,0,20.333096265792847
-1.03,0,20.35010004043579
-1.18,0,20.367106437683105
-1.33,0,20.384247064590454
-1.48,0,20.40125012397766
-1.48,0,20.418256998062134
-1.66,0,20.4352605342865
-1.84,0,20.45126438140869
-2.02,0,20.468268632888794
-2.22,0,20.48527216911316
-2.42,-1,20.502276182174683
-2.42,-1,20.519189834594727
-2.64,-1,20.53609824180603
-2.86,-1,20.55295157432556
-3.09,-1,20.568955898284912
-3.32,-1,20.586086750030518
-3.56,-1,20.602426767349243
-3.81,-1,20.62000060081482
-3.81,-1,20.63673686981201
-4.08,-1,20.653244256973267
-4.35,-1,20.67024827003479
-4.62,-1,20.687252044677734
0.0,1,20.908305406570435
-0.01,1,20.925310134887695
-0.02,1,20.941818475723267
-0.02,1,20.958821535110474
-0.05,1,20.975825786590576
-0.08,1,20.99182939529419
-0.11,1,21.008833169937134
-0.16,1,21.025836944580078
-0.21,1,21.042521715164185
-0.28,1,21.05952501296997
-0.28,1,21.076528787612915
-0.35,1,21.09353256225586
-0.44,1,21.10953640937805
-0.53,0,21.126540184020996
-0.64,0,21.143049240112305
-0.75,0,21.16005253791809
-0.75,0,21.176056146621704
-0.87,0,21.19305992126465
-1.01,0,21.210063934326172
-1.14,0,21.227067708969116
-1.27,0,21.243590116500854
-1.4,0,21.26059317588806
-1.4,0,21.276597023010254
-1.55,0,21.293601036071777
-1.7,0,21.31060481071472
-1.87,0,21.327608585357666
-2.04,0,21.343612670898438
-2.21,0,21.360616207122803
-2.21,0,21.377619981765747
-2.41,-1,21.39462375640869
-2.61,-1,21.411627292633057
-2.82,-1,21.428630828857422
-3.04,-1,21.445634603500366
-3.26,-1,21.461638927459717
-3.26,-1,21.47764229774475
-3.51,-1,21.494646310806274
-3.75,-1,21.51164960861206
-3.99,-1,21.528654098510742
-4.25,-1,21.54565739631653
-4.51,-1,21.562660932540894
0.0,1,21.78735637664795
0.0,1,21.80336093902588
0.01,1,21.820364713668823
0.01,1,21.837368488311768
0.02,1,21.854371547698975
0.05,1,21.870376348495483
0.08,1,21.88737916946411
0.12,1,21.904382944107056
0.16,1,21.921387434005737
0.16,1,21.93839120864868
0.2,1,21.955394983291626
0.24,1,21.97239899635315
0.28,1,21.989402770996094
0.32,1,22.00640630722046
0.37,1,22.02241039276123
0.37,1,22.03941321372986
0.42,1,22.05641770362854
0.46,1,22.072421550750732
0.5,0,22.089425086975098
0.53,0,22.10642910003662
0.57,0,22.12343192100525
0.6,0,22.139943599700928
0.6,0,22.156452178955078
0.65,0,22.17345643043518
0.7,0,22.190460205078125
0.75,0,22.20746421813965
0.82,0,22.224467992782593
0.89,0,22.240471363067627
0.89,0,22.257476091384888
0.97,0,22.274478912353516
1.05,0,22.29148292541504
1.14,0,22.30748677253723
1.22,0,22.324490547180176
1.31,0,22.341493844985962
1.31,0,22.358498096466064
1.41,0,22.37550163269043
1.51,0,22.392505407333374
1.6,0,22.409510135650635
1.7,0,22.426514625549316
1.78,0,22.443517446517944
1.86,0,22.46052074432373
1.86,0,22.477524995803833
1.93,0,22.49452829360962
2.0,-1,22.511532306671143
2.06,-1,22.528536081314087
2.12,-1,22.54554033279419
2.17,-1,22.562543630599976
2.21,-1,22.579547882080078
2.21,-1,22.59655237197876
2.25,-1,22.61365795135498
2.29,-1,22.62955904006958
2.33,-1,22.64641547203064
2.37,-1,22.663419246673584
2.41,-1,22.68042254447937
2.41,-1,22.696426391601562
2.44,-1,22.713733434677124
2.46,-1,22.73043417930603
2.48,-1,22.747437715530396
2.49,-1,22.76444125175476
2.49,-1,22.781444787979126
2.49,-1,22.79844880104065
2.47,-1,22.815452814102173
2.45,-1,22.831456661224365
2.42,-1,22.84845995903015
2.38,-1,22.865464210510254
2.33,-1,22.881922483444214
2.33,-1,22.898932218551636
2.26,-1,22.91592240333557
0.0,1,23.15452790260315
0.01,1,23.171825885772705
0.02,1,23.187777757644653
0.05,1,23.204437255859375
0.08,1,23.221441984176636
0.08,1,23.238445043563843
0.13,1,23.255449771881104
0.18,1,23.27245259284973
0.25,1,23.288456201553345
0.32,1,23.305460214614868
0.4,1,23.32246470451355
0.4,1,23.338972330093384
0.5,1,23.355976104736328
0.59,0,23.37298035621643
0.7,0,23.38993501663208
0.81,0,23.406939029693604
0.93,0,23.423943281173706
1.06,0,23.440478563308716
1.06,0,23.45748257637024
1.2,0,23.474159002304077
1.34,0,23.49116349220276
1.49,0,23.508167505264282
1.64,0,23.525171041488647
1.8,0,23.542174816131592
1.8,0,23.559178590774536
1.98,0,23.576183319091797
2.16,0,23.593186616897583
2.36,-1,23.61018967628479
2.56,-1,23.627193927764893
2.76,-1,23.643197536468506
2.98,-1,23.66020154953003
2.98,-1,23.676204681396484
3.21,-1,23.694209098815918
3.44,-1,23.71021294593811
3.67,-1,23.727216243743896
3.91,-1,23.743831157684326
4.14,-1,23.760834217071533
4.14,-1,23.777377367019653
4.39,-1,23.79438042640686
4.64,-1,23.81138515472412
0.0,1,24.043527603149414
0.0,1,24.06053066253662
0.0,1,24.077534914016724
0.02,1,24.09453821182251
0.04,1,24.11154556274414
0.08,1,24.127549171447754
0.12,1,24.144553184509277
0.16,1,24.16155695915222
0.16,1,24.177560567855835
0.2,1,24.194565534591675
0.25,1,24.211568355560303
0.3,1,24.228572130203247
0.36,1,24.24457621574402
0.43,1,24.261579513549805
0.43,1,24.278583526611328
0.49,1,24.295397996902466
0.55,0,24.31240153312683
0.62,0,24.329406023025513
0.7,0,24.34713912010193
0.78,0,24.363867044448853
0.87,0,24.38041615486145
0.87,0,24.397194385528564
0.96,0,24.413434982299805
1.05,0,24.430438995361328
1.14,0,24.447442770004272
1.23,0,24.46444582939148
1.33,0,24.481441020965576
1.33,0,24.498390913009644
1.45,0,24.515395641326904
1.58,0,24.532398462295532
1.71,0,24.548402070999146
1.84,0,24.56540560722351
1.96,0,24.58192205429077
1.96,0,24.5989191532135
2.1,0,24.61592388153076
2.25,-1,24.633081912994385
2.41,-1,24.65008521080017
2.56,-1,24.667089700698853
2.72,-1,24.684093713760376
2.87,-1,24.701097011566162
2.87,-1,24.718101024627686
3.04,-1,24.73510479927063
3.21,-1,24.75128984451294
3.38,-1,24.76829433441162
3.56,-1,24.78529715538025
3.74,-1,24.802302360534668
3.74,-1,24.819305181503296
3.93,-1,24.836310625076294
4.12,-1,24.853312730789185
4.32,-1,24.870316982269287
0.0,1,25.09939956665039
0.0,1,25.116516590118408
0.01,1,25.13352131843567
0.03,1,25.150525331497192
0.05,1,25.167530059814453
0.08,1,25.184532403945923
0.12,1,25.201536893844604
0.12,1,25.21854066848755
0.16,1,25.235544443130493
0.21,1,25.25254774093628
0.25,1,25.26855182647705
0.31,1,25.285555601119995
0.37,1,25.30255937576294
0.37,1,25.319276332855225
0.45,1,25.335784196853638
0.53,0,25.35229253768921
0.61,0,25.36929678916931
0.71,0,25.38629937171936
0.81,0,25.403303146362305
0.91,0,25.42030668258667
0.91,0,25.43731117248535
1.03,0,25.45431423187256
1.15,0,25.47031831741333
1.29,0,25.487322092056274
1.43,0,25.50432562828064
1.57,0,25.521329879760742
1.57,0,25.538334131240845
1.74,0,25.55533719062805
1.91,0,25.572341442108154
2.09,0,25.58934473991394
2.27,-1,25.606349229812622
2.46,-1,25.62335181236267
2.65,-1,25.640355825424194
2.65,-1,25.657359838485718
2.85,-1,25.67436408996582
3.05,-1,25.691368341445923
3.27,-1,25.707371950149536
3.49,-1,25.72437572479248
3.73,-1,25.741379499435425
3.73,-1,25.757383823394775
3.96,-1,25.77438712120056
4.21,-1,25.790900230407715
4.46,-1,25.8079035282135
0.0,1,26.032979249954224
0.0,1,26.050287008285522
0.01,1,26.066795110702515
0.02,1,26.083816051483154
0.03,1,26.100855588912964
0.03,1,26.11786413192749
0.06,1,26.134400606155396
0.09,1,26.15160036087036
0.13,1,26.168607473373413
0.18,1,26.185465335845947
0.22,1,26.202471256256104
0.27,1,26.219475984573364
0.27,1,26.23547911643982
0.34,1,26.252517461776733
0.42,1,26.269521236419678
0.5,1,26.286524534225464
0.59,0,26.303300380706787
0.69,0,26.320303916931152
0.69,0,26.336307764053345
0.81,0,26.353496313095093
0.93,0,26.370500087738037
1.05,0,26.387503623962402
1.18,0,26.404508352279663
1.32,0,26.421513080596924
1.32,0,26.437514781951904
1.45,0,26.454519271850586
1.6,0,26.471523761749268
1.75,0,26.488526344299316
1.91,0,26.50552988052368
2.06,0,26.522534370422363
2.2,-1,26.53953766822815
2.2,-1,26.556541204452515
2.35,-1,26.573545455932617
2.48,-1,26.59054923057556
2.63,-1,26.607553958892822
2.78,-1,26.623557090759277
2.93,-1,26.640560388565063
2.93,-1,26.657564163208008
3.1,-1,26.67456817626953
3.28,-1,26.690571784973145
3.47,-1,26.707575798034668
3.66,-1,26.724579572677612
3.86,-1,26.74160623550415
3.86,-1,26.757609128952026
4.08,-1,26.77461266517639
4.31,-1,26.7916157245636
0.0,1,27.070127487182617
0.01,1,27.08713150024414
0.02,1,27.104135036468506
0.05,1,27.12113904953003
0.05,1,27.137770891189575
0.08,1,27.1544828414917
0.12,1,27.171486377716064
0.16,1,27.18848991394043
0.21,1,27.205494165420532
0.27,1,27.222498178482056
0.32,1,27.23950171470642
0.32,1,27.256505250930786
0.38,1,27.273509979248047
0.45,1,27.289512157440186
0.51,0,27.306516647338867
0.58,0,27.32352066040039
0.64,0,27.340027809143066
0.64,0,27.357032537460327
0.72,0,27.374035596847534
0.79,0,27.390634775161743
0.87,0,27.407639026641846
0.96,0,27.424657821655273
1.05,0,27.441661834716797
1.05,0,27.45766544342041
1.14,0,27.475669384002686
1.23,0,27.491673231124878
1.33,0,27.508676528930664
1.43,0,27.525680780410767
1.53,0,27.542684316635132
1.53,0,27.558687925338745
1.64,0,27.57569193840027
1.74,0,27.593199729919434
1.85,0,27.610203981399536
1.96,0,27.62720775604248
2.08,0,27.643807411193848
2.2,-1,27.660810470581055
2.2,-1,27.676814079284668
2.34,-1,27.693854570388794
2.47,-1,27.710362195968628
2.61,-1,27.727365970611572
2.75,-1,27.744369506835938
2.89,-1,27.76137399673462
2.89,-1,27.778377294540405
3.03,-1,27.79488515853882
3.18,-1,27.811889171600342
3.31,-1,27.828892707824707
3.45,-1,27.845898151397705
3.6,-1,27.862901210784912
3.74,-1,27.879520654678345
3.74,-1,27.895524501800537
3.89,-1,27.91352868080139
4.04,-1,27.929531812667847
0.0,1,28.158754587173462
0.01,1,28.17575764656067
0.02,1,28.192761659622192
0.05,1,28.210270643234253
0.08,1,28.227274179458618
0.12,1,28.24378275871277
0.17,1,28.260786771774292
0.17,1,28.277790546417236
0.23,1,28.2947940826416
0.3,1,28.311798095703125
0.37,1,28.32880210876465
0.45,1,28.345805883407593
0.54,0,28.362809419631958
0.54,0,28.37881326675415
0.65,0,28.395817518234253
0.76,0,28.41282081604004
0.89,0,28.429824352264404
1.02,0,28.446828603744507
1.15,0,28.46413254737854
1.3,0,28.480949878692627
1.3,0,28.497514009475708
1.46,0,28.514045238494873
1.63,0,28.530847787857056
1.81,0,28.547850847244263
1.99,0,28.564855098724365
2.18,0,28.58185911178589
2.18,0,28.598862648010254
2.38,-1,28.615371704101562
2.59,-1,28.632376432418823
2.81,-1,28.64937925338745
3.04,-1,28.666383028030396
3.28,-1,28.68338704109192
3.52,-1,28.700390338897705
3.52,-1,28.71739411354065
3.78,-1,28.73439860343933
4.04,-1,28.750402212142944
4.29,-1,28.767406702041626
4.55,-1,28.784409999847412
0.0,1,29.0024676322937
0.0,1,29.01947021484375
0.0,1,29.03547430038452
-0.02,1,29.052478551864624
-0.03,1,29.06948161125183
-0.04,1,29.086485385894775
-0.04,1,29.103490114212036
-0.04,1,29.120493173599243
-0.04,1,29.13749670982361
-0.02,1,29.154500484466553
0.01,1,29.171504974365234
0.02,1,29.18850827217102
0.05,1,29.205512285232544
0.08,1,29.22251558303833
0.13,1,29.239519596099854
0.13,1,29.25652289390564
0.18,1,29.27352738380432
0.25,1,29.290034770965576
0.32,1,29.307039499282837
0.41,1,29.324043035507202
0.5,1,29.341046810150146
0.5,1,29.35805106163025
0.59,0,29.375054121017456
0.68,0,29.391563177108765
0.77,0,29.408525943756104
0.85,0,29.425529718399048
0.93,0,29.442052125930786
0.93,0,29.45905590057373
1.02,0,29.476059913635254
1.12,0,29.49206304550171
1.23,0,29.50906729698181
1.35,0,29.525575399398804
1.48,0,29.542580366134644
1.61,0,29.55958366394043
1.61,0,29.576586723327637
1.74,0,29.593592405319214
1.89,0,29.609594583511353
2.02,0,29.626598596572876
2.16,0,29.64310622215271
2.29,-1,29.660109996795654
2.29,-1,29.676113843917847
2.44,-1,29.693745851516724
2.6,-1,29.71074914932251
2.76,-1,29.727752685546875
2.93,-1,29.744297742843628
3.1,-1,29.761304140090942
3.1,-1,29.778308868408203
3.27,-1,29.795312643051147
3.44,-1,29.812316179275513
3.6,-1,29.829320430755615
3.75,-1,29.8463237285614
3.91,-1,29.863327264785767
4.07,-1,29.88033103942871
4.07,-1,29.897475242614746
4.21,-1,29.914339065551758
0.0,1,30.14989924430847
0.0,1,30.166926383972168
-0.01,1,30.183929920196533
-0.02,1,30.200933694839478
-0.02,1,30.216938018798828
-0.04,1,30.233941316604614
-0.06,1,30.250980377197266
-0.08,1,30.266967058181763
-0.1,1,30.284087657928467
-0.13,1,30.300604343414307
-0.13,1,30.317601919174194
-0.16,1,30.334605932235718
-0.18,1,30.351608991622925
-0.19,1,30.367612838745117
-0.21,1,30.38461685180664
-0.22,1,30.401648998260498
-0.22,1,30.418652534484863
-0.21,1,30.435656309127808
-0.2,1,30.452659845352173
-0.19,1,30.469663619995117
-0.17,1,30.48666763305664
-0.14,1,30.50357460975647
-0.11,1,30.520578622817993
-0.11,1,30.537582397460938
-0.08,1,30.55458688735962
-0.06,1,30.571590662002563
-0.04,1,30.58859372138977
-0.03,1,30.604649782180786
-0.02,1,30.621654272079468
-0.02,1,30.638657331466675
-0.02,1,30.65566110610962
-0.02,1,30.67166495323181
-0.02,1,30.688668727874756
-0.03,1,30.705575227737427
-0.05,1,30.722582817077637
-0.07,1,30.73958659172058
-0.07,1,30.756283044815063
-0.09,1,30.773287057876587
-0.12,1,30.789568662643433
-0.16,1,30.806572198867798
-0.19,1,30.82357621192932
-0.22,1,30.840579509735107
-0.22,1,30.856583833694458
-0.26,1,30.874292612075806
-0.3,1,30.890295267105103
-0.35,1,30.907299041748047
-0.4,0,30.924304008483887
-0.45,0,30.941307306289673
-0.45,0,30.958311319351196
-0.5,0,30.97531509399414
-0.55,0,30.99131941795349
-0.59,0,31.00832223892212
-0.63,0,31.025326013565063
-0.66,0,31.042330265045166
-0.66,0,31.05933403968811
-0.68,0,31.07633686065674
-0.7,0,31.093341588974
-0.73,0,31.109345197677612
-0.75,0,31.126348733901978
-0.77,0,31.1433527469635
-0.79,0,31.160355806350708
-0.79,0,31.17736029624939
-0.8,0,31.194364309310913
-0.81,0,31.211368799209595
-0.83,0,31.228371381759644
-0.84,0,31.244375467300415
-0.86,0,31.261380434036255
-0.86,0,31.277382850646973
-0.86,0,31.294386863708496
-0.87,0,31.31139087677002
-0.88,0,31.328394174575806
-0.91,0,31.345398426055908
-0.92,0,31.361406564712524
-0.92,0,31.37840962409973
-0.92,0,31.395413637161255
-0.93,0,31.41241765022278
-0.93,0,31.429421186447144
-0.93,0,31.445424795150757
-0.92,0,31.4624285697937
-0.92,0,31.479432821273804
-0.92,0,31.49643611907959
-0.9,0,31.512439727783203
-0.88,0,31.529444456100464
-0.85,0,31.54644751548767
-0.81,0,31.563451528549194
-0.77,0,31.58045506477356
-0.77,0,31.59645938873291
-0.72,0,31.614462852478027
-0.68,0,31.63046622276306
-0.63,0,31.647799491882324
-0.58,0,31.664474487304688
-0.53,0,31.681478023529053
-0.53,0,31.698481798171997
-0.48,0,31.71548581123352
-0.44,0,31.732489585876465
-0.39,0,31.748493194580078
-0.33,-1,31.7654972076416
-0.28,-1,31.782501220703125
-0.22,-1,31.799504280090332
-0.22,-1,31.816508769989014
-0.14,-1,31.833791494369507
-0.05,-1,31.85029911994934
0.04,-1,31.866292476654053
0.14,-1,31.88329577445984
0.25,-1,31.900299787521362
0.25,-1,31.917365312576294
0.35,-1,31.93436884880066
0.45,-1,31.951372623443604
0.55,-1,31.968379020690918
0.64,-1,31.985382795333862
0.72,-1,32.00238871574402
0.72,-1,32.019392251968384
0.81,-1,32.03689956665039
0.9,-1,32.05340838432312
0.98,-1,32.07041263580322
1.06,-1,32.08741617202759
1.13,-1,32.10442352294922
1.2,-1,32.121426820755005
1.2,-1,32.137431144714355
1.26,-1,32.15443515777588
1.32,-1,32.171977043151855
1.38,-1,32.18898057937622
1.43,-1,32.205491065979004
1.47,-1,32.22249507904053
1.52,-1,32.23949861526489
1.52,-1,32.256505489349365
1.56,-1,32.27350854873657
1.6,-1,32.289512157440186
1.63,-1,32.30651664733887
1.66,-1,32.323519468307495
1.68,-1,32.34002923965454
1.68,-1,32.35753798484802
1.7,-1,32.37454104423523
0.0,1,32.615469217300415
0.01,1,32.63198399543762
0.02,1,32.64898228645325
0.05,1,32.66598629951477
0.08,1,32.682496309280396
0.12,1,32.69950199127197
0.12,1,32.716506004333496
0.18,1,32.73351001739502
0.24,1,32.75022745132446
0.31,1,32.76723122596741
0.39,1,32.78423595428467
0.46,1,32.80173873901367
0.46,1,32.818758487701416
0.55,0,32.8357617855072
0.65,0,32.85182189941406
0.75,0,32.86882472038269
0.86,0,32.8858597278595
0.98,0,32.90287756919861
1.11,0,32.91989517211914
1.11,0,32.93689942359924
1.26,0,32.95390295982361
1.41,0,32.97093343734741
1.57,0,32.986944913864136
1.74,0,33.00394892692566
1.91,0,33.02095293998718
1.91,0,33.03797197341919
2.09,0,33.054481744766235
2.26,-1,33.07148885726929
2.44,-1,33.08814072608948
2.63,-1,33.10468029975891
2.82,-1,33.12168478965759
2.82,-1,33.13870143890381
3.04,-1,33.15570592880249
3.26,-1,33.172709465026855
3.48,-1,33.188727140426636
3.72,-1,33.20574903488159
3.96,-1,33.22275233268738
3.96,-1,33.23875665664673
4.22,-1,33.255759954452515
4.49,-1,33.27276372909546
0.0,1,33.50495719909668
0.0,1,33.52196145057678
0.0,1,33.538965463638306
-0.02,1,33.55596995353699
-0.03,1,33.572972536087036
-0.05,1,33.5899772644043
-0.06,1,33.606980323791504
-0.08,1,33.623984575271606
-0.1,1,33.64098787307739
-0.1,1,33.657984256744385
-0.12,1,33.67498970031738
-0.12,1,33.69199228286743
-0.12,1,33.708011627197266
-0.12,1,33.72501516342163
-0.11,1,33.742018938064575
-0.11,1,33.75902318954468
-0.1,1,33.776026487350464
-0.1,1,33.792030334472656
-0.09,1,33.80903387069702
-0.07,1,33.826037883758545
-0.05,1,33.84304165840149
-0.03,1,33.86004590988159
-0.03,1,33.87704944610596
-0.02,1,33.89405298233032
-0.02,1,33.910561323165894
-0.03,1,33.927565574645996
-0.04,1,33.94408965110779
-0.07,1,33.96109342575073
-0.07,1,33.978097438812256
-0.11,1,33.99510169029236
-0.14,1,34.01161050796509
-0.18,1,34.02861475944519
-0.23,1,34.0451545715332
-0.28,1,34.06215858459473
-0.28,1,34.0781626701355
-0.36,1,34.09516763687134
-0.44,1,34.11267924308777
-0.52,0,34.129682540893555
-0.6,0,34.14668655395508
-0.69,0,34.16330122947693
-0.79,0,34.18083882331848
-0.79,0,34.19730877876282
-0.9,0,34.21444773674011
-1.02,0,34.23182773590088
-1.15,0,34.248337745666504
-1.28,0,34.26534104347229
-1.43,0,34.28234553337097
-1.43,0,34.29934859275818
-1.59,0,34.316351890563965
-1.76,0,34.33335614204407
-1.93,0,34.34935975074768
-2.12,0,34.366363525390625
-2.31,-1,34.38336777687073
-2.31,-1,34.39937138557434
-2.5,-1,34.416375160217285
-2.69,-1,34.43337869644165
-2.87,-1,34.449382066726685
-3.04,-1,34.46638631820679
-3.22,-1,34.48339009284973
-3.41,-1,34.50040864944458
-3.41,-1,34.5167350769043
-3.58,-1,34.53374004364014
-3.76,-1,34.55074429512024
-3.95,-1,34.56774711608887
-4.14,-1,34.58475136756897
0.0,1,34.8972589969635
-0.01,1,34.914262771606445
-0.02,1,34.93128037452698
-0.05,1,34.948283672332764
-0.08,1,34.96428823471069
-0.12,1,34.98136782646179
-0.12,1,34.99821925163269
-0.18,1,35.01545286178589
-0.24,1,35.03144931793213
-0.31,1,35.04845380783081
-0.39,1,35.06601691246033
-0.46,1,35.08252549171448
-0.54,0,35.09952974319458
-0.54,0,35.11553335189819
-0.64,0,35.13353776931763
-0.74,0,35.14954113960266
-0.84,0,35.166544914245605
-0.96,0,35.18354821205139
-1.08,0,35.20056629180908
-1.08,0,35.21755909919739
-1.22,0,35.23456263542175
-1.37,0,35.250582456588745
-1.53,0,35.26757740974426
-1.69,0,35.284581422805786
-1.86,0,35.30158710479736
-1.86,0,35.31874346733093
-2.04,0,35.33574724197388
-2.22,0,35.35228753089905
-2.4,-1,35.369290828704834
-2.6,-1,35.386295557022095
-2.8,-1,35.403300762176514
-3.01,-1,35.42021942138672
-3.01,-1,35.43722367286682
-3.22,-1,35.45422697067261
-3.44,-1,35.470802783966064
-3.65,-1,35.48780703544617
-3.86,-1,35.50477647781372
-4.08,-1,35.52178144454956
-4.08,-1,35.53778409957886
-4.3,-1,35.55478811264038
-4.51,-1,35.57179307937622
0.0,1,35.80559825897217
0.0,1,35.82260727882385
0.0,1,35.839115858078
-0.02,1,35.85592985153198
-0.05,1,35.87294793128967
-0.09,1,35.89053440093994
-0.13,1,35.907042264938354
-0.18,1,35.924046754837036
-0.24,1,35.94105005264282
-0.24,1,35.957053661346436
-0.32,1,35.97405743598938
-0.4,1,35.99056649208069
-0.5,1,36.007569551467896
-0.6,0,36.02434539794922
-0.7,0,36.0413498878479
-0.7,0,36.05835270881653
-0.82,0,36.07535672187805
-0.95,0,36.0913610458374
-1.09,0,36.10836434364319
-1.23,0,36.125367641448975
-1.38,0,36.142372369766235
-1.38,0,36.15937519073486
-1.55,0,36.176379442214966
-1.7,0,36.19338345527649
-1.87,0,36.210387229919434
-2.04,0,36.22739100456238
-2.21,0,36.24439477920532
-2.4,-1,36.261399269104004
-2.4,-1,36.27840304374695
-2.58,-1,36.295406341552734
-2.76,-1,36.311410665512085
-2.94,-1,36.32841372489929
-3.12,-1,36.345417976379395
-3.3,-1,36.36242151260376
-3.3,-1,36.378424882888794
-3.48,-1,36.396430015563965
-3.67,-1,36.41243243217468
-3.84,-1,36.429436445236206
-4.01,-1,36.44644093513489
-4.18,-1,36.46344447135925
-4.33,-1,36.48044776916504
0.0,1,36.753411054611206
0.01,1,36.77041506767273
0.02,1,36.78741979598999
0.05,1,36.80442261695862
0.06,1,36.82142639160156
0.06,1,36.83842992782593
0.06,1,36.85543441772461
0.07,1,36.871437311172485
0.06,1,36.88844132423401
0.05,1,36.90544533729553
0.03,1,36.922449588775635
0.03,1,36.93945336341858
0.0,1,36.956456422805786
-0.03,1,36.97346115112305
-0.07,1,36.99046468734741
-0.11,1,37.007468938827515
-0.16,1,37.0244722366333
-0.22,1,37.0414764881134
-0.22,1,37.05847978591919
-0.27,1,37.07548403739929
-0.3,1,37.091487646102905
-0.33,1,37.10849142074585
-0.35,1,37.125495195388794
-0.38,1,37.14249920845032
-0.42,1,37.15950322151184
-0.42,1,37.175506591796875
-0.44,1,37.19351053237915
-0.45,1,37.210514068603516
-0.45,1,37.226518392562866
-0.46,1,37.24352169036865
-0.48,1,37.260525703430176
-0.48,1,37.27754187583923
-0.5,0,37.29454565048218
-0.52,0,37.311554193496704
-0.54,0,37.32855749130249
-0.55,0,37.345561027526855
-0.55,0,37.36256432533264
-0.55,0,37.378567695617676
-0.55,0,37.39557194709778
-0.56,0,37.41257572174072
-0.58,0,37.42957949638367
-0.59,0,37.4455840587616
-0.6,0,37.462587118148804
-0.6,0,37.47959089279175
-0.6,0,37.49659490585327
-0.6,0,37.51359820365906
-0.59,0,37.530601978302
-0.57,0,37.54777789115906
-0.55,0,37.56468152999878
-0.53,0,37.58168625831604
-0.53,0,37.598689556121826
-0.53,0,37.61569285392761
-0.54,0,37.632696866989136
-0.54,0,37.6502320766449
-0.54,0,37.66622853279114
-0.54,0,37.683231830596924
-0.53,0,37.70023536682129
-0.53,0,37.71723914146423
-0.52,0,37.7342426776886
-0.52,0,37.75124669075012
-0.53,0,37.768250465393066
-0.55,0,37.78525424003601
-0.57,0,37.802260637283325
-0.57,0,37.81926441192627
-0.6,0,37.836267948150635
-0.63,0,37.852272033691406
-0.67,0,37.86927580833435
-0.71,0,37.886279582977295
-0.75,0,37.90328669548035
-0.79,0,37.920289754867554
-0.79,0,37.9372935295105
-0.82,0,37.95429801940918
-0.86,0,37.9713020324707
-0.91,0,37.987305641174316
-0.97,0,38.00430941581726
-1.02,0,38.021313190460205
-1.02,0,38.03831624984741
-1.08,0,38.05532145500183
-1.14,0,38.07205247879028
-1.22,-1,38.089056730270386
-1.3,-1,38.10606002807617
-1.39,-1,38.12306332588196
-1.48,-1,38.14006853103638
-1.48,-1,38.15707612037659
-1.56,-1,38.174081325531006
-1.65,-1,38.19108271598816
-1.75,-1,38.20708656311035
-1.84,-1,38.224090814590454
-1.93,-1,38.24097752571106
-1.93,-1,38.257577657699585
-2.01,-1,38.27458143234253
-2.09,-1,38.291585206985474
-2.18,-1,38.308589220047
-2.28,-1,38.3255934715271
-2.39,-1,38.342596769332886
-2.39,-1,38.35851311683655
-2.5,-1,38.37653040885925
-2.62,-1,38.392534255981445
0.0,1,38.6519980430603
0.01,1,38.669002294540405
0.02,1,38.68600606918335
0.05,1,38.70251512527466
0.07,1,38.719518423080444
0.07,1,38.736522912979126
0.09,1,38.75352621078491
0.12,1,38.770529985427856
0.16,1,38.78703784942627
0.2,1,38.80454659461975
0.23,1,38.82155251502991
0.23,1,38.83855748176575
0.28,1,38.85555982589722
0.32,1,38.8725643157959
0.36,1,38.88924789428711
0.4,1,38.90624284744263
0.43,1,38.92324686050415
0.46,1,38.940250873565674
0.46,1,38.95625424385071
0.49,0,38.97425818443298
0.52,0,38.9902617931366
0.54,0,39.00726556777954
0.56,0,39.024269580841064
0.58,0,39.04127383232117
0.58,0,39.057939767837524
0.59,0,39.07494330406189
0.59,0,39.09094762802124
0.59,0,39.10797667503357
0.6,0,39.124980449676514
0.62,0,39.141984939575195
0.62,0,39.15900468826294
0.65,0,39.17602181434631
0.69,0,39.19204044342041
0.74,0,39.209044218063354
0.79,0,39.22604751586914
0.86,0,39.24255657196045
0.93,0,39.259560346603394
0.93,0,39.27656412124634
1.02,0,39.29356813430786
1.11,0,39.309571504592896
1.22,0,39.326575756073
1.32,0,39.343579053878784
1.41,0,39.36058306694031
1.41,0,39.37758708000183
1.5,0,39.394590616226196
1.6,0,39.4115948677063
1.69,0,39.428598403930664
1.78,0,39.44560170173645
1.86,0,39.462605714797974
1.86,0,39.478609800338745
1.94,-1,39.49561309814453
2.02,-1,39.512616872787476
2.1,-1,39.529620885849
2.16,-1,39.54664993286133
2.22,-1,39.5633020401001
2.28,-1,39.580304861068726
2.28,-1,39.59730863571167
2.35,-1,39.61431288719177
2.43,-1,39.631317138671875
2.5,-1,39.647826194763184
2.58,-1,39.66478753089905
2.67,-1,39.681556701660156
2.67,-1,39.69806957244873
2.76,-1,39.71482038497925
2.86,-1,39.73135018348694
2.94,-1,39.74835443496704
3.03,-1,39.76536226272583
3.12,-1,39.782365798950195
3.12,-1,39.79936957359314
3.2,-1,39.81580090522766
0.0,1,40.060906648635864
0.0,1,40.07791018486023
0.02,1,40.094913959503174
0.04,1,40.11092257499695
0.07,1,40.12792634963989
0.11,1,40.14492964744568
0.16,1,40.16093349456787
0.16,1,40.177937269210815
0.22,1,40.19494152069092
0.3,1,40.21194529533386
0.38,1,40.228949308395386
0.46,1,40.24595236778259
0.56,0,40.262956380844116
0.66,0,40.2799596786499
0.66,0,40.296963691711426
0.77,0,40.31398868560791
0.88,0,40.329992055892944
1.0,0,40.347009897232056
1.12,0,40.36401391029358
1.25,0,40.38001894950867
1.25,0,40.397021532058716
1.39,0,40.4140841960907
1.54,0,40.43008804321289
1.7,0,40.447091579437256
1.87,0,40.46477198600769
2.05,0,40.481098890304565
2.05,0,40.49811768531799
2.22,0,40.515140771865845
2.4,-1,40.53214478492737
2.58,-1,40.54914832115173
2.76,-1,40.56617093086243
2.96,-1,40.583030462265015
3.16,-1,40.60003447532654
3.16,-1,40.61610460281372
3.38,-1,40.63318419456482
3.61,-1,40.650169372558594
3.85,-1,40.667349100112915
4.09,-1,40.68422818183899
4.34,-1,40.701462268829346
4.34,-1,40.71844506263733
4.61,-1,40.735448598861694
0.0,1,40.962504386901855
0.01,1,40.9795081615448
0.01,1,40.99631309509277
0.03,1,41.01331615447998
0.05,1,41.030319929122925
0.07,1,41.04716110229492
0.1,1,41.06416416168213
0.14,1,41.08116817474365
0.14,1,41.098172426223755
0.18,1,41.11468434333801
0.22,1,41.131688356399536
0.26,1,41.14869284629822
0.3,1,41.165327072143555
0.35,1,41.182331562042236
0.35,1,41.19933462142944
0.41,1,41.21637487411499
0.47,1,41.23336124420166
0.53,0,41.25038146972656
0.6,0,41.26737308502197
0.67,0,41.28437662124634
0.75,0,41.30138039588928
0.75,0,41.31838393211365
0.83,0,41.33538746833801
0.91,0,41.35239219665527
1.0,0,41.36939573287964
1.1,0,41.38639950752258
1.2,0,41.40340328216553
1.3,0,41.42040705680847
1.3,0,41.437411069869995
1.41,0,41.45441460609436
1.52,0,41.471418619155884
1.63,0,41.48742198944092
1.74,0,41.50452899932861
1.87,0,41.521533489227295
1.87,0,41.53853631019592
1.99,0,41.55553984642029
2.12,-1,41.57154417037964
2.26,-1,41.58854794502258
2.4,-1,41.605337142944336
2.55,-1,41.62234115600586
2.55,-1,41.63934516906738
2.72,-1,41.656349420547485
2.87,-1,41.67335247993469
3.02,-1,41.69035601615906
3.16,-1,41.70736002922058
3.29,-1,41.724605321884155
3.42,-1,41.74060869216919
3.42,-1,41.757612466812134
3.54,-1,41.77461552619934
3.66,-1,41.79162049293518
3.78,-1,41.80744695663452
3.9,-1,41.82462167739868
0.0,1,42.08543395996094
0.0,1,42.10137581825256
0.0,1,42.118377923965454
0.01,1,42.13538193702698
0.02,1,42.15138578414917
0.04,1,42.168391704559326
0.06,1,42.18539595603943
0.07,1,42.202399492263794
0.07,1,42.21940541267395
0.07,1,42.236408948898315
0.08,1,42.25241303443909
0.1,1,42.2693076133728
0.12,1,42.28631114959717
0.14,1,42.30331492424011
0.15,1,42.32024526596069
0.15,1,42.336241483688354
0.15,1,42.35324549674988
0.15,1,42.370259523391724
0.15,1,42.3872549533844
0.16,1,42.4042592048645
0.16,1,42.42126441001892
0.16,1,42.4382688999176
0.17,1,42.45527219772339
0.17,1,42.47127890586853
0.18,1,42.488282918930054
0.19,1,42.50526809692383
0.19,1,42.52227282524109
0.19,1,42.539276361465454
0.18,1,42.55557680130005
0.17,1,42.57258129119873
0.15,1,42.589252948760986
0.14,1,42.60625648498535
0.11,1,42.623260736465454
0.1,1,42.6402645111084
0.1,1,42.65726852416992
0.06,1,42.674272298812866
0.03,1,42.691277742385864
0.0,1,42.708280086517334
-0.02,1,42.7252836227417
-0.05,1,42.742287158966064
-0.05,1,42.758291482925415
-0.08,1,42.77529549598694
-0.1,1,42.792298793792725
-0.12,1,42.80930233001709
-0.14,1,42.826306104660034
-0.17,1,42.84331011772156
-0.21,1,42.86031413078308
-0.21,1,42.876317739486694
-0.26,1,42.8933219909668
-0.31,1,42.910324811935425
-0.36,1,42.92732858657837
-0.4,1,42.94433379173279
-0.45,1,42.960336446762085
-0.45,1,42.97733998298645
-0.5,1,42.994343519210815
-0.55,1,43.01034760475159
-0.6,1,43.02735114097595
-0.65,1,43.044355154037476
-0.69,0,43.06135892868042
-0.69,0,43.078362703323364
-0.73,0,43.09536671638489
-0.77,0,43.11137080192566
-0.81,0,43.128374338150024
-0.85,0,43.14537811279297
-0.89,0,43.162381410598755
-0.89,0,43.178385734558105
-0.92,0,43.1963894367218
-0.97,0,43.21239399909973
-1.02,0,43.22939682006836
-1.07,0,43.246400356292725
-1.12,0,43.26340436935425
-1.18,0,43.28040814399719
-1.18,0,43.29741191864014
-1.26,0,43.314692735672
-1.34,0,43.331419944763184
-1.41,0,43.34842348098755
-1.48,0,43.36497497558594
-1.55,0,43.38172626495361
-1.55,0,43.39843416213989
-1.61,0,43.415122270584106
-1.67,0,43.43184208869934
-1.73,0,43.448846101760864
-1.79,0,43.46541619300842
-1.85,0,43.482420444488525
-1.85,0,43.49842405319214
-1.92,0,43.51542854309082
-1.98,0,43.53281354904175
-2.05,0,43.54981708526611
-2.13,-1,43.566401958465576
-2.21,-1,43.58340573310852
-2.31,-1,43.60042190551758
-2.31,-1,43.616416692733765
-2.42,-1,43.63342094421387
-2.53,-1,43.650423526763916
-2.66,-1,43.66742777824402
-2.78,-1,43.6844322681427
-2.92,-1,43.701435804367065
-2.92,-1,43.71743941307068
-3.06,-1,43.73467516899109
-3.22,-1,43.751683950424194
-3.38,-1,43.767685890197754
-3.56,-1,43.78468990325928
-3.72,-1,43.801698207855225
-3.72,-1,43.818700313568115
-3.91,-1,43.83529710769653
-4.08,-1,43.85230088233948
0.0,1,44.09542155265808
-0.01,1,44.112425088882446
-0.02,1,44.12942910194397
-0.04,1,44.146432638168335
-0.07,1,44.16243600845337
-0.07,1,44.179439544677734
-0.11,1,44.19644355773926
-0.15,1,44.21344804763794
-0.19,1,44.23045110702515
-0.24,1,44.247281312942505
-0.29,1,44.26428484916687
-0.34,1,44.281288862228394
-0.34,1,44.29812216758728
-0.4,1,44.3149619102478
-0.46,1,44.33196544647217
-0.53,0,44.34896945953369
-0.59,0,44.366065979003906
-0.64,0,44.38306999206543
-0.7,0,44.40007305145264
-0.7,0,44.41612672805786
-0.77,0,44.43313026428223
-0.85,0,44.45013451576233
-0.93,0,44.467138051986694
-1.01,0,44.48414325714111
-1.09,0,44.50114607810974
-1.09,0,44.518149852752686
-1.17,0,44.53515362739563
-1.24,0,44.552173137664795
-1.32,0,44.56917667388916
-1.39,0,44.58619570732117
-1.45,0,44.60319972038269
-1.52,0,44.6202027797699
-1.52,0,44.63720631599426
-1.59,0,44.654380559921265
-1.65,0,44.67139673233032
-1.71,0,44.68840312957764
-1.77,0,44.70540642738342
-1.83,0,44.72190237045288
-1.83,0,44.738906383514404
-1.88,0,44.75591039657593
-1.94,-1,44.7721107006073
-2.0,-1,44.78883743286133
-2.05,-1,44.80545973777771
-2.09,-1,44.82246232032776
-2.09,-1,44.83946633338928
-2.15,-1,44.85647130012512
-2.22,-1,44.87300753593445
-2.3,-1,44.89001107215881
-2.38,-1,44.90701484680176
-2.47,-1,44.92402243614197
-2.57,-1,44.94102621078491
-2.57,-1,44.95803236961365
-2.69,-1,44.97503685951233
-2.81,-1,44.99204134941101
-2.95,-1,45.0086624622345
-3.09,-1,45.02466583251953
-3.23,-1,45.041670083999634
-3.23,-1,45.058584213256836
-3.4,-1,45.07558798789978
-3.57,-1,45.09259247779846
0.0,1,45.31775617599487
0.0,1,45.33475947380066
-0.01,1,45.35176658630371
-0.02,1,45.368773460388184
-0.04,1,45.38577651977539
-0.06,1,45.40244245529175
-0.06,1,45.41944694519043
-0.09,1,45.43645167350769
-0.12,1,45.45245385169983
-0.16,1,45.4694709777832
-0.2,1,45.48647475242615
-0.24,1,45.50333547592163
-0.29,1,45.51933979988098
-0.29,1,45.536343574523926
-0.34,1,45.55334663391113
-0.4,1,45.56935095787048
-0.47,1,45.58635473251343
-0.54,0,45.60335874557495
-0.61,0,45.620362281799316
-0.61,0,45.63736629486084
-0.68,0,45.654369831085205
-0.74,0,45.6703736782074
-0.81,0,45.6873779296875
-0.86,0,45.70438098907471
-0.92,0,45.72138547897339
-0.92,0,45.73738932609558
-0.99,0,45.75539231300354
-1.06,0,45.77139616012573
-1.14,0,45.78839993476868
-1.21,0,45.8054039478302
-1.27,0,45.8224081993103
-1.27,0,45.83941102027893
-1.33,0,45.856415033340454
-1.4,0,45.87241888046265
-1.47,0,45.88942313194275
-1.55,0,45.906428813934326
-1.63,0,45.92343258857727
-1.71,0,45.940436363220215
-1.71,0,45.95744037628174
-1.81,0,45.97444438934326
-1.9,0,45.991448163986206
-2.0,-1,46.0083487033844
-2.11,-1,46.0253529548645
-2.21,-1,46.04235816001892
-2.21,-1,46.05936312675476
-2.33,-1,46.076367139816284
-2.45,-1,46.09337115287781
-2.57,-1,46.110373973846436
-2.7,-1,46.12737798690796
-2.83,-1,46.14438223838806
-2.97,-1,46.16140675544739
-2.97,-1,46.177410364151
-3.09,-1,46.194413900375366
-3.22,-1,46.21141791343689
-3.35,-1,46.228421449661255
-3.49,-1,46.2454252243042
-3.63,-1,46.262428998947144
-3.63,-1,46.27943277359009
-3.77,-1,46.29643654823303
0.0,1,46.54126000404358
0.0,1,46.55826377868652
0.0,1,46.575268268585205
-0.01,1,46.59227204322815
-0.02,1,46.60927486419678
-0.03,1,46.6262788772583
-0.05,1,46.64328336715698
-0.07,1,46.66028714179993
-0.07,1,46.67629075050354
-0.1,1,46.693294048309326
-0.13,1,46.71031165122986
-0.16,1,46.7273154258728
-0.18,1,46.74432039260864
-0.21,1,46.76132369041443
-0.21,1,46.778327226638794
-0.23,1,46.79533100128174
-0.25,1,46.81233501434326
-0.27,1,46.82933855056763
-0.3,1,46.84634232521057
-0.33,1,46.862346172332764
-0.33,1,46.87934994697571
-0.36,1,46.896355390548706
-0.39,1,46.91335844993591
-0.43,1,46.92936134338379
-0.46,1,46.946364641189575
-0.5,0,46.96336889266968
-0.54,0,46.98037314414978
-0.54,0,46.99737572669983
-0.57,0,47.01438021659851
-0.61,0,47.03154397010803
-0.64,0,47.04838824272156
-0.68,0,47.065391063690186
-0.72,0,47.081623554229736
-0.72,0,47.09839844703674
-0.76,0,47.11540222167969
-0.8,0,47.13240718841553
-0.86,0,47.14941048622131
-0.92,0,47.166414737701416
-1.0,0,47.18341827392578
-1.07,0,47.20042181015015
-1.07,0,47.21742582321167
-1.13,0,47.234429359436035
-1.21,0,47.25143313407898
-1.29,0,47.26843762397766
-1.37,0,47.28544092178345
-1.44,0,47.30244493484497
-1.44,0,47.319448947906494
-1.51,0,47.33645248413086
-1.57,0,47.35345649719238
-1.63,0,47.37046003341675
-1.68,0,47.38646364212036
-1.73,0,47.40346813201904
-1.78,0,47.420472383499146
-1.78,0,47.43747544288635
-1.82,-1,47.45448112487793
-1.86,-1,47.47048306465149
-1.9,-1,47.487486600875854
-1.95,-1,47.50449013710022
-2.0,-1,47.52149486541748
-2.0,-1,47.53849792480469
-2.05,-1,47.55550193786621
-2.09,-1,47.572505712509155
-2.12,-1,47.5895094871521
-2.16,-1,47.606513261795044
-2.21,-1,47.62351727485657
-2.25,-1,47.6395206451416
-2.25,-1,47.656524419784546
-2.31,-1,47.67352795600891
-2.37,-1,47.6895318031311
-2.43,-1,47.70653557777405
-2.5,-1,47.72353982925415
-2.57,-1,47.740543842315674
-2.57,-1,47.75621247291565
-2.62,-1,47.77421712875366
-2.67,-1,47.79122018814087
-2.72,-1,47.80822396278381
0.0,1,48.07642102241516
0.0,1,48.09405517578125
-0.01,1,48.111058950424194
-0.02,1,48.12806272506714
-0.03,1,48.14506649971008
-0.04,1,48.16107416152954
-0.04,1,48.17807745933533
-0.05,1,48.19508147239685
-0.07,1,48.211084842681885
-0.1,1,48.22808861732483
-0.12,1,48.24509239196777
-0.16,1,48.2620964050293
-0.16,1,48.27810049057007
-0.2,1,48.296104192733765
-0.24,1,48.312114000320435
-0.29,1,48.32911705970764
-0.33,1,48.3463351726532
-0.38,1,48.36234188079834
-0.38,1,48.379345655441284
-0.44,1,48.39642405509949
-0.49,1,48.413429737091064
-0.55,0,48.43043351173401
-0.6,0,48.44693112373352
-0.65,0,48.46406960487366
-0.71,0,48.48107385635376
-0.71,0,48.49778461456299
-0.78,0,48.514573097229004
-0.85,0,48.531907081604004
-0.93,0,48.548579931259155
-1.01,0,48.56558322906494
-1.1,0,48.58158850669861
-1.1,0,48.59859108924866
-1.19,0,48.6155948638916
-1.28,0,48.63189244270325
-1.38,0,48.64860200881958
-1.48,0,48.66560626029968
-1.58,0,48.68260979652405
-1.69,0,48.69961357116699
-1.69,0,48.71632409095764
-1.81,0,48.73332858085632
-1.93,0,48.75034427642822
-2.05,0,48.76733994483948
-2.18,-1,48.784342527389526
-2.3,-1,48.80134630203247
-2.3,-1,48.818350315093994
-2.43,-1,48.83535432815552
-2.55,-1,48.85235834121704
-2.66,-1,48.86936163902283
-2.78,-1,48.88636589050293
-2.9,-1,48.903371810913086
-3.02,-1,48.92037534713745
-3.02,-1,48.937379121780396
-3.14,-1,48.95438265800476
-3.27,-1,48.97038674354553
-3.41,-1,48.98739051818848
-3.55,-1,49.00439405441284
-3.68,-1,49.02139902114868
-3.68,-1,49.03840160369873
-3.81,-1,49.05540657043457
0.0,1,49.32146596908569
0.0,1,49.33746933937073
0.02,1,49.355473041534424
0.04,1,49.37247705459595
0.07,1,49.38948082923889
0.11,1,49.40648436546326
0.15,1,49.4234881401062
0.2,1,49.439491748809814
0.2,1,49.456496477127075
0.25,1,49.473499059677124
0.3,1,49.49050426483154
0.35,1,49.50750994682312
0.4,1,49.524513959884644
0.46,1,49.541518688201904
0.46,1,49.55852150917053
0.52,0,49.57552528381348
0.58,0,49.59152913093567
0.64,0,49.60853290557861
0.71,0,49.625537157058716
0.78,0,49.64254069328308
0.78,0,49.658544063568115
0.87,0,49.6755485534668
0.96,0,49.69255185127258
1.07,0,49.709556102752686
1.18,0,49.72655987739563
1.29,0,49.743563413619995
1.41,0,49.75956726074219
1.41,0,49.77657103538513
1.51,0,49.79357385635376
1.62,0,49.80957818031311
1.72,0,49.826581954956055
1.82,0,49.84358620643616
1.92,0,49.86058974266052
1.92,0,49.876593589782715
2.01,0,49.8935968875885
2.11,-1,49.910600423812866
2.21,-1,49.92760419845581
2.32,-1,49.944607973098755
2.43,-1,49.96161222457886
2.43,-1,49.97761631011963
2.54,-1,49.99462008476257
2.65,-1,50.0116240978241
2.75,-1,50.02862739562988
2.86,-1,50.04463076591492
2.98,-1,50.061633825302124
2.98,-1,50.07863759994507
3.1,-1,50.09564137458801
3.22,-1,50.112645864486694
3.33,-1,50.12964940071106
3.44,-1,50.14665341377258
3.56,-1,50.163676023483276
3.68,-1,50.18067979812622
3.68,-1,50.19768309593201
3.79,-1,50.21493196487427
0.0,1,50.47788190841675
0.01,1,50.49488592147827
0.02,1,50.511889696121216
0.05,1,50.52851748466492
0.08,1,50.54552125930786
0.12,1,50.562525272369385
0.17,1,50.57952904701233
0.17,1,50.59653282165527
0.23,1,50.61353921890259
0.29,1,50.62954354286194
0.35,1,50.646546602249146
0.41,1,50.66355061531067
0.48,1,50.68055462837219
0.48,1,50.69755816459656
0.57,0,50.71456217765808
0.67,0,50.730565786361694
0.77,0,50.74756932258606
0.88,0,50.76518154144287
0.99,0,50.78211259841919
0.99,0,50.798612117767334
1.1,0,50.81558418273926
1.22,0,50.83258843421936
1.35,0,50.849591970443726
1.48,0,50.86659598350525
1.61,0,50.88360023498535
1.75,0,50.90060353279114
1.75,0,50.91760778427124
1.87,0,50.934611082077026
2.0,0,50.95123362541199
2.13,0,50.96823740005493
2.26,-1,50.98524188995361
2.41,-1,51.002249240875244
2.41,-1,51.018277406692505
2.57,-1,51.03628420829773
2.74,-1,51.052356481552124
2.91,-1,51.06936001777649
3.08,-1,51.086363792419434
3.24,-1,51.10336780548096
3.4,-1,51.12037181854248
3.4,-1,51.13739252090454
3.55,-1,51.15444278717041
3.71,-1,51.170459508895874
3.86,-1,51.18745303153992
4.0,-1,51.20450210571289
4.15,-1,51.22150993347168
0.0,1,51.47822618484497
0.01,1,51.49523305892944
0.02,1,51.51223969459534
0.04,1,51.52924346923828
0.06,1,51.54631805419922
0.09,1,51.56332278251648
0.13,1,51.580326557159424
0.13,1,51.5970995426178
0.18,1,51.61418390274048
0.22,1,51.63118815422058
0.27,1,51.64819121360779
0.33,1,51.66439366340637
0.4,1,51.682048320770264
0.4,1,51.69840121269226
0.49,1,51.71545934677124
0.58,0,51.73231554031372
0.68,0,51.74931979179382
0.79,0,51.76557374000549
0.9,0,51.78247046470642
1.03,0,51.79947471618652
1.03,0,51.81647849082947
1.17,0,51.83348202705383
1.31,0,51.850486278533936
1.47,0,51.86683702468872
1.63,0,51.883973360061646
1.81,0,51.90097713470459
1.81,0,51.91793656349182
1.99,0,51.93495225906372
2.19,0,51.951956033706665
2.37,-1,51.96896004676819
2.56,-1,51.98589587211609
2.75,-1,52.002902030944824
2.93,-1,52.01998019218445
2.93,-1,52.03648805618286
3.11,-1,52.053492069244385
3.29,-1,52.07049608230591
3.47,-1,52.087058544158936
3.65,-1,52.10406255722046
3.83,-1,52.121065616607666
3.83,-1,52.13803482055664
3.99,-1,52.15754461288452
4.15,-1,52.17154884338379
4.31,-1,52.188552379608154
0.0,1,52.44561314582825
-0.01,1,52.46226620674133
-0.01,1,52.47926998138428
-0.01,1,52.49627614021301
-0.01,1,52.51327705383301
-0.01,1,52.5292809009552
0.0,1,52.546284675598145
0.01,1,52.56328845024109
0.02,1,52.58029246330261
0.02,1,52.597296714782715
0.03,1,52.61429977416992
0.05,1,52.631304025650024
0.07,1,52.64854407310486
0.09,1,52.664311170578
0.12,1,52.681315183639526
0.12,1,52.69831871986389
0.15,1,52.715322494506836
0.18,1,52.73232674598694
0.21,1,52.74933052062988
0.24,1,52.765334367752075
0.28,1,52.78233790397644
0.28,1,52.799341917037964
0.32,1,52.81634497642517
0.36,1,52.833348989486694
0.4,1,52.85035300254822
0.45,1,52.86635684967041
0.49,1,52.883360624313354
0.54,0,52.900365591049194
0.54,0,52.91636848449707
0.57,0,52.93337154388428
0.61,0,52.95037579536438
0.66,0,52.967379570007324
0.7,0,52.98438310623169
0.75,0,53.00138735771179
0.75,0,53.01839089393616
0.81,0,53.03539776802063
0.86,0,53.05140256881714
0.93,0,53.068408489227295
0.99,0,53.08541226387024
1.06,0,53.10141730308533
1.06,0,53.11802911758423
1.14,0,53.135032653808594
1.22,0,53.15155839920044
1.29,0,53.16856527328491
1.37,0,53.185569047927856
1.46,0,53.202587842941284
1.55,0,53.21959185600281
1.55,0,53.23659586906433
1.63,0,53.253600120544434
1.72,0,53.27012848854065
1.81,0,53.287132024765015
1.9,0,53.30413889884949
2.0,-1,53.32114267349243
2.0,-1,53.33814764022827
2.1,-1,53.35515379905701
2.21,-1,53.37215614318848
2.32,-1,53.38916063308716
2.43,-1,53.40579915046692
2.54,-1,53.42280292510986
2.64,-1,53.43980669975281
2.64,-1,53.45637392997742
2.76,-1,53.47337794303894
2.88,-1,53.49038124084473
3.0,-1,53.50639796257019
3.12,-1,53.52340221405029
3.24,-1,53.54040575027466
3.24,-1,53.55740976333618
3.38,-1,53.57441306114197
3.5,-1,53.59141707420349
3.62,-1,53.607420206069946
0.0,1,53.86647653579712
0.0,1,53.88348054885864
0.01,1,53.90068173408508
0.01,1,53.91648840904236
0.01,1,53.93349599838257
0.02,1,53.9502170085907
0.04,1,53.967212438583374
0.05,1,53.98421502113342
0.07,1,54.00121855735779
0.07,1,54.01823711395264
0.09,1,54.03522968292236
0.11,1,54.05123424530029
0.13,1,54.06823706626892
0.16,1,54.08524131774902
0.18,1,54.102245807647705
0.18,1,54.118273973464966
0.19,1,54.13625693321228
0.2,1,54.15226101875305
0.22,1,54.16908502578735
0.24,1,54.18563461303711
0.26,1,54.202638387680054
0.28,1,54.21964240074158
0.28,1,54.23664665222168
0.3,1,54.25366568565369
0.33,1,54.27067041397095
0.36,1,54.28767442703247
0.39,1,54.30469250679016
0.43,1,54.321697473526
0.43,1,54.33870077133179
0.46,1,54.35570430755615
0.49,0,54.37270784378052
0.52,0,54.389713287353516
0.55,0,54.40679097175598
0.59,0,54.423794746398926
0.63,0,54.44082307815552
0.63,0,54.45688056945801
0.67,0,54.473899364471436
0.71,0,54.49092698097229
0.75,0,54.506919860839844
0.79,0,54.52392363548279
0.83,0,54.54099225997925
0.83,0,54.55695033073425
0.86,0,54.5739541053772
0.9,0,54.59095764160156
0.92,0,54.607961893081665
0.95,0,54.62447428703308
0.99,0,54.641480684280396
0.99,0,54.65854477882385
1.02,0,54.6755473613739
1.06,0,54.69191908836365
1.1,0,54.708540201187134
1.14,0,54.72554421424866
1.19,0,54.74254775047302
1.19,0,54.758551359176636
1.24,0,54.775554895401
1.3,0,54.79255938529968
1.36,0,54.80956268310547
1.43,0,54.82656669616699
1.5,0,54.84357142448425
1.57,0,54.86057376861572
1.57,0,54.87757849693298
1.65,0,54.89458155632019
1.74,-1,54.91058540344238
1.83,-1,54.92758917808533
1.92,-1,54.94459319114685
2.02,-1,54.961596965789795
2.02,-1,54.97860050201416
2.13,-1,54.995607137680054
2.23,-1,55.01260852813721
2.34,-1,55.02961254119873
2.46,-1,55.046616077423096
2.57,-1,55.0636203289032
2.68,-1,55.080623388290405
2.68,-1,55.09762787818909
2.78,-1,55.11463212966919
2.87,-1,55.132041692733765
2.97,-1,55.14870476722717
3.08,-1,55.16564226150513
3.19,-1,55.18264627456665
0.0,1,55.43435192108154
-0.01,1,55.45087742805481
-0.02,1,55.46788191795349
-0.05,1,55.48488783836365
-0.08,1,55.501891136169434
-0.08,1,55.518895626068115
-0.13,1,55.53546357154846
-0.18,1,55.55248212814331
-0.25,1,55.56948685646057
-0.31,1,55.58648991584778
-0.38,1,55.6034939289093
-0.46,1,55.619497776031494
-0.46,1,55.63650155067444
-0.55,0,55.65350532531738
-0.64,0,55.669508934020996
-0.73,0,55.68651294708252
-0.83,0,55.70351696014404
-0.92,0,55.72052049636841
-0.92,0,55.737523794174194
-1.0,0,55.75452780723572
-1.07,0,55.77145195007324
-1.14,0,55.78744864463806
-1.19,0,55.80445170402527
-1.24,0,55.82145643234253
-1.24,0,55.838459968566895
-1.27,0,55.855464458465576
-1.3,0,55.87148118019104
-1.31,0,55.88847327232361
-1.32,0,55.90547704696655
-1.32,0,55.922481298446655
-1.31,0,55.93948483467102
-1.31,0,55.956488609313965
-1.29,0,55.97349667549133
-1.27,0,55.9905002117157
-1.25,0,56.00750374794006
-1.22,0,56.02450776100159
-1.19,0,56.04151201248169
-1.19,0,56.058515310287476
-1.15,0,56.07551884651184
-1.12,0,56.09152293205261
-1.07,0,56.10852599143982
-1.03,0,56.125529766082764
-0.98,0,56.1425347328186
-0.92,0,56.15953755378723
-0.92,0,56.175541639328
-0.87,0,56.19354796409607
-0.81,0,56.20956754684448
-0.76,0,56.22657132148743
-0.71,0,56.24357867240906
-0.65,0,56.26046442985535
-0.65,0,56.27746772766113
-0.59,0,56.29440641403198
-0.55,0,56.310410022735596
-0.51,0,56.32767581939697
-0.47,0,56.34505653381348
-0.44,0,56.36160635948181
-0.44,0,56.3786096572876
-0.41,0,56.39561319351196
-0.38,0,56.41261696815491
-0.36,0,56.42962050437927
-0.34,0,56.446335315704346
-0.33,0,56.46333932876587
-0.33,-1,56.48034310340881
-0.33,-1,56.497347593307495
-0.33,-1,56.5143506526947
-0.33,-1,56.53135418891907
-0.33,-1,56.54872012138367
-0.33,-1,56.565510749816895
-0.32,-1,56.58239030838013
-0.32,-1,56.59937047958374
-0.31,-1,56.61637330055237
-0.31,-1,56.63337779045105
-0.31,-1,56.650381326675415
-0.31,-1,56.66738510131836
-0.3,-1,56.68338871002197
-0.29,-1,56.700392723083496
-0.29,-1,56.71739912033081
-0.27,-1,56.73440337181091
-0.25,-1,56.75140619277954
-0.24,-1,56.76741337776184
-0.22,-1,56.78441786766052
-0.21,-1,56.80142045021057
-0.21,-1,56.818424701690674
-0.19,-1,56.83542847633362
-0.17,-1,56.85143232345581
-0.14,-1,56.86843538284302
-0.12,-1,56.8854398727417
0.0,1,57.13396215438843
-0.01,1,57.15096592903137
-0.02,1,57.16796898841858
-0.05,1,57.18497323989868
-0.08,1,57.201977014541626
-0.08,1,57.21898102760315
-0.13,1,57.23598504066467
-0.18,1,57.25298833847046
-0.25,1,57.26899266242981
-0.32,1,57.285995960235596
-0.4,1,57.30299973487854
-0.49,1,57.32000422477722
-0.49,1,57.337007999420166
-0.59,0,57.35398077964783
-0.7,0,57.36998534202576
-0.82,0,57.38698863983154
-0.95,0,57.40381407737732
-1.09,0,57.42081832885742
-1.09,0,57.437822103500366
-1.24,0,57.45434379577637
-1.4,0,57.47134733200073
-1.57,0,57.48834991455078
-1.74,0,57.50535464286804
-1.93,0,57.522358894348145
-1.93,0,57.53936219215393
-2.11,0,57.556365966796875
-2.29,-1,57.57336950302124
-2.46,-1,57.5903742313385
-2.62,-1,57.60737705230713
-2.77,-1,57.6233811378479
-2.92,-1,57.640384912490845
-2.92,-1,57.65638852119446
-3.06,-1,57.6733922958374
-3.2,-1,57.690396308898926
-3.34,-1,57.70740079879761
-3.46,-1,57.724403381347656
-3.58,-1,57.74140906333923
-3.58,-1,57.75841164588928
-3.68,-1,57.77541494369507
-3.78,-1,57.79141902923584
-3.89,-1,57.80842304229736
0.0,1,58.0456018447876
-0.01,1,58.062605142593384
-0.02,1,58.07960915565491
-0.02,1,58.09561228752136
-0.06,1,58.11361598968506
-0.1,1,58.13028144836426
-0.14,1,58.14628481864929
-0.2,1,58.163289070129395
-0.26,1,58.179293155670166
-0.26,1,58.19629764556885
-0.33,1,58.21330118179321
-0.41,1,58.230304479599
-0.49,1,58.24630832672119
-0.58,0,58.263312578201294
-0.68,0,58.28031587600708
-0.68,0,58.297319412231445
-0.8,0,58.31432294845581
-0.92,0,58.330326795578
-1.05,0,58.34733033180237
-1.18,0,58.36433410644531
-1.33,0,58.38133788108826
-1.33,0,58.3983428478241
-1.47,0,58.415478467941284
-1.6,0,58.43135070800781
-1.74,0,58.44835305213928
-1.86,0,58.46537256240845
-1.98,0,58.48239994049072
-1.98,0,58.499380588531494
-2.09,0,58.51638412475586
-2.18,-1,58.53338813781738
-2.27,-1,58.550392150878906
-2.35,-1,58.56739568710327
-2.42,-1,58.58440041542053
-2.49,-1,58.60140347480774
-2.49,-1,58.618408203125
-2.54,-1,58.63541102409363
-2.59,-1,58.652414321899414
-2.65,-1,58.669418811798096
-2.71,-1,58.68642210960388
-2.79,-1,58.703426361083984
-2.87,-1,58.72043013572693
-2.87,-1,58.73743438720703
-2.96,-1,58.75443744659424
-3.05,-1,58.77044177055359
-3.15,-1,58.787444829940796
-3.26,-1,58.8044490814209
-3.38,-1,58.82145285606384
-3.38,-1,58.838457107543945
-3.51,-1,58.85546040534973
-3.66,-1,58.87246489524841
0.0,1,59.113107681274414
0.0,1,59.13038969039917
0.0,1,59.147392988204956
-0.01,1,59.164397954940796
-0.02,1,59.181400537490845
-0.02,1,59.19840431213379
-0.04,1,59.21540856361389
-0.06,1,59.232250928878784
-0.09,1,59.24841666221619
-0.11,1,59.265783071517944
-0.14,1,59.28242373466492
-0.14,1,59.29842758178711
-0.17,1,59.31555914878845
-0.21,1,59.332435131073
-0.25,1,59.34943914413452
-0.29,1,59.36644220352173
-0.33,1,59.38344645500183
-0.38,1,59.40044975280762
-0.38,1,59.4174542427063
-0.42,1,59.43445801734924
-0.47,1,59.450461626052856
-0.52,0,59.4674654006958
-0.58,0,59.484469413757324
-0.64,0,59.50147294998169
-0.64,0,59.518476247787476
-0.71,0,59.535480260849
-0.78,0,59.55148434638977
-0.85,0,59.568488359451294
-0.93,0,59.58549213409424
-0.99,0,59.602569341659546
-1.07,0,59.61957263946533
-1.07,0,59.63657784461975
-1.15,0,59.65359711647034
-1.24,0,59.67060136795044
-1.34,0,59.687604665756226
-1.45,0,59.70460772514343
-1.57,0,59.721611738204956
-1.57,0,59.7386155128479
-1.7,0,59.755619764328
-1.84,0,59.77162289619446
-1.99,0,59.7886266708374
-2.14,-1,59.80563139915466
-2.29,-1,59.822635650634766
-2.45,-1,59.83963966369629
-2.45,-1,59.856642723083496
-2.62,-1,59.87364673614502
-2.8,-1,59.89065074920654
-2.99,-1,59.90765404701233
-3.17,-1,59.92465901374817
-3.36,-1,59.94166159629822
-3.36,-1,59.95866584777832
-3.57,-1,59.975669145584106
-3.79,-1,59.99267363548279
-4.0,-1,60.009676694869995
-4.22,-1,60.026681423187256
0.0,1,60.28026366233826
0.0,1,60.29727053642273
0.02,1,60.31427550315857
0.04,1,60.33037829399109
0.07,1,60.34737181663513
0.1,1,60.364426612854004
0.14,1,60.38042998313904
0.14,1,60.39743423461914
0.19,1,60.41443753242493
0.25,1,60.43144130706787
0.31,1,60.448444843292236
0.36,1,60.465731143951416
0.41,1,60.48245310783386
0.41,1,60.49945640563965
0.44,1,60.51646113395691
0.46,1,60.53346490859985
0.48,1,60.55046844482422
0.49,0,60.56747221946716
0.5,0,60.58447575569153
0.5,0,60.60147953033447
0.5,0,60.61848306655884
0.51,0,60.63548707962036
0.51,0,60.65149140357971
0.52,0,60.668495416641235
0.54,0,60.68549823760986
0.55,0,60.7025203704834
0.57,0,60.719523906707764
0.57,0,60.73652720451355
0.59,0,60.75353407859802
0.61,0,60.770538330078125
0.63,0,60.78754258155823
0.66,0,60.804545640945435
0.7,0,60.821550369262695
0.7,0,60.83855414390564
0.74,0,60.855557441711426
0.78,0,60.87256145477295
0.82,0,60.889564752578735
0.87,0,60.90656852722168
0.92,0,60.92357277870178
0.97,0,60.94057631492615
0.97,0,60.95757031440735
1.02,0,60.97420883178711
1.06,0,60.99121284484863
1.09,0,61.00821566581726
1.12,0,61.025219678878784
1.14,0,61.04172921180725
1.14,0,61.05873107910156
1.16,0,61.075735569000244
1.18,0,61.09273934364319
1.21,0,61.10877299308777
1.25,0,61.125776290893555
1.27,0,61.14228534698486
1.27,0,61.15828895568848
1.29,0,61.17615842819214
1.31,0,61.19268870353699
1.32,0,61.20969247817993
1.33,0,61.2266960144043
1.34,0,61.243711709976196
1.35,0,61.260714530944824
1.35,0,61.27697253227234
1.37,-1,61.294044733047485
1.39,-1,61.31055450439453
1.41,-1,61.327558755874634
1.44,-1,61.344562292099
1.46,-1,61.36156606674194
1.46,-1,61.37756967544556
1.49,-1,61.39457321166992
1.53,-1,61.41157817840576
1.56,-1,61.42858099937439
1.6,-1,61.44558525085449
1.64,-1,61.4625883102417
1.69,-1,61.47959303855896
1.69,-1,61.496596336364746
1.73,-1,61.51360011100769
1.77,-1,61.53060436248779
1.79,-1,61.547608852386475
1.83,-1,61.5646116733551
1.87,-1,61.58161544799805
1.87,-1,61.59861898422241
1.89,-1,61.61563777923584
1.92,-1,61.631640672683716
1.93,-1,61.64885973930359
1.95,-1,61.66607475280762
0.0,1,61.95762777328491
0.01,1,61.97513794898987
0.02,1,61.99214196205139
0.05,1,62.00914549827576
0.06,1,62.02614903450012
0.09,1,62.043153047561646
0.11,1,62.05967569351196
0.11,1,62.07667922973633
0.16,1,62.09368276596069
0.21,1,62.109686851501465
0.26,1,62.12669110298157
0.33,1,62.14369440078735
0.4,1,62.1606981754303
0.4,1,62.17670249938965
0.49,1,62.193706035614014
0.58,0,62.2107093334198
0.68,0,62.2277135848999
0.79,0,62.24471664428711
0.9,0,62.26172113418579
0.9,0,62.277724504470825
1.04,0,62.29473280906677
1.18,0,62.31173658370972
1.31,0,62.3287398815155
1.45,0,62.345744132995605
1.58,0,62.36274719238281
1.72,0,62.37975192070007
1.72,0,62.39575552940369
1.86,0,62.413758993148804
2.01,0,62.42976260185242
2.16,0,62.44676637649536
2.32,-1,62.463770627975464
2.46,-1,62.48077440261841
2.46,-1,62.4967782497406
2.62,-1,62.514342069625854
2.77,-1,62.53034591674805
2.93,-1,62.54734969139099
3.08,-1,62.56435298919678
3.23,-1,62.58135652542114
3.23,-1,62.597360372543335
3.37,-1,62.6143639087677
3.5,-1,62.631367683410645
3.63,-1,62.64837169647217
3.76,-1,62.66437554359436
3.89,-1,62.68138003349304
3.89,-1,62.698383808135986
4.0,-1,62.715386629104614
0.0,1,62.96947526931763
0.01,1,62.98647952079773
0.02,1,63.003483295440674
0.05,1,63.02048707008362
0.05,1,63.03749322891235
0.09,1,63.0544970035553
0.14,1,63.071513652801514
0.19,1,63.088517904281616
0.26,1,63.10552096366882
0.33,1,63.12252473831177
0.33,1,63.13852834701538
0.42,1,63.155531883239746
0.51,0,63.17253613471985
0.62,0,63.18953990936279
0.73,0,63.20654368400574
0.85,0,63.22354745864868
0.98,0,63.24055075645447
0.98,0,63.25755476951599
1.12,0,63.274558782577515
1.27,0,63.291563749313354
1.43,0,63.308566093444824
1.6,0,63.32556986808777
1.78,0,63.34257388114929
1.78,0,63.358577489852905
1.97,0,63.37658190727234
2.17,0,63.39258551597595
2.38,-1,63.40958881378174
2.59,-1,63.42659378051758
2.82,-1,63.442596197128296
3.05,-1,63.45960068702698
3.05,-1,63.47610855102539
3.3,-1,63.493112564086914
3.55,-1,63.509644508361816
3.82,-1,63.52664804458618
4.09,-1,63.543651819229126
4.37,-1,63.56065630912781
4.37,-1,63.57665944099426
4.66,-1,63.59366321563721
0.0,1,63.87025213241577
0.0,1,63.887255907058716
0.01,1,63.90426015853882
0.02,1,63.92126417160034
0.02,1,63.93826770782471
0.03,1,63.954838037490845
0.05,1,63.97184109687805
0.07,1,63.98884558677673
0.09,1,64.00484871864319
0.12,1,64.02185225486755
0.12,1,64.03885626792908
0.15,1,64.0558602809906
0.18,1,64.0718641281128
0.22,1,64.08886766433716
0.26,1,64.10587167739868
0.31,1,64.12287497520447
0.35,1,64.13987874984741
0.35,1,64.15588283538818
0.4,1,64.17288661003113
0.46,1,64.18989038467407
0.51,0,64.20689368247986
0.57,0,64.22389793395996
0.62,0,64.23990178108215
0.62,0,64.2569055557251
0.69,0,64.27390933036804
0.75,0,64.28991317749023
0.82,0,64.3069167137146
0.88,0,64.32392072677612
0.95,0,64.34092450141907
0.95,0,64.35792875289917
1.03,0,64.37493181228638
1.1,0,64.39193606376648
1.18,0,64.40893983840942
1.26,0,64.42594361305237
1.34,0,64.44294738769531
1.43,0,64.45995140075684
1.43,0,64.4769549369812
1.52,0,64.49395871162415
1.61,0,64.51030588150024
1.7,0,64.52729630470276
1.79,0,64.54429960250854
1.89,0,64.5613112449646
1.89,0,64.57831525802612
1.99,0,64.59531903266907
2.09,-1,64.61232280731201
2.19,-1,64.62932634353638
2.3,-1,64.64532971382141
2.41,-1,64.66233372688293
2.41,-1,64.67933773994446
2.54,-1,64.6963415145874
2.68,-1,64.71334528923035
2.83,-1,64.73034954071045
2.98,-1,64.74635243415833
3.13,-1,64.76300024986267
3.28,-1,64.78000402450562
3.28,-1,64.79700803756714
3.42,-1,64.81401085853577
3.57,-1,64.8300154209137
3.7,-1,64.84701943397522
3.84,-1,64.86402297019958
0.0,1,65.11597919464111
0.0,1,65.13275504112244
0.01,1,65.1495714187622
0.02,1,65.16657423973083
0.03,1,65.18357849121094
0.05,1,65.20058250427246
0.05,1,65.21758556365967
0.08,1,65.23468542098999
0.12,1,65.25068855285645
0.17,1,65.26769185066223
0.22,1,65.28469657897949
0.28,1,65.30169916152954
0.28,1,65.31870293617249
0.34,1,65.33570742607117
0.42,1,65.35271143913269
0.5,1,65.37023258209229
0.6,0,65.38674116134644
0.7,0,65.40374493598938
0.8,0,65.42074847221375
0.8,0,65.43675255775452
0.93,0,65.45375633239746
1.06,0,65.47076034545898
1.19,0,65.48776316642761
1.34,0,65.5047676563263
1.47,0,65.52077078819275
1.47,0,65.53777527809143
1.6,0,65.55477976799011
1.72,0,65.57078218460083
1.84,0,65.58778595924377
1.96,0,65.60479998588562
2.09,0,65.62080407142639
2.09,0,65.63780784606934
2.22,-1,65.65481114387512
2.35,-1,65.67181515693665
2.48,-1,65.68781900405884
2.6,-1,65.70432734489441
2.73,-1,65.72133040428162
2.73,-1,65.73733520507812
2.85,-1,65.75433874130249
2.98,-1,65.77134203910828
3.09,-1,65.78834557533264
3.2,-1,65.80435180664062
3.3,-1,65.82135581970215
3.3,-1,65.83835959434509
3.38,-1,65.85536289215088
3.46,-1,65.87136721611023
3.54,-1,65.88837051391602
3.61,-1,65.90537428855896
3.67,-1,65.92237854003906
0.0,1,66.15966153144836
0.0,1,66.1763367652893
-0.02,1,66.19384360313416
-0.04,1,66.21084785461426
-0.07,1,66.22685194015503
-0.11,1,66.24413752555847
-0.16,1,66.26014161109924
-0.16,1,66.27714538574219
-0.2,1,66.29414892196655
-0.24,1,66.31115293502808
-0.27,1,66.32815670967102
-0.29,1,66.3451600074768
-0.32,1,66.36216425895691
-0.32,1,66.37816762924194
-0.34,1,66.39517068862915
-0.37,1,66.41217541694641
-0.41,1,66.42817950248718
-0.45,1,66.44518566131592
-0.48,1,66.46218943595886
-0.48,1,66.4781928062439
-0.5,0,66.49619722366333
-0.51,0,66.51224565505981
-0.52,0,66.52924919128418
-0.53,0,66.54657077789307
-0.52,0,66.56306290626526
-0.51,0,66.57993817329407
-0.51,0,66.59597492218018
-0.48,0,66.61297869682312
-0.45,0,66.6299819946289
-0.4,1,66.64698624610901
-0.35,1,66.66398978233337
-0.3,1,66.68099427223206
-0.3,1,66.69799757003784
-0.24,1,66.71500134468079
-0.18,1,66.73260259628296
-0.11,1,66.74900889396667
-0.04,1,66.76609086990356
0.04,1,66.78201675415039
0.04,1,66.79902076721191
0.12,1,66.81602382659912
0.21,1,66.83202791213989
0.3,1,66.84903120994568
0.4,1,66.86603546142578
0.5,1,66.88288426399231
0.5,1,66.89888739585876
0.61,1,66.91610455513
0.72,1,66.93293118476868
0.83,1,66.94989943504333
0.95,0,66.9669029712677
1.08,0,66.98433113098145
1.21,0,67.00165367126465
1.21,0,67.01834011077881
1.33,0,67.03534436225891
1.47,0,67.05234813690186
1.6,0,67.06935238838196
1.75,0,67.08586001396179
1.9,0,67.10286450386047
2.05,0,67.1198673248291
2.05,0,67.13687229156494
2.22,0,67.15387535095215
2.39,0,67.16987919807434
2.56,0,67.18695330619812
2.73,0,67.20395708084106
2.91,-1,67.22096085548401
2.91,-1,67.23696446418762
3.09,-1,67.25396847724915
3.27,-1,67.27097225189209
3.46,-1,67.28797841072083
3.65,-1,67.30498218536377
3.85,-1,67.32198667526245
3.85,-1,67.33898901939392
4.05,-1,67.35599374771118
4.27,-1,67.3729977607727
4.47,-1,67.39000105857849
4.68,-1,67.40700483322144
4.89,-1,67.42400860786438
5.1,-1,67.4410126209259
0.0,1,67.71608400344849
0.0,1,67.73308801651001
0.01,1,67.75009226799011
0.01,1,67.76709604263306
0.03,1,67.7841227054596
0.04,1,67.8011155128479
0.04,1,67.81762790679932
0.06,1,67.83462691307068
0.08,1,67.85063028335571
0.11,1,67.86763429641724
0.13,1,67.8846378326416
0.16,1,67.90164256095886
0.16,1,67.91864585876465
0.18,1,67.93564987182617
0.21,1,67.95265436172485
0.23,1,67.9699592590332
0.26,1,67.98696279525757
0.29,1,68.00396609306335
0.32,1,68.02097058296204
0.32,1,68.03697419166565
0.36,1,68.05448174476624
0.4,1,68.07148599624634
0.44,1,68.08849239349365
0.48,1,68.10549569129944
0.53,0,68.12249970436096
0.58,0,68.1395034790039
0.58,0,68.15650796890259
0.63,0,68.17351126670837
0.68,0,68.19051456451416
0.74,0,68.20751881599426
0.8,0,68.22452235221863
0.86,0,68.24152660369873
0.86,0,68.2585301399231
0.95,0,68.27553367614746
1.04,0,68.2915370464325
1.13,0,68.30854177474976
1.22,0,68.32554483413696
1.32,0,68.3425498008728
1.32,0,68.35915994644165
1.42,0,68.37617301940918
1.52,0,68.39316701889038
1.62,0,68.40917086601257
1.73,0,68.4261748790741
1.84,0,68.44317841529846
1.95,0,68.4601821899414
1.95,0,68.47718524932861
2.06,-1,68.49418950080872
2.18,-1,68.51019382476807
2.3,-1,68.52719640731812
2.43,-1,68.5442008972168
2.56,-1,68.561203956604
2.56,-1,68.57820844650269
2.67,-1,68.59521245956421
2.78,-1,68.61221551895142
2.89,-1,68.62821984291077
3.0,-1,68.64522409439087
3.11,-1,68.66229939460754
3.11,-1,68.678302526474
3.22,-1,68.69544529914856
3.33,-1,68.7121069431305
3.45,-1,68.72911071777344
3.56,-1,68.7456374168396
3.66,-1,68.76264142990112
0.0,1,69.01728415489197
0.0,1,69.03428769111633
0.01,1,69.05129194259644
0.02,1,69.06829500198364
0.04,1,69.08529901504517
0.06,1,69.10230326652527
0.06,1,69.11930632591248
0.08,1,69.13631081581116
0.11,1,69.15331411361694
0.14,1,69.17031788825989
0.18,1,69.18732213973999
0.22,1,69.20386743545532
0.26,1,69.22087121009827
0.26,1,69.2378740310669
0.31,1,69.25487875938416
0.37,1,69.2718825340271
0.42,1,69.28888654708862
0.46,1,69.30588984489441
0.5,0,69.32289385795593
0.55,0,69.33989763259888
0.55,0,69.35690140724182
0.6,0,69.37390518188477
0.66,0,69.3899085521698
0.72,0,69.40691232681274
0.79,0,69.42391681671143
0.86,0,69.44092059135437
0.86,0,69.45792388916016
0.93,0,69.4749276638031
1.01,0,69.49193215370178
1.1,0,69.50793552398682
1.18,0,69.52493953704834
1.27,0,69.5419430732727
1.27,0,69.55894660949707
1.34,0,69.57595014572144
1.41,0,69.59245347976685
1.48,0,69.60945725440979
1.55,0,69.62646126747131
1.62,0,69.64307165145874
1.7,0,69.66007614135742
1.7,0,69.67608308792114
1.79,0,69.69406747817993
1.88,0,69.71096730232239
1.98,0,69.7280695438385
2.08,-1,69.74488496780396
2.18,-1,69.76189017295837
2.18,-1,69.77789330482483
2.28,-1,69.79489660263062
2.39,-1,69.81190037727356
2.49,-1,69.8289041519165
2.6,-1,69.84570240974426
2.71,-1,69.86270642280579
2.82,-1,69.87971043586731
2.82,-1,69.89571380615234
2.92,-1,69.91271781921387
3.03,-1,69.92972135543823
3.15,-1,69.94672536849976
3.27,-1,69.9637291431427
3.4,-1,69.97973322868347
3.4,-1,69.99673676490784
3.55,-1,70.01374101638794
3.71,-1,70.03074407577515
0.0,1,70.27444553375244
0.0,1,70.29144883155823
0.01,1,70.30745315551758
0.01,1,70.32445645332336
0.02,1,70.34146046638489
0.02,1,70.35846424102783
0.03,1,70.37546825408936
0.05,1,70.3924720287323
0.06,1,70.40947556495667
0.07,1,70.42648005485535
0.08,1,70.44348335266113
0.1,1,70.46005296707153
0.1,1,70.47705674171448
0.13,1,70.49406003952026
0.16,1,70.51006412506104
0.19,1,70.52706837654114
0.22,1,70.5440719127655
0.26,1,70.5610761642456
0.26,1,70.5770788192749
0.3,1,70.59508323669434
0.34,1,70.61108732223511
0.38,1,70.62809085845947
0.42,1,70.64509439468384
0.45,1,70.66209816932678
0.45,1,70.67910170555115
0.46,1,70.69561123847961
0.46,1,70.7126157283783
0.46,1,70.72961926460266
0.45,1,70.74562287330627
0.43,1,70.76262760162354
0.4,1,70.77963042259216
0.4,1,70.79623866081238
0.37,1,70.81324195861816
0.32,1,70.83024621009827
0.27,1,70.84725022315979
0.23,1,70.86425399780273
0.17,1,70.88125777244568
0.17,1,70.89726257324219
0.1,1,70.91404223442078
0.03,1,70.9310462474823
-0.05,1,70.94805026054382
-0.14,1,70.96505355834961
-0.23,1,70.98205804824829
-0.23,1,70.99906206130981
-0.31,1,71.0162661075592
-0.39,1,71.03306913375854
-0.46,1,71.05007266998291
-0.52,1,71.06615114212036
-0.58,1,71.08308124542236
-0.63,1,71.10008502006531
-0.63,1,71.1162211894989
-0.67,1,71.13309240341187
-0.69,1,71.15009617805481
-0.71,1,71.16709923744202
-0.72,1,71.18310284614563
-0.73,1,71.20010685920715
-0.73,1,71.2171106338501
-0.73,1,71.23411464691162
-0.73,1,71.25111842155457
-0.74,1,71.26812243461609
-0.75,1,71.28412580490112
-0.77,1,71.30112910270691
-0.77,1,71.31713318824768
-0.78,1,71.3351378440857
-0.8,1,71.35214114189148
-0.82,1,71.36914491653442
-0.83,1,71.38614845275879
-0.84,1,71.40315198898315
-0.85,0,71.42015624046326
-0.85,0,71.43716049194336
-0.87,0,71.45416355133057
-0.89,0,71.47116827964783
-0.9,0,71.48717403411865
-0.9,0,71.50417733192444
-0.89,0,71.52072191238403
-0.89,0,71.5377254486084
-0.87,0,71.5547297000885
-0.86,0,71.57174730300903
-0.85,0,71.58775115013123
-0.85,0,71.60475420951843
-0.86,0,71.62075781822205
-0.86,0,71.63758492469788
-0.87,0,71.65446281433105
-0.89,0,71.671466588974
-0.92,0,71.68847060203552
-0.94,0,71.70547389984131
-0.96,0,71.72236013412476
-0.96,0,71.73936414718628
-0.98,0,71.75589323043823
-1.0,0,71.77289652824402
-1.02,0,71.78990054130554
-1.04,0,71.80690455436707
-1.06,0,71.82390832901001
-1.09,0,71.84091210365295
-1.09,0,71.85791635513306
-1.13,0,71.87491965293884
-1.19,0,71.89092326164246
-1.23,0,71.9079270362854
-1.27,0,71.9249312877655
-1.29,0,71.94193530082703
-1.29,0,71.95893955230713
-1.32,0,71.97594332695007
-1.35,0,71.99294686317444
-1.37,0,72.00995063781738
-1.4,0,72.02595472335815
-1.43,0,72.04295754432678
-1.46,0,72.05996227264404
-1.46,0,72.07698035240173
-1.49,0,72.09398627281189
-1.5,0,72.11098837852478
-1.51,0,72.12699317932129
-1.5,0,72.14388227462769
-1.5,0,72.16088628768921
-1.5,0,72.17789006233215
-1.48,0,72.19489336013794
-1.47,0,72.21149182319641
-1.44,0,72.22849559783936
-1.41,0,72.24549913406372
-1.36,0,72.26250290870667
-1.36,0,72.27850699424744
-1.31,0,72.29551076889038
-1.24,0,72.31212711334229
-1.17,0,72.32913422584534
-1.08,0,72.34613871574402
-0.99,0,72.36328363418579
-0.9,0,72.37928771972656
-0.9,0,72.39629054069519
-0.79,0,72.41316437721252
-0.69,0,72.43025994300842
-0.58,0,72.44677019119263
-0.48,0,72.46330308914185
-0.37,0,72.48045611381531
-0.37,0,72.4964451789856
-0.25,0,72.5135178565979
-0.14,0,72.53078579902649
-0.02,0,72.5468053817749
0.1,0,72.56399488449097
0.22,0,72.5809977054596
0.22,0,72.59800124168396
0.35,0,72.61500525474548
0.48,0,72.63200974464417
0.61,0,72.64901280403137
0.74,0,72.66657996177673
0.87,0,72.68313264846802
1.01,0,72.70007610321045
1.01,0,72.71708011627197
1.15,0,72.73408317565918
1.29,0,72.7500867843628
1.43,0,72.76709151268005
1.58,0,72.78409481048584
1.73,0,72.8010983467102
1.73,0,72.81810235977173
1.89,0,72.8351058959961
2.04,0,72.85132837295532
2.2,0,72.87132215499878
2.36,0,72.88532614707947
2.52,0,72.90232849121094
2.52,0,72.91833281517029
2.69,0,72.93633651733398
2.87,0,72.9523401260376
3.06,0,72.96934366226196
3.24,0,72.98634767532349
3.42,0,73.00235080718994
3.42,0,73.01935601234436
3.61,0,73.03635931015015
3.81,0,73.05336284637451
4.0,0,73.0703673362732
4.2,0,73.08737063407898
4.39,0,73.10437440872192
4.59,0,73.12037754058838
4.59,0,73.1373815536499
4.8,0,73.15438532829285
5.0,0,73.17138981819153
5.21,0,73.1883933544159
5.42,-1,73.20539689064026
5.63,-1,73.22240138053894
5.63,-1,73.23940515518188
5.85,-1,73.25595211982727
6.07,-1,73.2729561328888
6.29,-1,73.2899603843689
6.51,-1,73.30696368217468
6.73,-1,73.32396793365479
6.96,-1,73.34097218513489
6.96,-1,73.35797500610352
7.19,-1,73.37497925758362
7.42,-1,73.39198303222656
7.66,-1,73.4089868068695
7.9,-1,73.42599105834961
8.15,-1,73.44299530982971
8.41,-1,73.45999813079834
8.41,-1,73.47600197792053
8.68,-1,73.49300599098206
8.96,-1,73.51000952720642
9.24,-1,73.52701330184937
9.53,-1,73.5430166721344
9.82,-1,73.5600209236145
9.82,-1,73.57702469825745
10.12,-1,73.59402847290039
10.42,-1,73.61103248596191
10.72,-1,73.62803626060486
11.03,-1,73.64503908157349
11.35,-1,73.66204452514648
11.35,-1,73.67904734611511
11.65,-1,73.69605112075806
11.94,-1,73.71305513381958
12.22,-1,73.73005890846252
12.49,-1,73.74706244468689
12.77,-1,73.76373267173767
13.04,-1,73.7807354927063
13.04,-1,73.79773950576782
13.29,-1,73.81474304199219
13.54,-1,73.83174967765808
13.78,-1,73.84875297546387
14.01,-1,73.86529064178467
14.23,-1,73.88229537010193
14.23,-1,73.89829874038696
14.43,-1,73.91509962081909
14.65,-1,73.93210315704346
14.87,-1,73.94910645484924
15.09,-1,73.96645021438599
15.33,-1,73.98345470428467
15.56,-1,74.00011801719666
15.56,-1,74.01612210273743
15.8,-1,74.03412580490112
16.05,-1,74.05012941360474
16.3,-1,74.06713342666626
16.54,-1,74.08314681053162
0.0,1,74.32967901229858
-0.01,1,74.34568214416504
-0.02,1,74.36301684379578
-0.05,1,74.37995958328247
-0.05,1,74.3959629535675
-0.08,1,74.41307282447815
-0.12,1,74.43007612228394
-0.16,1,74.44708037376404
-0.22,1,74.46408462524414
-0.28,1,74.48108839988708
-0.28,1,74.49709129333496
-0.34,1,74.51409459114075
-0.39,1,74.53109860420227
-0.44,1,74.54810309410095
-0.49,1,74.5651068687439
-0.54,0,74.582111120224
-0.54,0,74.59911465644836
-0.58,0,74.61611843109131
-0.62,0,74.63334131240845
-0.64,0,74.65012621879578
-0.66,0,74.66712951660156
-0.68,0,74.68413352966309
-0.69,0,74.70113730430603
-0.69,0,74.71814012527466
-0.69,0,74.73514461517334
-0.69,0,74.75214910507202
-0.68,0,74.76915407180786
-0.67,0,74.78615641593933
-0.65,0,74.80316042900085
-0.63,0,74.82016396522522
-0.63,0,74.83716797828674
-0.61,0,74.85417127609253
-0.59,0,74.8711748123169
-0.56,0,74.888179063797
-0.54,0,74.9041862487793
-0.53,0,74.92119026184082
-0.53,0,74.93819379806519
-0.54,0,74.95520091056824
-0.55,0,74.97220420837402
-0.56,0,74.9892086982727
-0.58,0,75.00621199607849
-0.61,0,75.02321672439575
-0.64,0,75.0402204990387
-0.64,0,75.05722784996033
-0.69,0,75.07423138618469
-0.75,0,75.09023523330688
-0.82,0,75.107013463974
-0.89,0,75.12401723861694
-0.97,0,75.14102077484131
-0.97,0,75.15709733963013
-1.06,0,75.17410087585449
-1.16,0,75.19110417366028
-1.25,0,75.2081081867218
-1.33,0,75.2251124382019
-1.41,0,75.24211645126343
-1.41,0,75.25911974906921
-1.49,0,75.27612352371216
-1.56,-1,75.29312753677368
-1.62,-1,75.31013107299805
-1.69,-1,75.32713508605957
-1.74,-1,75.3441390991211
-1.8,-1,75.36120939254761
-1.8,-1,75.37821245193481
-1.85,-1,75.39521622657776
-1.91,-1,75.41222023963928
-1.96,-1,75.42922401428223
-2.02,-1,75.44622826576233
-2.07,-1,75.46324586868286
-2.13,-1,75.48024940490723
-2.13,-1,75.49725365638733
-2.21,-1,75.5142571926117
-2.29,-1,75.53126120567322
-2.38,-1,75.54784822463989
-2.48,-1,75.56485247612
-2.58,-1,75.58185577392578
-2.58,-1,75.59852886199951
-2.67,-1,75.61553239822388
0.0,1,75.86366057395935
0.0,1,75.8806643486023
0.0,1,75.89766764640808
0.01,1,75.91467142105103
0.02,1,75.93167614936829
0.03,1,75.94867944717407
0.04,1,75.9656834602356
0.05,1,75.98268675804138
0.05,1,75.99869060516357
0.05,1,76.01569366455078
0.06,1,76.0326976776123
0.07,1,76.04870200157166
0.08,1,76.06570601463318
0.1,1,76.08270931243896
0.1,1,76.09871292114258
0.12,1,76.11570715904236
0.15,1,76.13341236114502
0.18,1,76.14971470832825
0.21,1,76.16571879386902
0.25,1,76.18272256851196
0.29,1,76.19972658157349
0.29,1,76.2165310382843
0.33,1,76.23342967033386
0.38,1,76.25028991699219
0.43,1,76.26729321479797
0.48,1,76.2842972278595
0.54,0,76.30130100250244
0.54,0,76.31730484962463
0.61,0,76.33530855178833
0.67,0,76.35131168365479
0.73,0,76.36831593513489
0.78,0,76.38525938987732
0.83,0,76.40179204940796
0.83,0,76.4187958240509
0.87,0,76.43579912185669
0.92,0,76.45269656181335
0.96,0,76.47021389007568
1.01,0,76.48622870445251
1.06,0,76.50274109840393
1.11,0,76.51974773406982
1.11,0,76.53625679016113
1.17,0,76.55331826210022
1.23,0,76.57037043571472
1.29,0,76.58732962608337
1.35,0,76.60433769226074
1.41,0,76.62134671211243
1.41,0,76.63835048675537
1.48,0,76.65535426139832
1.55,0,76.6723575592041
1.62,0,76.68836164474487
1.7,0,76.7053656578064
1.77,0,76.7223699092865
1.77,0,76.73937273025513
1.85,0,76.75584316253662
1.93,-1,76.77246165275574
2.02,-1,76.789466381073
2.1,-1,76.80605292320251
2.19,-1,76.82305669784546
2.28,-1,76.84006023406982
2.28,-1,76.85706424713135
2.39,-1,76.87406873703003
2.5,-1,76.89007115364075
2.62,-1,76.90707540512085
2.75,-1,76.9240791797638
2.89,-1,76.9411027431488
2.89,-1,76.95709943771362
3.03,-1,76.97411847114563
3.18,-1,76.99115800857544
3.33,-1,77.00715065002441
3.48,-1,77.02427625656128
3.65,-1,77.0412826538086
0.0,1,77.28733944892883
0.0,1,77.30434966087341
0.01,1,77.32136273384094
0.01,1,77.33835887908936
0.02,1,77.35536241531372
0.03,1,77.37136602401733
0.04,1,77.38837027549744
0.06,1,77.40537405014038
0.08,1,77.42237830162048
0.08,1,77.43938183784485
0.1,1,77.45638608932495
0.13,1,77.47338914871216
0.16,1,77.4903929233551
0.19,1,77.50739669799805
0.23,1,77.52440357208252
0.27,1,77.54141163825989
0.27,1,77.55841541290283
0.32,1,77.57535886764526
0.38,1,77.59236598014832
0.44,1,77.60941243171692
0.51,0,77.6264157295227
0.58,0,77.64342188835144
0.65,0,77.66056227684021
0.65,0,77.67756605148315
0.73,0,77.69457292556763
0.82,0,77.7114794254303
0.91,0,77.72848796844482
0.99,0,77.74549412727356
1.08,0,77.76150012016296
1.08,0,77.77850413322449
1.17,0,77.79552626609802
1.27,0,77.81280255317688
1.36,0,77.82939529418945
1.45,0,77.8463990688324
1.53,0,77.86340260505676
1.62,0,77.88040661811829
1.62,0,77.89640974998474
1.71,0,77.91441464424133
1.81,0,77.93041801452637
1.91,0,77.94742250442505
2.03,0,77.96442556381226
2.15,-1,77.98142957687378
2.15,-1,77.99743294715881
2.27,-1,78.01443696022034
2.4,-1,78.03144073486328
2.53,-1,78.0484447479248
2.67,-1,78.06444883346558
2.81,-1,78.08145141601562
2.81,-1,78.09845542907715
2.95,-1,78.11504483222961
3.11,-1,78.13204908370972
3.26,-1,78.14905285835266
3.42,-1,78.16505694389343
3.59,-1,78.1820604801178
3.59,-1,78.199063539505
3.76,-1,78.21606731414795
3.93,-1,78.2330710887909
4.11,-1,78.25007462501526
0.0,1,78.49717903137207
-0.01,1,78.51418232917786
-0.02,1,78.53118634223938
-0.05,1,78.54818987846375
-0.08,1,78.56492376327515
-0.12,1,78.58192753791809
-0.12,1,78.59793066978455
-0.18,1,78.61493492126465
-0.24,1,78.63193941116333
-0.31,1,78.6489429473877
-0.39,1,78.66582942008972
-0.48,1,78.68334078788757
-0.57,0,78.69983720779419
-0.57,0,78.71684145927429
-0.68,0,78.73384714126587
-0.79,0,78.74984836578369
-0.92,0,78.76685214042664
-1.04,0,78.78385639190674
-1.17,0,78.8014612197876
-1.17,0,78.81797003746033
-1.31,0,78.83503842353821
-1.47,0,78.851979970932
-1.63,0,78.86797738075256
-1.79,0,78.88498139381409
-1.95,0,78.90199732780457
-1.95,0,78.91899371147156
-2.13,0,78.93599796295166
-2.31,-1,78.95300102233887
-2.49,-1,78.97000503540039
-2.67,-1,78.98700857162476
-2.86,-1,79.00406193733215
-3.05,-1,79.02106523513794
-3.05,-1,79.03806948661804
-3.23,-1,79.05507278442383
-3.41,-1,79.07107663154602
-3.58,-1,79.08808088302612
-3.75,-1,79.10508441925049
-3.92,-1,79.12205624580383
-3.92,-1,79.13804745674133
-4.09,-1,79.15505075454712
-4.25,-1,79.17205500602722
0.0,1,79.4210033416748
0.0,1,79.43700742721558
0.02,1,79.45401120185852
0.04,1,79.47101545333862
0.07,1,79.48801875114441
0.11,1,79.50487685203552
0.16,1,79.52138710021973
0.16,1,79.53839135169983
0.22,1,79.55539560317993
0.29,1,79.57239818572998
0.36,1,79.58940243721008
0.45,1,79.60640597343445
0.54,0,79.62340998649597
0.64,0,79.64041376113892
0.64,0,79.65741729736328
0.76,0,79.6744213104248
0.88,0,79.69094014167786
1.0,0,79.70763206481934
1.12,0,79.72463583946228
1.25,0,79.7406394481659
1.25,0,79.75764346122742
1.4,0,79.7746467590332
1.55,0,79.79065036773682
1.72,0,79.80817866325378
1.89,0,79.82518315315247
2.06,0,79.84218692779541
2.06,0,79.85919046401978
2.26,-1,79.87619376182556
2.46,-1,79.8927960395813
2.67,-1,79.90980005264282
2.88,-1,79.92680406570435
3.09,-1,79.94280767440796
3.29,-1,79.95981168746948
3.29,-1,79.97632074356079
3.49,-1,79.993323802948
3.68,-1,80.01032829284668
3.87,-1,80.02733135223389
4.05,-1,80.04433488845825
4.23,-1,80.06133890151978
4.23,-1,80.07834267616272
4.41,-1,80.09534621238708
0.0,1,80.34348917007446
-0.01,1,80.35949277877808
-0.01,1,80.37649703025818
-0.03,1,80.39350032806396
-0.06,1,80.41050386428833
-0.1,1,80.42718529701233
-0.15,1,80.4441888332367
-0.21,1,80.4611930847168
-0.21,1,80.47819685935974
-0.28,1,80.49520063400269
-0.35,1,80.51220536231995
-0.42,1,80.52920818328857
-0.51,0,80.54621267318726
-0.6,0,80.56321597099304
-0.7,0,80.58021974563599
-0.7,0,80.59622383117676
-0.82,0,80.61373209953308
-0.94,0,80.63024067878723
-1.06,0,80.64724349975586
-1.19,0,80.6637544631958
-1.32,0,80.68075942993164
-1.32,0,80.69676184654236
-1.48,0,80.7137656211853
-1.64,0,80.73076915740967
-1.79,0,80.74677300453186
-1.94,0,80.7643563747406
-2.1,0,80.78135991096497
-2.1,0,80.79836344718933
-2.28,-1,80.81536674499512
-2.46,-1,80.83237290382385
-2.64,-1,80.84937453269958
-2.82,-1,80.86637830734253
-3.0,-1,80.88357734680176
-3.2,-1,80.89938592910767
-3.2,-1,80.91639018058777
-3.39,-1,80.93354415893555
-3.6,-1,80.95099878311157
-3.81,-1,80.9679958820343
-4.04,-1,80.98500037193298
-4.27,-1,81.0018298625946
-4.27,-1,81.01882839202881
-4.49,-1,81.03533673286438
0.0,1,81.28839349746704
0.0,1,81.30474925041199
0.01,1,81.32175350189209
0.01,1,81.33875703811646
0.03,1,81.35531544685364
0.05,1,81.372318983078
0.07,1,81.38932299613953
0.1,1,81.4059407711029
0.13,1,81.42296123504639
0.17,1,81.43896460533142
0.17,1,81.45640277862549
0.21,1,81.47340607643127
0.26,1,81.4904100894928
0.31,1,81.50741791725159
0.37,1,81.52442240715027
0.43,1,81.54142498970032
0.43,1,81.55842971801758
0.5,1,81.57543301582336
0.57,0,81.59243702888489
0.64,0,81.60944080352783
0.72,0,81.62644410133362
0.81,0,81.6434485912323
0.9,0,81.66045212745667
0.9,0,81.67745614051819
0.99,0,81.69445967674255
1.09,0,81.71108293533325
1.2,0,81.72808718681335
1.3,0,81.74509072303772
1.42,0,81.76162433624268
1.42,0,81.77762699127197
1.54,0,81.79463124275208
1.66,0,81.81217670440674
1.79,0,81.8291802406311
1.92,0,81.8461844921112
2.06,0,81.8631899356842
2.2,-1,81.88019180297852
2.2,-1,81.89619517326355
2.34,-1,81.91319918632507
2.47,-1,81.93020296096802
2.59,-1,81.94720673561096
2.71,-1,81.96422505378723
2.82,-1,81.98122906684875
2.82,-1,81.99723219871521
2.91,-1,82.01423668861389
3.0,-1,82.03123998641968
3.09,-1,82.04724383354187
3.17,-1,82.06424760818481
3.24,-1,82.0812509059906
3.24,-1,82.0982551574707
3.31,-1,82.11525893211365
3.37,-1,82.13126230239868
3.42,-1,82.14826679229736
3.46,-1,82.16527056694031
0.0,1,82.42281460762024
0.0,1,82.43981862068176
0.0,1,82.45682263374329
0.02,1,82.4738256931305
0.03,1,82.4908299446106
0.05,1,82.50749564170837
0.08,1,82.52412247657776
0.1,1,82.54112577438354
0.1,1,82.55813002586365
0.14,1,82.57513332366943
0.18,1,82.59164071083069
0.22,1,82.60878419876099
0.27,1,82.62578773498535
0.32,1,82.64303708076477
0.32,1,82.65912961959839
0.38,1,82.67613291740417
0.45,1,82.69305062294006
0.52,0,82.71005463600159
0.59,0,82.72705841064453
0.66,0,82.7440619468689
0.74,0,82.76106595993042
0.74,0,82.77806973457336
0.83,0,82.79507541656494
0.92,0,82.81202816963196
1.02,0,82.8280234336853
1.12,0,82.84502696990967
1.22,0,82.86203122138977
1.22,0,82.87803506851196
1.32,0,82.89503860473633
1.43,0,82.91205835342407
1.53,0,82.92902612686157
1.64,0,82.9460301399231
1.74,0,82.96303343772888
1.74,0,82.97903776168823
1.86,0,82.99604105949402
1.98,0,83.0130455493927
2.1,0,83.03004956245422
2.22,-1,83.04605269432068
2.35,-1,83.06305646896362
2.49,-1,83.0800609588623
2.49,-1,83.09706425666809
2.63,-1,83.11407327651978
2.78,-1,83.13058519363403
2.92,-1,83.14758849143982
3.08,-1,83.16459226608276
3.23,-1,83.18059635162354
3.23,-1,83.1975998878479
3.4,-1,83.21460366249084
3.56,-1,83.2316083908081
3.73,-1,83.24861168861389
3.91,-1,83.26558923721313
4.08,-1,83.28259420394897
0.0,1,83.53460335731506
0.0,1,83.55111193656921
0.01,1,83.56811594963074
0.01,1,83.58511972427368
0.02,1,83.60212421417236
0.02,1,83.61812734603882
0.03,1,83.63613176345825
0.05,1,83.6521348953247
0.06,1,83.66913890838623
0.08,1,83.68615770339966
0.1,1,83.7031614780426
0.12,1,83.72067737579346
0.12,1,83.73667311668396
0.15,1,83.75402212142944
0.18,1,83.77002596855164
0.21,1,83.78703165054321
0.24,1,83.80403089523315
0.27,1,83.82103514671326
0.27,1,83.83703804016113
0.31,1,83.85463953018188
0.35,1,83.87164330482483
0.39,1,83.88864731788635
0.44,1,83.90587091445923
0.48,1,83.92238187789917
0.48,1,83.93938422203064
0.53,0,83.95638871192932
0.58,0,83.97239279747009
0.64,0,83.98939633369446
0.69,0,84.00640034675598
0.75,0,84.02340412139893
0.82,0,84.04040765762329
0.82,0,84.05741119384766
0.89,0,84.07441544532776
0.97,0,84.09141945838928
1.05,0,84.10793113708496
1.13,0,84.12545108795166
1.21,0,84.14245533943176
1.21,0,84.1594591140747
1.3,0,84.17646265029907
1.4,0,84.19346642494202
1.49,0,84.21047019958496
1.59,0,84.22747421264648
1.7,0,84.24447751045227
1.8,0,84.26148223876953
1.8,0,84.2784857749939
1.91,0,84.295490026474
2.02,0,84.31249356269836
2.13,-1,84.32949686050415
2.24,-1,84.34650087356567
2.36,-1,84.36350440979004
2.48,-1,84.38050842285156
2.48,-1,84.39651274681091
2.6,-1,84.41451573371887
2.72,-1,84.43051958084106
2.85,-1,84.44754815101624
2.98,-1,84.46455121040344
3.12,-1,84.48055505752563
3.12,-1,84.49755883216858
3.27,-1,84.51456212997437
3.42,-1,84.53156733512878
3.58,-1,84.54857039451599
3.75,-1,84.56557416915894
3.92,-1,84.58257794380188
0.0,1,84.85731196403503
0.01,1,84.87431621551514
0.02,1,84.89132022857666
0.05,1,84.90832376480103
0.08,1,84.92532753944397
0.12,1,84.94233179092407
0.12,1,84.9593358039856
0.18,1,84.97633934020996
0.24,1,84.99334263801575
0.31,1,85.01034665107727
0.39,1,85.02735042572021
0.48,1,85.04435467720032
0.58,0,85.06135821342468
0.58,0,85.07836198806763
0.69,0,85.09536576271057
0.81,0,85.1118974685669
0.94,0,85.1289267539978
1.07,0,85.14593052864075
1.22,0,85.16293430328369
1.22,0,85.17895865440369
1.38,0,85.19642782211304
1.53,0,85.21343421936035
1.69,0,85.23046135902405
1.86,0,85.24745202064514
2.03,0,85.26445937156677
2.21,0,85.28164482116699
2.21,0,85.29763507843018
2.4,-1,85.31431221961975
2.61,-1,85.3313159942627
2.81,-1,85.34831976890564
3.01,-1,85.36532330513
3.21,-1,85.38232731819153
3.21,-1,85.39933061599731
3.41,-1,85.41698241233826
3.62,-1,85.43334031105042
3.82,-1,85.45043063163757
4.03,-1,85.46734571456909
4.25,-1,85.4843499660492
4.46,-1,85.50035309791565
0.0,1,85.75597739219666
0.0,1,85.77298140525818
0.01,1,85.7899854183197
0.01,1,85.80698871612549
0.02,1,85.82400798797607
0.03,1,85.84101223945618
0.03,1,85.85788893699646
0.04,1,85.8748927116394
0.05,1,85.89189672470093
0.06,1,85.90893745422363
0.07,1,85.92594242095947
0.09,1,85.9429452419281
0.09,1,85.95894956588745
0.11,1,85.9759533405304
0.13,1,85.99195647239685
0.16,1,86.00895977020264
0.18,1,86.02596402168274
0.21,1,86.0429675579071
0.24,1,86.05955123901367
0.24,1,86.0765552520752
0.28,1,86.09355878829956
0.32,1,86.11008358001709
0.37,1,86.12708735466003
0.41,1,86.1440908908844
0.46,1,86.16109466552734
0.46,1,86.1776032447815
0.52,0,86.19460725784302
0.57,0,86.21161103248596
0.63,0,86.22861528396606
0.69,0,86.24561834335327
0.75,0,86.26282906532288
0.75,0,86.27933740615845
0.83,0,86.29634165763855
0.9,0,86.31385016441345
0.98,0,86.33085417747498
1.06,0,86.34785771369934
1.14,0,86.36486148834229
1.23,0,86.38186573982239
1.23,0,86.39886975288391
1.32,0,86.4158730506897
1.42,0,86.43287754058838
1.52,0,86.449880361557
1.62,0,86.46688413619995
1.72,0,86.48388862609863
1.82,0,86.50089263916016
1.82,0,86.51789569854736
1.93,0,86.53489971160889
2.04,-1,86.55190348625183
2.16,-1,86.56890749931335
2.28,-1,86.5859112739563
2.4,-1,86.6028687953949
2.53,-1,86.61987233161926
2.53,-1,86.63687634468079
2.67,-1,86.653879404068
2.81,-1,86.67039489746094
2.96,-1,86.68739104270935
3.11,-1,86.70401358604431
3.26,-1,86.72101736068726
3.26,-1,86.73802137374878
3.41,-1,86.7550597190857
3.57,-1,86.77188229560852
3.73,-1,86.78887486457825
3.89,-1,86.8056948184967
0.0,1,87.05802345275879
0.0,1,87.07505679130554
-0.01,1,87.09201908111572
-0.02,1,87.10801720619202
-0.04,1,87.12452554702759
-0.06,1,87.14152908325195
-0.06,1,87.15755033493042
-0.09,1,87.17455506324768
-0.12,1,87.19155788421631
-0.16,1,87.2084276676178
-0.2,1,87.22543239593506
-0.25,1,87.2420117855072
-0.31,1,87.25962138175964
-0.31,1,87.27662539482117
-0.38,1,87.29362916946411
-0.45,1,87.31091046333313
-0.53,0,87.32691407203674
-0.61,0,87.34391808509827
-0.69,0,87.36044144630432
-0.69,0,87.37744569778442
-0.79,0,87.39404940605164
-0.89,0,87.41105318069458
-0.99,0,87.42805671691895
-1.1,0,87.44506072998047
-1.21,0,87.4617645740509
-1.21,0,87.47827363014221
-1.32,0,87.49527716636658
-1.44,0,87.5122811794281
-1.56,0,87.52928495407104
-1.67,0,87.54628872871399
-1.79,0,87.56329274177551
-1.91,0,87.58029699325562
-1.91,0,87.59630012512207
-2.04,0,87.6133041381836
-2.17,-1,87.63045740127563
-2.3,-1,87.64738750457764
-2.44,-1,87.66439080238342
-2.59,-1,87.68148565292358
-2.59,-1,87.69848895072937
-2.72,-1,87.71539235115051
-2.85,-1,87.73228740692139
-2.98,-1,87.74929118156433
-3.1,-1,87.76639676094055
-3.22,-1,87.78340125083923
-3.33,-1,87.80040407180786
-3.33,-1,87.81691360473633
-3.44,-1,87.83394384384155
-3.55,-1,87.85096192359924
-3.66,-1,87.86753106117249
-3.76,-1,87.88398575782776
-3.86,-1,87.90055298805237
0.0,1,88.16930866241455
0.01,1,88.18522381782532
0.02,1,88.2022225856781
0.02,1,88.21922731399536
0.06,1,88.23623132705688
0.1,1,88.25323510169983
0.14,1,88.27023768424988
0.2,1,88.28724241256714
0.26,1,88.3042459487915
0.34,1,88.32024931907654
0.34,1,88.3372528553009
0.42,1,88.35376214981079
0.52,0,88.37127113342285
0.62,0,88.38827466964722
0.74,0,88.40527844429016
0.86,0,88.42228293418884
0.86,0,88.43928670883179
0.99,0,88.45629024505615
1.12,0,88.47329354286194
1.27,0,88.4902970790863
1.42,0,88.50730180740356
1.59,0,88.52430534362793
1.76,0,88.54130935668945
1.76,0,88.55831289291382
1.94,0,88.57531666755676
2.14,0,88.59232091903687
2.34,-1,88.60832452774048
2.55,-1,88.62532806396484
2.77,-1,88.64233255386353
2.77,-1,88.65933561325073
3.0,-1,88.67633891105652
3.24,-1,88.69234371185303
3.49,-1,88.70934724807739
3.75,-1,88.72635102272034
4.01,-1,88.74335503578186
4.27,-1,88.76035904884338
4.27,-1,88.77736163139343
4.5,-1,88.79436540603638
0.0,1,89.05790257453918
0.0,1,89.07490634918213
-0.01,1,89.09191012382507
-0.02,1,89.10891461372375
-0.04,1,89.12542533874512
-0.06,1,89.1424286365509
-0.06,1,89.15943360328674
-0.09,1,89.17644047737122
-0.12,1,89.19344520568848
-0.16,1,89.21044898033142
-0.2,1,89.22745323181152
-0.24,1,89.24445676803589
-0.29,1,89.26146101951599
-0.29,1,89.27846431732178
-0.34,1,89.29546737670898
-0.4,1,89.31147265434265
-0.47,1,89.32847571372986
-0.54,0,89.34547924995422
-0.61,0,89.36198782920837
-0.61,0,89.37849545478821
-0.69,0,89.39549922943115
-0.77,0,89.4125030040741
-0.86,0,89.4295072555542
-0.95,0,89.44651198387146
-1.05,0,89.46351504325867
-1.15,0,89.48051881790161
-1.15,0,89.49652194976807
-1.26,0,89.51352620124817
-1.37,0,89.53053021430969
-1.48,0,89.54753398895264
-1.6,0,89.56453776359558
-1.7,0,89.58154106140137
-1.7,0,89.59754467010498
-1.82,0,89.61454796791077
-1.93,0,89.63155269622803
-2.05,0,89.64755606651306
-2.16,-1,89.664559841156
-2.27,-1,89.68156361579895
-2.27,-1,89.6975667476654
-2.39,-1,89.71457123756409
-2.52,-1,89.73157477378845
-2.66,-1,89.74857878684998
-2.8,-1,89.76558327674866
-2.93,-1,89.7825882434845
-3.07,-1,89.7995913028717
-3.07,-1,89.81559371948242
-3.22,-1,89.83359837532043
-3.38,-1,89.84960126876831
-3.55,-1,89.86727333068848
-3.72,-1,89.88368606567383
-3.91,-1,89.90068984031677
-3.91,-1,89.91669416427612
-4.1,-1,89.93384623527527
0.0,1,90.19226217269897
0.0,1,90.20977139472961
-0.01,1,90.22637295722961
-0.02,1,90.24338006973267
-0.04,1,90.26038384437561
-0.04,1,90.27738785743713
-0.06,1,90.2943913936615
-0.09,1,90.31140470504761
-0.12,1,90.32849144935608
-0.16,1,90.34549450874329
-0.19,1,90.36149859428406
-0.19,1,90.37850189208984
-0.24,1,90.39550566673279
-0.28,1,90.41150951385498
-0.33,1,90.42851328849792
-0.39,1,90.44551706314087
-0.44,1,90.46252083778381
-0.44,1,90.478524684906
-0.51,0,90.49552845954895
-0.58,0,90.51253199577332
-0.65,0,90.52917623519897
-0.73,0,90.54618120193481
-0.81,0,90.56318402290344
-0.81,0,90.57918763160706
-0.9,0,90.59619188308716
-1.0,0,90.61319518089294
-1.1,0,90.63019943237305
-1.2,0,90.64720344543457
-1.3,0,90.6632068157196
-1.4,0,90.68021035194397
-1.4,0,90.69721388816833
-1.48,0,90.7142186164856
-1.57,0,90.73022127151489
-1.66,0,90.74722528457642
-1.73,0,90.76422905921936
-1.8,0,90.78123378753662
-1.8,0,90.79823780059814
-1.85,0,90.81524062156677
-1.89,0,90.83224558830261
-1.93,0,90.84924840927124
-1.96,-1,90.86625266075134
-1.98,-1,90.88325572013855
-2.0,-1,90.8992600440979
-2.0,-1,90.91626310348511
-1.99,-1,90.93326735496521
-1.98,-1,90.950270652771
-1.97,-1,90.9674744606018
-1.94,-1,90.98429918289185
-1.91,-1,91.001211643219
-1.91,-1,91.01821565628052
-1.87,-1,91.0352189540863
-1.82,-1,91.05173373222351
-1.78,-1,91.06824398040771
-1.74,-1,91.0852472782135
-1.71,-1,91.10228538513184
-1.71,-1,91.11827158927917
-1.68,-1,91.13527536392212
-1.66,-1,91.15227937698364
-1.64,-1,91.16928315162659
-1.63,-1,91.18628668785095
-1.62,-1,91.20329093933105
-1.61,-1,91.21929502487183
-1.61,-1,91.23639440536499
-1.61,-1,91.25341367721558
-1.6,-1,91.27041697502136
-1.59,-1,91.28742027282715
-1.59,-1,91.30443620681763
-1.59,-1,91.32143950462341
-1.59,-1,91.33844375610352
-1.59,-1,91.35544776916504
-1.59,-1,91.37145137786865
-1.59,-1,91.38845491409302
0.0,1,91.64798641204834
0.0,1,91.66500687599182
-0.01,1,91.68201088905334
-0.01,1,91.69901490211487
-0.03,1,91.71625328063965
-0.05,1,91.7322587966919
-0.07,1,91.74926328659058
-0.1,1,91.76624631881714
-0.13,1,91.78325200080872
-0.17,1,91.80025839805603
-0.17,1,91.81639909744263
-0.21,1,91.83340263366699
-0.26,1,91.85084772109985
-0.31,1,91.86769843101501
-0.37,1,91.8844153881073
-0.42,1,91.90141797065735
-0.42,1,91.91842269897461
-0.48,1,91.93542575836182
-0.55,0,91.95249271392822
-0.62,0,91.96949672698975
-0.69,0,91.98650050163269
-0.77,0,92.00350403785706
-0.85,0,92.0205078125
-0.85,0,92.03751230239868
-0.94,0,92.05486631393433
-1.03,0,92.07086896896362
-1.12,0,92.0878734588623
-1.2,0,92.10488176345825
-1.28,0,92.12162399291992
-1.28,0,92.13862824440002
-1.34,0,92.15563154220581
-1.39,0,92.17263603210449
-1.43,0,92.18863940238953
-1.47,0,92.2051477432251
-1.5,0,92.22166347503662
-1.5,0,92.23866701126099
-1.51,0,92.25567126274109
-1.51,0,92.2726743221283
-1.51,0,92.2896785736084
-1.5,0,92.30668187141418
-1.48,0,92.32343220710754
-1.45,0,92.34043550491333
-1.45,0,92.35743975639343
-1.43,0,92.37444257736206
-1.41,0,92.39044713973999
-1.39,0,92.40745139122009
-1.36,0,92.42387914657593
-1.34,0,92.44088244438171
-1.34,0,92.45688652992249
-1.33,0,92.4748899936676
-1.32,0,92.4908938407898
-1.32,0,92.50789785385132
-1.32,-1,92.52490139007568
-1.32,-1,92.54190635681152
-1.32,-1,92.55790853500366
-1.33,-1,92.57491278648376
-1.35,-1,92.59191656112671
-1.37,-1,92.60892009735107
-1.39,-1,92.62572765350342
-1.42,-1,92.64273047447205
-1.45,-1,92.65973496437073
-1.45,-1,92.6757378578186
-1.49,-1,92.6927421092987
-1.54,-1,92.70974564552307
-1.59,-1,92.72674942016602
-1.64,-1,92.74375343322754
-1.69,-1,92.76075768470764
-1.69,-1,92.77776074409485
-1.76,-1,92.79476547241211
-1.83,-1,92.81076836585999
-1.89,-1,92.82770252227783
-1.95,-1,92.8447060585022
-2.02,-1,92.86170983314514
-2.02,-1,92.87821817398071
-2.09,-1,92.8952226638794
-2.16,-1,92.9117419719696
0.0,1,93.17060327529907
0.01,1,93.1875958442688
0.02,1,93.2046000957489
0.05,1,93.22160339355469
0.05,1,93.23860764503479
0.09,1,93.25561141967773
0.14,1,93.27161478996277
0.19,1,93.28861880302429
0.26,1,93.3056230545044
0.32,1,93.32262706756592
0.4,1,93.3396303653717
0.4,1,93.35663366317749
0.49,1,93.37363791465759
0.58,0,93.3896415233612
0.69,0,93.40714979171753
0.8,0,93.42315411567688
0.93,0,93.44015717506409
0.93,0,93.45716571807861
1.06,0,93.47417044639587
1.21,0,93.49117374420166
1.36,0,93.5078616142273
1.5,0,93.52486610412598
1.65,0,93.54186940193176
1.65,0,93.5588731765747
1.82,0,93.57538080215454
1.99,0,93.59249258041382
2.17,0,93.60949659347534
2.36,-1,93.6265001296997
2.55,-1,93.64350891113281
2.74,-1,93.66051149368286
2.74,-1,93.67751550674438
2.93,-1,93.69451856613159
3.13,-1,93.71052241325378
3.34,-1,93.72752594947815
3.55,-1,93.74453020095825
3.76,-1,93.76203942298889
3.76,-1,93.77854800224304
3.97,-1,93.79555177688599
4.19,-1,93.81255507469177
4.41,-1,93.82925009727478
0.0,1,94.09382891654968
0.0,1,94.11083602905273
0.01,1,94.12734580039978
0.02,1,94.14434885978699
0.03,1,94.16135311126709
0.03,1,94.17835593223572
0.05,1,94.19536089897156
0.07,1,94.2123634815216
0.09,1,94.2283673286438
0.12,1,94.24537086486816
0.14,1,94.26237559318542
0.14,1,94.27937912940979
0.17,1,94.29638195037842
0.21,1,94.31238627433777
0.24,1,94.32938981056213
0.28,1,94.34639358520508
0.32,1,94.36339807510376
0.36,1,94.38040137290955
0.36,1,94.3964056968689
0.41,1,94.41340970993042
0.46,1,94.43041276931763
0.5,0,94.44741868972778
0.54,0,94.46442031860352
0.58,0,94.48142409324646
0.58,0,94.49742794036865
0.63,0,94.5144317150116
0.68,0,94.53143525123596
0.73,0,94.54843974113464
0.79,0,94.56544399261475
0.85,0,94.58244681358337
0.85,0,94.59945058822632
0.92,0,94.61596131324768
0.99,0,94.63296437263489
1.06,0,94.64996814727783
1.13,0,94.66686677932739
1.2,0,94.68435764312744
1.28,0,94.7008740901947
1.28,0,94.7178783416748
1.36,0,94.73439002037048
1.44,0,94.75139355659485
1.53,0,94.76839780807495
1.61,0,94.78540110588074
1.71,0,94.80240488052368
1.71,0,94.818918466568
1.82,0,94.83543014526367
1.93,0,94.8524341583252
2.05,-1,94.86946702003479
2.18,-1,94.88645553588867
2.32,-1,94.90346217155457
2.47,-1,94.92046618461609
2.47,-1,94.93747019767761
2.61,-1,94.95447731018066
2.75,-1,94.97149348258972
2.88,-1,94.98844242095947
3.01,-1,95.00520992279053
3.14,-1,95.02221488952637
3.14,-1,95.03921818733215
3.25,-1,95.05622172355652
3.35,-1,95.0727870464325
3.45,-1,95.0903058052063
3.54,-1,95.10630583763123
3.62,-1,95.12331485748291
0.0,1,95.38429880142212
0.0,1,95.40130281448364
0.0,1,95.41730666160583
0.01,1,95.43431043624878
0.02,1,95.4513144493103
0.03,1,95.46831750869751
0.04,1,95.48532152175903
0.06,1,95.50232577323914
0.06,1,95.51832938194275
0.08,1,95.53633332252502
0.11,1,95.55233669281006
0.14,1,95.56934022903442
0.17,1,95.58634400367737
0.2,1,95.60334777832031
0.24,1,95.62035179138184
0.24,1,95.6373553276062
0.28,1,95.65435934066772
0.32,1,95.67136311531067
0.37,1,95.68736696243286
0.41,1,95.70437145233154
0.46,1,95.72137451171875
0.46,1,95.73737859725952
0.51,0,95.75438237190247
0.57,0,95.77138781547546
0.62,0,95.78839230537415
0.67,0,95.80539584159851
0.72,0,95.82240223884583
0.72,0,95.83940529823303
0.78,0,95.85640907287598
0.83,0,95.87241315841675
0.88,0,95.88941669464111
0.92,0,95.9064199924469
0.97,0,95.923424243927
1.01,0,95.94042873382568
1.01,0,95.95643186569214
1.06,0,95.97443580627441
1.11,0,95.99044013023376
1.16,0,96.00744342803955
1.21,0,96.02444767951965
1.26,0,96.04145216941833
1.26,0,96.05845427513123
1.32,0,96.07545828819275
1.38,0,96.09146189689636
1.44,0,96.10854434967041
1.51,0,96.12542533874512
1.59,0,96.14242935180664
1.59,0,96.15943312644958
1.67,0,96.17643690109253
1.75,0,96.19344115257263
1.83,0,96.21044445037842
1.91,-1,96.22744846343994
2.0,-1,96.24445271492004
2.08,-1,96.26145648956299
2.08,-1,96.2784595489502
2.17,-1,96.2954638004303
2.27,-1,96.31246733665466
2.37,-1,96.32947111129761
2.48,-1,96.34647536277771
2.6,-1,96.36347937583923
2.73,-1,96.37948274612427
2.73,-1,96.39648675918579
2.88,-1,96.41348958015442
3.03,-1,96.4297137260437
3.18,-1,96.44671750068665
3.34,-1,96.46372151374817
3.5,-1,96.48072671890259
3.5,-1,96.49772906303406
3.67,-1,96.51473331451416
0.0,1,96.77291059494019
0.0,1,96.78991389274597
0.0,1,96.80691814422607
0.0,1,96.8239221572876
0.0,1,96.84092569351196
0.0,1,96.85792946815491
0.01,1,96.87493300437927
0.02,1,96.89093708992004
0.03,1,96.90794086456299
0.03,1,96.92496156692505
0.03,1,96.9409658908844
0.03,1,96.95796966552734
0.04,1,96.97497296333313
0.05,1,96.99197721481323
0.06,1,97.007981300354
0.07,1,97.02498435974121
0.08,1,97.04198884963989
0.08,1,97.05899262428284
0.09,1,97.07599592208862
0.11,1,97.09300017356873
0.13,1,97.10950875282288
0.15,1,97.12651228904724
0.17,1,97.14351725578308
0.19,1,97.16052079200745
0.19,1,97.17752456665039
0.2,1,97.19452834129333
0.2,1,97.21128630638123
0.21,1,97.22828984260559
0.2,1,97.24529314041138
0.2,1,97.26229739189148
0.2,1,97.27930116653442
0.18,1,97.29630422592163
0.17,1,97.3123083114624
0.15,1,97.32931184768677
0.14,1,97.34631586074829
0.12,1,97.36331963539124
0.11,1,97.37932324409485
0.11,1,97.39632749557495
0.1,1,97.41333079338074
0.09,1,97.43033456802368
0.07,1,97.4473385810852
0.04,1,97.46434307098389
0.02,1,97.48122668266296
0.02,1,97.49823117256165
-0.01,1,97.51523470878601
-0.04,1,97.53223848342896
-0.09,1,97.54924297332764
-0.14,1,97.56575274467468
-0.19,1,97.58275723457336
-0.25,1,97.59976029396057
-0.25,1,97.6163694858551
-0.3,1,97.63337349891663
-0.36,1,97.6493775844574
-0.43,1,97.66638159751892
-0.51,1,97.68338513374329
-0.6,1,97.70038914680481
-0.6,1,97.71630096435547
-0.7,0,97.73330473899841
-0.8,0,97.75030851364136
-0.91,0,97.76776456832886
-1.03,0,97.78437066078186
-1.14,0,97.80132055282593
-1.14,0,97.81832385063171
-1.25,0,97.8353271484375
-1.35,0,97.85133075714111
-1.46,0,97.86833477020264
-1.56,0,97.88533854484558
-1.66,0,97.90234279632568
-1.66,0,97.91934585571289
-1.75,0,97.936350107193
-1.85,0,97.95335412025452
-1.94,0,97.97067213058472
-2.03,0,97.9866669178009
-2.12,0,98.00367069244385
-2.2,0,98.02067446708679
-2.2,0,98.03667855262756
-2.28,-1,98.05368232727051
-2.37,-1,98.07039499282837
-2.45,-1,98.08738923072815
-2.55,-1,98.1043930053711
-2.64,-1,98.1213960647583
-2.64,-1,98.13740062713623
-2.75,-1,98.15540671348572
-2.86,-1,98.17141246795654
-2.97,-1,98.18841600418091
-3.08,-1,98.20542025566101
-3.19,-1,98.2224235534668
-3.19,-1,98.2394278049469
-3.29,-1,98.25643253326416
-3.38,-1,98.27243542671204
-3.47,-1,98.2894389629364
-3.56,-1,98.3059470653534
-3.65,-1,98.32295107841492
-3.74,-1,98.33995485305786
-3.74,-1,98.35746383666992
-3.82,-1,98.3744707107544
0.0,1,98.61737990379333
0.0,1,98.63438367843628
0.01,1,98.65138721466064
0.02,1,98.66839146614075
0.04,1,98.68540406227112
0.05,1,98.7019100189209
0.05,1,98.71841883659363
0.08,1,98.73541712760925
0.11,1,98.75242066383362
0.14,1,98.76893377304077
0.17,1,98.78596925735474
0.21,1,98.80295491218567
0.26,1,98.81995844841003
0.26,1,98.83596229553223
0.31,1,98.85396671295166
0.37,1,98.86997246742249
0.43,1,98.88697576522827
0.49,1,98.90398025512695
0.55,0,98.9209840297699
0.55,0,98.93798756599426
0.6,0,98.9549913406372
0.65,0,98.971994638443
0.69,0,98.98799896240234
0.73,0,99.00550699234009
0.77,0,99.02151322364807
0.77,0,99.03851675987244
0.81,0,99.05552101135254
0.86,0,99.07252430915833
0.91,0,99.08852744102478
0.96,0,99.10553121566772
1.02,0,99.12153506278992
1.02,0,99.1385395526886
1.09,0,99.15554308891296
1.16,0,99.17255187034607
1.23,0,99.18955564498901
1.31,0,99.20655941963196
1.39,0,99.22356343269348
1.47,0,99.24056696891785
1.47,0,99.25757026672363
1.55,0,99.27457475662231
1.63,0,99.29157757759094
1.7,0,99.30808687210083
1.78,0,99.32459497451782
1.85,0,99.3415994644165
1.85,0,99.35860323905945
1.91,-1,99.37560653686523
1.97,-1,99.3926112651825
2.01,-1,99.40961456298828
2.05,-1,99.42616963386536
2.07,-1,99.44317364692688
2.09,-1,99.46017742156982
2.09,-1,99.47718119621277
2.11,-1,99.49418520927429
2.14,-1,99.51018857955933
2.18,-1,99.52729225158691
2.22,-1,99.54429578781128
2.27,-1,99.56129932403564
2.27,-1,99.57830357551575
2.33,-1,99.59530687332153
2.39,-1,99.61131072044373
2.45,-1,99.62831473350525
2.53,-1,99.64531946182251
2.61,-1,99.6623227596283
2.61,-1,99.67932629585266
2.71,-1,99.69632983207703
2.82,-1,99.71233439445496
2.94,-1,99.72933721542358
3.06,-1,99.74634099006653
0.0,1,99.97429251670837
-0.01,1,99.9913022518158
-0.02,1,100.00830340385437
-0.05,1,100.02530980110168
-0.08,1,100.04231548309326
-0.08,1,100.05932021141052
-0.13,1,100.07632756233215
-0.17,1,100.09233355522156
-0.22,1,100.10939836502075
-0.26,1,100.12638092041016
-0.29,1,100.14338636398315
-0.32,1,100.1604175567627
-0.32,1,100.17639660835266
-0.35,1,100.19340300559998
-0.37,1,100.21040654182434
-0.39,1,100.22741031646729
-0.41,1,100.24441647529602
-0.42,1,100.26143002510071
-0.42,1,100.27843356132507
-0.44,1,100.29543733596802
-0.45,1,100.31144142150879
-0.45,1,100.32844519615173
-0.46,1,100.34544920921326
-0.46,1,100.3624529838562
-0.46,1,100.37853670120239
-0.45,1,100.39554047584534
-0.44,1,100.41254425048828
-0.42,1,100.42955112457275
-0.4,1,100.44655513763428
-0.38,1,100.46355867385864
-0.35,1,100.48056268692017
-0.35,1,100.4965660572052
-0.33,1,100.51356983184814
-0.3,1,100.53057336807251
-0.27,1,100.54757785797119
-0.24,1,100.56358098983765
-0.21,1,100.58058524131775
-0.21,1,100.59758877754211
-0.19,1,100.61459255218506
-0.19,1,100.63159894943237
-0.19,1,100.6486029624939
-0.18,1,100.66560769081116
-0.17,1,100.68261075019836
-0.17,1,100.69861459732056
-0.16,1,100.71561813354492
-0.16,1,100.73162269592285
-0.15,1,100.74862599372864
-0.14,1,100.76563000679016
-0.15,1,100.78224778175354
-0.15,1,100.79925155639648
-0.16,0,100.81625580787659
-0.18,0,100.83325910568237
-0.2,0,100.85026359558105
-0.23,0,100.86774921417236
-0.25,0,100.88427114486694
-0.28,0,100.90127444267273
-0.28,0,100.91804504394531
-0.29,0,100.9352822303772
-0.3,0,100.95228624343872
-0.32,0,100.96929025650024
-0.32,0,100.98629403114319
-0.33,0,101.00329756736755
-0.33,0,101.02031421661377
-0.33,0,101.0363085269928
-0.32,0,101.05331206321716
-0.31,0,101.0703296661377
-0.29,0,101.08732318878174
-0.27,0,101.10432720184326
-0.25,0,101.12133026123047
-0.25,0,101.1373336315155
-0.24,0,101.1543378829956
-0.24,0,101.17134475708008
-0.25,0,101.18834805488586
-0.25,0,101.20535254478455
-0.25,0,101.22272729873657
-0.24,0,101.23973083496094
-0.24,0,101.25673508644104
-0.23,0,101.27373886108398
-0.21,0,101.29074263572693
-0.19,0,101.30774641036987
-0.17,0,101.32427167892456
-0.14,0,101.34127497673035
-0.14,0,101.35727953910828
-0.11,0,101.37428283691406
-0.08,0,101.391286611557
-0.05,0,101.40829062461853
-0.01,0,101.42529392242432
0.03,0,101.44229865074158
0.03,0,101.45830154418945
0.07,0,101.47530508041382
0.11,0,101.49230933189392
0.14,0,101.50931286811829
0.18,0,101.52631735801697
0.21,0,101.54332089424133
0.24,0,101.5603244304657
0.24,0,101.57732844352722
0.26,0,101.59433221817017
0.29,0,101.61133646965027
0.31,0,101.62834024429321
0.33,0,101.645343542099
0.35,-1,101.6623477935791
0.35,-1,101.67935132980347
0.36,-1,101.69635534286499
0.37,-1,101.71335887908936
0.38,-1,101.73036813735962
0.39,-1,101.74737119674683
0.41,-1,101.76437520980835
0.43,-1,101.78139042854309
0.43,-1,101.79739379882812
0.45,-1,101.81439805030823
0.47,-1,101.83140277862549
0.48,-1,101.8484058380127
0.48,-1,101.86540937423706
0.48,-1,101.88241338729858
0.48,-1,101.89941740036011
0.46,-1,101.91642141342163
0.45,-1,101.93342447280884
0.43,-1,101.95042848587036
0.42,-1,101.96790266036987
0.41,-1,101.98444533348083
0.4,-1,102.00143957138062
0.4,-1,102.01844382286072
0.4,-1,102.03544759750366
0.41,-1,102.05245161056519
0.42,-1,102.06945490837097
0.0,1,102.29856300354004
0.0,1,102.31556606292725
0.01,1,102.33224606513977
0.02,1,102.34883999824524
0.04,1,102.36584377288818
0.06,1,102.38236618041992
0.06,1,102.39837074279785
0.09,1,102.41537308692932
0.12,1,102.43237781524658
0.16,1,102.44938111305237
0.2,1,102.46638488769531
0.24,1,102.48238825798035
0.24,1,102.49939227104187
0.27,1,102.51639604568481
0.3,1,102.53339958190918
0.32,1,102.5504035949707
0.33,1,102.56792402267456
0.34,1,102.58473634719849
0.33,1,102.60126209259033
0.33,1,102.61782336235046
0.31,1,102.63465285301208
0.28,1,102.65127396583557
0.25,1,102.66827774047852
0.2,1,102.6854259967804
0.15,1,102.70243000984192
0.15,1,102.71843314170837
0.1,1,102.73594737052917
0.03,1,102.75194573402405
-0.04,1,102.76894903182983
-0.12,1,102.78549385070801
-0.2,1,102.80249834060669
-0.28,1,102.81950116157532
-0.28,1,102.83679986000061
-0.37,1,102.85379028320312
-0.46,1,102.8697919845581
-0.56,1,102.886873960495
-0.66,0,102.9038028717041
-0.77,0,102.92034435272217
-0.77,0,102.93733024597168
-0.9,0,102.95433330535889
-1.02,0,102.97133755683899
-1.14,0,102.98834562301636
-1.26,0,103.00534892082214
-1.36,0,103.02235555648804
-1.36,0,103.03936266899109
-1.46,0,103.05636620521545
-1.54,0,103.07237339019775
-1.63,0,103.08937954902649
-1.71,0,103.10638451576233
-1.78,0,103.12338638305664
-1.86,0,103.14004373550415
-1.86,0,103.15704894065857
-1.92,0,103.1740517616272
-1.98,0,103.19005513191223
-2.04,0,103.20705890655518
-2.09,0,103.22406244277954
-2.14,0,103.24106693267822
-2.14,0,103.25806999206543
-2.18,-1,103.27507376670837
-2.21,-1,103.29207825660706
-2.25,-1,103.30808234214783
-2.28,-1,103.32508540153503
-2.3,-1,103.34208965301514
-2.3,-1,103.35809254646301
-2.33,-1,103.37560224533081
-2.36,-1,103.39260578155518
-2.39,-1,103.4096097946167
-2.41,-1,103.42613434791565
-2.43,-1,103.44313859939575
-2.45,-1,103.46014142036438
-2.45,-1,103.47714591026306
-2.47,-1,103.49414896965027
-2.49,-1,103.51015257835388
-2.5,-1,103.52768087387085
-2.51,-1,103.54368472099304
-2.51,-1,103.56068849563599
-2.51,-1,103.57728362083435
-2.5,-1,103.59428763389587
-2.49,-1,103.61129093170166
-2.47,-1,103.62829494476318
-2.46,-1,103.64529919624329
-2.44,-1,103.66230297088623
-2.44,-1,103.67830610275269
-2.41,-1,103.69530963897705
-2.38,-1,103.71231389045715
-2.35,-1,103.7293176651001
0.0,1,103.96347689628601
0.01,1,103.98048043251038
0.01,1,103.99748420715332
0.03,1,104.01448774337769
0.06,1,104.03149175643921
0.1,1,104.04849576950073
0.14,1,104.06549906730652
0.2,1,104.08250522613525
0.26,1,104.10050916671753
0.26,1,104.11598038673401
0.33,1,104.13298320770264
0.42,1,104.14999055862427
0.51,0,104.16657423973083
0.61,0,104.18357801437378
0.72,0,104.20058178901672
0.72,0,104.21758580207825
0.84,0,104.23468112945557
0.97,0,104.25162076950073
1.11,0,104.26820778846741
1.26,0,104.28519916534424
1.42,0,104.3022027015686
1.42,0,104.31820702552795
1.59,0,104.33521103858948
1.77,0,104.35221481323242
1.96,0,104.36921787261963
2.14,0,104.38622212409973
2.33,-1,104.40322589874268
2.53,-1,104.42023015022278
2.53,-1,104.43723368644714
2.75,-1,104.45423698425293
2.97,-1,104.4712438583374
3.19,-1,104.48724699020386
3.42,-1,104.50425124168396
3.64,-1,104.52103185653687
3.64,-1,104.53802561759949
3.86,-1,104.5550422668457
4.08,-1,104.57115197181702
4.31,-1,104.58814978599548
4.54,-1,104.6051676273346
0.0,1,104.83087730407715
0.01,1,104.84789490699768
0.02,1,104.86489915847778
0.04,1,104.88146305084229
0.04,1,104.8974666595459
0.06,1,104.9154703617096
0.1,1,104.93147397041321
0.14,1,104.94847798347473
0.2,1,104.96548199653625
0.26,1,104.98193883895874
0.26,1,104.99894380569458
0.33,1,105.01594614982605
0.42,1,105.0325243473053
0.51,0,105.04952836036682
0.61,0,105.06653261184692
0.72,0,105.08353567123413
0.83,0,105.10053944587708
0.83,0,105.116544008255
0.96,0,105.13354682922363
1.09,0,105.15055108070374
1.22,0,105.16755509376526
1.36,0,105.18444347381592
1.51,0,105.20155072212219
1.51,0,105.21845388412476
1.67,0,105.23523378372192
1.84,0,105.2522382736206
2.02,0,105.26924204826355
2.2,0,105.28624510765076
2.37,-1,105.30324912071228
2.55,-1,105.32025289535522
2.55,-1,105.33725714683533
2.73,-1,105.35426092147827
2.91,-1,105.371267080307
3.09,-1,105.38827109336853
3.27,-1,105.40527510643005
3.44,-1,105.42228150367737
3.44,-1,105.43928551673889
3.62,-1,105.4562885761261
3.81,-1,105.47309446334839
3.99,-1,105.49009847640991
4.18,-1,105.50710272789001
4.36,-1,105.52371978759766
0.0,1,105.76551008224487
0.01,1,105.78219199180603
0.01,1,105.79919505119324
0.03,1,105.8161985874176
0.05,1,105.8332028388977
0.08,1,105.85020613670349
0.12,1,105.86721014976501
0.15,1,105.88321375846863
0.18,1,105.90021800994873
0.18,1,105.91722083091736
0.2,1,105.93422436714172
0.21,1,105.95160794258118
0.24,1,105.96823310852051
0.27,1,105.98523664474487
0.31,1,106.00224041938782
0.31,1,106.01924395561218
0.36,1,106.03624773025513
0.43,1,106.05325198173523
0.5,0,106.07025599479675
0.58,0,106.0872597694397
0.67,0,106.103262424469
0.75,0,106.1202666759491
0.75,0,106.13626980781555
0.83,0,106.15327334403992
0.91,0,106.17031073570251
0.99,0,106.18730187416077
1.07,0,106.20430517196655
1.15,0,106.22130870819092
1.15,0,106.2383120059967
1.22,0,106.25531649589539
1.3,0,106.27232241630554
1.38,0,106.28832578659058
1.47,0,106.30533027648926
1.56,0,106.3223340511322
1.56,0,106.3383378982544
1.66,0,106.35534119606018
1.78,0,106.37234902381897
1.89,0,106.3893518447876
2.02,0,106.40635561943054
2.14,-1,106.42335987091064
2.27,-1,106.44036364555359
2.27,-1,106.45736718177795
2.4,-1,106.47465920448303
2.53,-1,106.49066305160522
2.65,-1,106.50766706466675
2.76,-1,106.52437973022461
2.88,-1,106.54138445854187
2.88,-1,106.5583872795105
3.0,-1,106.57506108283997
3.12,-1,106.59206461906433
3.24,-1,106.60906863212585
3.37,-1,106.62659311294556
3.5,-1,106.64359664916992
3.63,-1,106.66060018539429
3.63,-1,106.6766083240509
3.77,-1,106.69361209869385
0.0,1,106.9207010269165
0.0,1,106.93768882751465
0.02,1,106.9541974067688
0.04,1,106.97120118141174
0.07,1,106.98820519447327
0.11,1,107.0053985118866
0.16,1,107.02140259742737
0.16,1,107.0374083518982
0.22,1,107.05461049079895
0.3,1,107.07161736488342
0.38,1,107.08828520774841
0.46,1,107.10528874397278
0.56,0,107.12229299545288
0.56,0,107.13929677009583
0.66,0,107.15630030632019
0.78,0,107.17230439186096
0.9,0,107.18930768966675
1.04,0,107.20631170272827
1.18,0,107.22331595420837
1.32,0,107.2403199672699
1.32,0,107.25684452056885
1.48,0,107.27388381958008
1.65,0,107.29088735580444
1.82,0,107.30789113044739
1.99,0,107.3248941898346
2.16,0,107.34089803695679
2.16,0,107.35790276527405
2.33,-1,107.3749098777771
2.5,-1,107.3919129371643
2.67,-1,107.40891718864441
2.83,-1,107.42592096328735
2.99,-1,107.4429247379303
3.14,-1,107.45992803573608
3.14,-1,107.47693490982056
3.3,-1,107.4939386844635
3.45,-1,107.5099425315857
3.61,-1,107.52703619003296
3.77,-1,107.54404020309448
3.93,-1,107.56104397773743
3.93,-1,107.57804751396179
4.11,-1,107.59505105018616
4.29,-1,107.61207389831543
0.0,1,107.84399127960205
0.01,1,107.86099410057068
0.01,1,107.87802600860596
0.03,1,107.89502930641174
0.06,1,107.91103291511536
0.1,1,107.92820906639099
0.15,1,107.9452133178711
0.2,1,107.96223497390747
0.2,1,107.9782383441925
0.27,1,107.99536204338074
0.34,1,108.01222014427185
0.42,1,108.02922415733337
0.51,0,108.04610276222229
0.61,0,108.06310629844666
0.72,0,108.08011078834534
0.72,0,108.09711456298828
0.84,0,108.11411738395691
0.97,0,108.13112211227417
1.11,0,108.14812636375427
1.25,0,108.16513013839722
1.41,0,108.18213391304016
1.41,0,108.1981372833252
1.58,0,108.21614170074463
1.76,0,108.23270726203918
1.94,0,108.24871134757996
2.14,0,108.26571416854858
2.34,-1,108.28229689598083
2.34,-1,108.29930067062378
2.54,-1,108.3163046836853
2.73,-1,108.33330798149109
2.94,-1,108.35031127929688
3.13,-1,108.36731576919556
3.33,-1,108.3843195438385
3.54,-1,108.40032267570496
3.54,-1,108.41732740402222
3.77,-1,108.43433046340942
3.99,-1,108.45150566101074
4.22,-1,108.46844220161438
4.46,-1,108.48534178733826
0.0,1,108.71064329147339
0.01,1,108.72764754295349
0.02,1,108.74465131759644
0.04,1,108.76165556907654
0.04,1,108.77820348739624
0.08,1,108.7952070236206
0.12,1,108.81221103668213
0.17,1,108.82921504974365
0.23,1,108.8462188243866
0.29,1,108.86322212219238
0.37,1,108.88022589683533
0.37,1,108.89723014831543
0.44,1,108.9142336845398
0.52,0,108.93123722076416
0.6,0,108.94724106788635
0.69,0,108.96424508094788
0.79,0,108.9812490940094
0.79,0,108.99725294113159
0.91,0,109.01425623893738
1.03,0,109.03126239776611
1.15,0,109.04826402664185
1.27,0,109.06526803970337
1.39,0,109.08227157592773
1.39,0,109.09927487373352
1.52,0,109.11627912521362
1.66,0,109.13328266143799
1.8,0,109.14928674697876
1.94,0,109.16629076004028
2.09,0,109.18329405784607
2.24,-1,109.20029807090759
2.24,-1,109.21730256080627
2.4,-1,109.2343053817749
2.55,-1,109.25159335136414
2.71,-1,109.26831340789795
2.88,-1,109.28531694412231
3.04,-1,109.30232048034668
3.04,-1,109.31838941574097
3.2,-1,109.33532881736755
3.36,-1,109.35284328460693
3.51,-1,109.3693528175354
3.66,-1,109.38635659217834
3.81,-1,109.40336036682129
3.96,-1,109.42037844657898
3.96,-1,109.43637084960938
4.11,-1,109.453373670578
0.0,1,109.71136832237244
0.01,1,109.72837209701538
0.02,1,109.74537587165833
0.03,1,109.76237988471985
0.03,1,109.77938342094421
0.06,1,109.79638671875
0.09,1,109.8133909702301
0.12,1,109.83039450645447
0.17,1,109.84739828109741
0.22,1,109.86440205574036
0.28,1,109.88140606880188
0.28,1,109.89741015434265
0.34,1,109.91441321372986
0.41,1,109.93141722679138
0.48,1,109.947420835495
0.57,0,109.96442484855652
0.66,0,109.98142862319946
0.66,0,109.99743223190308
0.77,0,110.01443576812744
0.88,0,110.03043961524963
1.01,0,110.04744338989258
1.14,0,110.06444716453552
1.28,0,110.08145093917847
1.28,0,110.09795928001404
1.42,0,110.11496257781982
1.57,0,110.13196635246277
1.72,0,110.14897060394287
1.89,0,110.16597437858582
2.05,0,110.18198275566101
2.05,0,110.19898581504822
2.2,-1,110.21598935127258
2.35,-1,110.23253679275513
2.49,-1,110.24954032897949
2.62,-1,110.26654505729675
2.74,-1,110.2831642627716
2.86,-1,110.3000078201294
2.86,-1,110.31601071357727
2.99,-1,110.33379244804382
3.11,-1,110.35079622268677
3.23,-1,110.3677990436554
3.35,-1,110.38438200950623
3.48,-1,110.40149211883545
3.48,-1,110.41839027404785
3.62,-1,110.43541383743286
3.77,-1,110.45241785049438
3.93,-1,110.46942138671875
4.09,-1,110.48542523384094
0.0,1,110.73280453681946
0.01,1,110.7498083114624
0.02,1,110.76681232452393
0.05,1,110.78381633758545
0.08,1,110.80081939697266
0.08,1,110.8178231716156
0.13,1,110.83482694625854
0.18,1,110.85183191299438
0.25,1,110.86883401870728
0.32,1,110.88583850860596
0.4,1,110.90284252166748
0.49,1,110.92047119140625
0.49,1,110.93646621704102
0.59,0,110.95346999168396
0.7,0,110.96947383880615
0.82,0,110.98688054084778
0.95,0,111.00388503074646
1.09,0,111.02088928222656
1.09,0,111.03789186477661
1.24,0,111.05489587783813
1.4,0,111.0718994140625
1.57,0,111.08790302276611
1.73,0,111.10490679740906
1.9,0,111.12191319465637
1.9,0,111.13891696929932
2.09,0,111.15592098236084
2.29,-1,111.1725161075592
2.49,-1,111.18951964378357
2.7,-1,111.20652318000793
2.92,-1,111.22353053092957
3.15,-1,111.24053430557251
3.15,-1,111.25753808021545
3.4,-1,111.27454137802124
3.65,-1,111.29154515266418
3.91,-1,111.30854988098145
4.18,-1,111.32555317878723
4.45,-1,111.34255695343018
4.73,-1,111.35956072807312
0.0,1,111.61203742027283
0.01,1,111.62904095649719
0.02,1,111.64605951309204
0.05,1,111.66307854652405
0.08,1,111.68036079406738
0.08,1,111.69634985923767
0.11,1,111.7143566608429
0.15,1,111.73048281669617
0.2,1,111.7474730014801
0.26,1,111.76426267623901
0.32,1,111.78126668930054
0.32,1,111.79727029800415
0.4,1,111.8142740726471
0.49,1,111.83127856254578
0.58,0,111.84828114509583
0.69,0,111.86428546905518
0.8,0,111.88130474090576
0.8,0,111.89730906486511
0.93,0,111.91431260108948
1.06,0,111.931316614151
1.21,0,111.94831991195679
1.36,0,111.96532440185547
1.52,0,111.98232793807983
1.52,0,111.99833226203918
1.7,0,112.01533603668213
1.88,0,112.03233885765076
2.07,0,112.04934287071228
2.27,-1,112.06634736061096
2.48,-1,112.08335065841675
2.7,-1,112.10035419464111
2.7,-1,112.11635780334473
2.93,-1,112.13336181640625
3.17,-1,112.1503655910492
3.4,-1,112.16737031936646
3.65,-1,112.18337368965149
3.9,-1,112.20037698745728
3.9,-1,112.2173810005188
4.15,-1,112.23438501358032
4.41,-1,112.25169777870178
4.68,-1,112.26856780052185
0.0,1,112.51188969612122
-0.01,1,112.52889251708984
-0.01,1,112.54489588737488
0.0,1,112.56190013885498
0.0,1,112.57802844047546
0.02,1,112.59603238105774
0.06,1,112.6130359172821
0.1,1,112.6294686794281
0.14,1,112.64647221565247
0.19,1,112.66347599029541
0.23,1,112.68047904968262
0.23,1,112.69648361206055
0.28,1,112.71350312232971
0.33,1,112.73050689697266
0.38,1,112.74751114845276
0.42,1,112.76451826095581
0.46,1,112.78052735328674
0.46,1,112.7979428768158
0.49,1,112.81485104560852
0.53,0,112.83201289176941
0.57,0,112.84900331497192
0.61,0,112.86600637435913
0.66,0,112.882639169693
0.66,0,112.89864325523376
0.72,0,112.91564607620239
0.79,0,112.93265008926392
0.85,0,112.94965410232544
0.92,0,112.96625781059265
0.99,0,112.98326206207275
1.07,0,113.00026607513428
1.07,0,113.01726984977722
1.15,0,113.03427314758301
1.23,0,113.05127787590027
1.32,0,113.06838870048523
1.4,0,113.08428430557251
1.48,0,113.10128951072693
1.48,0,113.1172924041748
1.55,0,113.13529562950134
1.61,0,113.15230059623718
1.66,0,113.16930389404297
1.71,0,113.18630790710449
1.74,0,113.20331120491028
1.77,0,113.22031497955322
1.77,0,113.23732161521912
1.8,0,113.2543249130249
1.82,0,113.27132797241211
1.86,-1,113.28833222389221
1.9,-1,113.3053367137909
1.94,-1,113.322340965271
1.94,-1,113.3393440246582
2.01,-1,113.3563482761383
2.08,-1,113.37335205078125
2.16,-1,113.39035606384277
2.25,-1,113.40737318992615
2.34,-1,113.42437696456909
2.45,-1,113.44138050079346
2.45,-1,113.45838451385498
2.57,-1,113.47538781166077
2.7,-1,113.49239182472229
2.83,-1,113.50939583778381
2.98,-1,113.52640008926392
3.13,-1,113.5434033870697
3.29,-1,113.5604076385498
3.29,-1,113.57741093635559
3.46,-1,113.59441494941711
3.65,-1,113.61149168014526
0.0,1,113.88028907775879
0.0,1,113.89621305465698
0.01,1,113.91321635246277
0.01,1,113.93022060394287
0.01,1,113.9472246170044
0.01,1,113.96422839164734
0.0,1,113.9812319278717
0.0,1,113.99723529815674
-0.02,1,114.014240026474
-0.04,1,114.03124380111694
-0.06,1,114.04824686050415
-0.09,1,114.06525111198425
-0.12,1,114.0822548866272
-0.12,1,114.09825873374939
-0.17,1,114.11626195907593
-0.22,1,114.13226675987244
-0.27,1,114.14927005767822
-0.32,1,114.16627335548401
-0.38,1,114.18327856063843
-0.45,1,114.20028138160706
-0.45,1,114.21628451347351
-0.51,0,114.23328852653503
-0.57,0,114.25029277801514
-0.64,0,114.26729679107666
-0.71,0,114.28329968452454
-0.79,0,114.3003044128418
-0.79,0,114.31630754470825
-0.87,0,114.33331155776978
-0.95,0,114.35031533241272
-1.03,0,114.36731839179993
-1.11,0,114.38432288169861
-1.19,0,114.4017539024353
-1.19,0,114.41832995414734
-1.28,0,114.43533396720886
-1.38,0,114.45192670822144
-1.49,0,114.46851396560669
-1.6,0,114.48534536361694
-1.72,0,114.50234889984131
-1.72,0,114.5185821056366
-1.86,0,114.53535676002502
-2.0,0,114.55236029624939
-2.15,-1,114.56936454772949
-2.3,-1,114.58590054512024
-2.46,-1,114.6028983592987
-2.61,-1,114.61990165710449
-2.61,-1,114.63691544532776
-2.76,-1,114.65391254425049
-2.9,-1,114.67086124420166
-3.03,-1,114.68737244606018
-3.16,-1,114.70437622070312
-3.29,-1,114.72137999534607
-3.29,-1,114.73838400840759
-3.4,-1,114.75538778305054
-3.51,-1,114.77140378952026
-3.6,-1,114.78840756416321
-3.69,-1,114.8054130077362
-3.78,-1,114.82241630554199
0.0,1,115.07227897644043
0.0,1,115.08628129959106
-0.01,1,115.10328531265259
-0.02,1,115.12028980255127
-0.02,1,115.1362931728363
-0.04,1,115.15429663658142
-0.07,1,115.17032408714294
-0.1,1,115.18731665611267
-0.13,1,115.2043194770813
-0.16,1,115.22132325172424
-0.16,1,115.23832702636719
-0.21,1,115.25533103942871
-0.26,1,115.27233600616455
-0.31,1,115.28933835029602
-0.36,1,115.3063428401947
-0.42,1,115.32336044311523
-0.49,1,115.34036350250244
-0.49,1,115.35736751556396
-0.56,0,115.37437129020691
-0.64,0,115.39137601852417
-0.72,0,115.4083788394928
-0.8,0,115.42538285255432
-0.88,0,115.442387342453
-0.88,0,115.45939087867737
-0.96,0,115.47640895843506
-1.05,0,115.4934139251709
-1.14,0,115.51041722297668
-1.24,0,115.52742123603821
-1.34,0,115.54342532157898
-1.43,0,115.56042861938477
-1.43,0,115.57743263244629
-1.53,0,115.59443593025208
-1.64,0,115.61044001579285
-1.75,0,115.62744331359863
-1.85,0,115.64444780349731
-1.96,0,115.66145133972168
-1.96,0,115.6774549484253
-2.08,0,115.69545912742615
-2.21,-1,115.7114622592926
-2.34,-1,115.72846698760986
-2.47,-1,115.74547004699707
-2.61,-1,115.76247429847717
-2.75,-1,115.77947759628296
-2.75,-1,115.79648232460022
-2.9,-1,115.813485622406
-3.06,-1,115.83050656318665
-3.22,-1,115.84651041030884
-3.38,-1,115.8635139465332
-3.54,-1,115.88051772117615
-3.54,-1,115.89752173423767
-3.69,-1,115.91452527046204
-3.83,-1,115.93052911758423
-3.97,-1,115.9475326538086
0.0,1,116.20319724082947
0.01,1,116.22020101547241
0.01,1,116.23620510101318
0.03,1,116.25374174118042
0.06,1,116.27078819274902
0.09,1,116.28677654266357
0.12,1,116.30378031730652
0.15,1,116.32093739509583
0.15,1,116.33693075180054
0.2,1,116.35393381118774
0.25,1,116.37095355987549
0.32,1,116.38794445991516
0.39,1,116.4049506187439
0.47,1,116.42195439338684
0.47,1,116.43895840644836
0.56,0,116.455570936203
0.67,0,116.4728684425354
0.78,0,116.48987197875977
0.9,0,116.50688219070435
1.03,0,116.52386832237244
1.16,0,116.54087162017822
1.16,0,116.5578761100769
1.3,0,116.57451486587524
1.44,0,116.5915195941925
1.59,0,116.60852241516113
1.74,0,116.62554383277893
1.9,0,116.64254713058472
2.06,0,116.65955138206482
2.06,0,116.67655491828918
2.23,-1,116.69355916976929
2.39,-1,116.71056318283081
2.56,-1,116.72656679153442
2.73,-1,116.74357008934021
2.91,-1,116.76057481765747
2.91,-1,116.77723598480225
3.1,-1,116.79423952102661
3.31,-1,116.8102433681488
3.52,-1,116.82726120948792
3.74,-1,116.84426498413086
3.97,-1,116.86126828193665
3.97,-1,116.87827277183533
4.21,-1,116.89527630805969
4.46,-1,116.91128015518188
0.0,1,117.14763379096985
0.01,1,117.16465091705322
0.02,1,117.18158745765686
0.02,1,117.19759178161621
0.06,1,117.21459531784058
0.1,1,117.23217225074768
0.14,1,117.24917578697205
0.2,1,117.26618123054504
0.26,1,117.28318333625793
0.34,1,117.29973793029785
0.34,1,117.31674432754517
0.42,1,117.33374786376953
0.52,0,117.34975123405457
0.62,0,117.36675548553467
0.74,0,117.38375926017761
0.86,0,117.4007625579834
0.86,0,117.41776633262634
0.99,0,117.43427729606628
1.14,0,117.45128035545349
1.29,0,117.46828413009644
1.45,0,117.48528790473938
1.62,0,117.50230503082275
1.62,0,117.51830887794495
1.8,0,117.53531217575073
1.99,0,117.55233001708984
2.19,0,117.56933426856995
2.4,-1,117.58633780479431
2.62,-1,117.6033411026001
2.84,-1,117.62037682533264
2.84,-1,117.63736844062805
3.08,-1,117.65437245368958
3.33,-1,117.6713924407959
3.58,-1,117.68836665153503
3.85,-1,117.70536971092224
4.12,-1,117.72237467765808
4.12,-1,117.73937797546387
4.41,-1,117.75638246536255
4.7,-1,117.77338576316833
0.0,1,118.02602219581604
0.01,1,118.04305267333984
0.01,1,118.05905771255493
0.03,1,118.07576942443848
0.06,1,118.09269690513611
0.1,1,118.11024713516235
0.15,1,118.12624216079712
0.21,1,118.14324617385864
0.27,1,118.16036009788513
0.27,1,118.17637372016907
0.35,1,118.19337725639343
0.44,1,118.21038150787354
0.54,0,118.2263855934143
0.64,0,118.24338960647583
0.75,0,118.26039218902588
0.75,0,118.2773962020874
0.88,0,118.29440093040466
1.02,0,118.31040382385254
1.16,0,118.32740783691406
1.31,0,118.34441113471985
1.47,0,118.36141538619995
1.47,0,118.3774185180664
1.65,0,118.39442348480225
1.83,0,118.41089177131653
2.02,0,118.42800068855286
2.22,0,118.44500517845154
2.43,-1,118.46200799942017
2.43,-1,118.47854042053223
2.63,-1,118.49554419517517
2.83,-1,118.51254773139954
3.02,-1,118.52955198287964
3.21,-1,118.54609870910645
3.39,-1,118.56310272216797
3.57,-1,118.58010625839233
3.57,-1,118.59711146354675
3.75,-1,118.61411452293396
3.92,-1,118.63063478469849
4.09,-1,118.6472520828247
4.26,-1,118.66425561904907
0.0,1,118.89921998977661
0.01,1,118.916583776474
0.02,1,118.9329903125763
0.05,1,118.9499945640564
0.07,1,118.96699857711792
0.1,1,118.98452806472778
0.13,1,119.00153136253357
0.13,1,119.01853632926941
0.18,1,119.03553867340088
0.24,1,119.05232095718384
0.31,1,119.06905317306519
0.39,1,119.08605647087097
0.47,1,119.10305976867676
0.56,0,119.12006425857544
0.56,0,119.13606786727905
0.67,0,119.15358018875122
0.79,0,119.17009925842285
0.91,0,119.1866090297699
1.04,0,119.20361232757568
1.18,0,119.2206163406372
1.18,0,119.23762011528015
1.34,0,119.2546238899231
1.5,0,119.2706503868103
1.68,0,119.28815078735352
1.86,0,119.30543947219849
2.04,0,119.32144236564636
2.04,0,119.33844590187073
2.23,0,119.35544991493225
2.43,-1,119.37245416641235
2.64,-1,119.38945770263672
2.83,-1,119.4064621925354
3.04,-1,119.42347979545593
3.24,-1,119.4399881362915
3.24,-1,119.45699191093445
3.44,-1,119.47399616241455
3.64,-1,119.49099969863892
3.84,-1,119.50800323486328
4.03,-1,119.52472448348999
4.23,-1,119.54072833061218
4.23,-1,119.55773258209229
4.42,-1,119.57473611831665
0.0,1,119.81536793708801
0.01,1,119.83237195014954
0.02,1,119.84896183013916
0.05,1,119.86596512794495
0.08,1,119.88296937942505
0.12,1,119.89997363090515
0.12,1,119.91648197174072
0.18,1,119.93357110023499
0.24,1,119.9501850605011
0.31,1,119.96719002723694
0.39,1,119.9831931591034
0.48,1,120.00019669532776
0.48,1,120.01720070838928
0.57,0,120.03420400619507
0.67,0,120.05120778083801
0.78,0,120.06821155548096
0.9,0,120.08538842201233
1.02,0,120.10224747657776
1.02,0,120.11922287940979
1.16,0,120.13622713088989
1.31,0,120.15323138237
1.46,0,120.1702344417572
1.63,0,120.18670296669006
1.8,0,120.20335364341736
1.98,0,120.2203574180603
1.98,0,120.23736071586609
2.17,0,120.25436449050903
2.36,-1,120.27138471603394
2.56,-1,120.2873888015747
2.76,-1,120.30439257621765
2.96,-1,120.32139563560486
2.96,-1,120.33840084075928
3.17,-1,120.35540318489075
3.39,-1,120.37240791320801
3.61,-1,120.38941097259521
3.84,-1,120.40541505813599
4.08,-1,120.42241907119751
4.08,-1,120.43942260742188
4.34,-1,120.4564266204834
4.6,-1,120.47343063354492
0.0,1,120.71526145935059
0.01,1,120.73226547241211
0.02,1,120.74926948547363
0.05,1,120.76627349853516
0.08,1,120.78327679634094
0.12,1,120.80028223991394
0.12,1,120.81728458404541
0.18,1,120.83428835868835
0.24,1,120.85129189491272
0.31,1,120.86729621887207
0.39,1,120.88429999351501
0.48,1,120.9013032913208
0.48,1,120.91830682754517
0.57,0,120.93531084060669
0.67,0,120.95131492614746
0.76,0,120.96831798553467
0.86,0,120.98591709136963
0.97,0,121.00253200531006
0.97,0,121.01934552192688
1.09,0,121.03634977340698
1.22,0,121.05335330963135
1.35,0,121.07038569450378
1.48,0,121.08637642860413
1.63,0,121.10338115692139
1.78,0,121.1203842163086
1.78,0,121.13638758659363
1.95,0,121.15339136123657
2.13,0,121.17039632797241
2.32,-1,121.18739914894104
2.51,-1,121.20440292358398
2.71,-1,121.22140741348267
2.71,-1,121.23841047286987
2.92,-1,121.25541472434998
3.13,-1,121.27141785621643
3.34,-1,121.28842282295227
3.57,-1,121.3054256439209
3.79,-1,121.32243061065674
3.79,-1,121.33943319320679
4.02,-1,121.35641360282898
4.26,-1,121.37241816520691
4.51,-1,121.3894214630127
0.0,1,121.66167783737183
0.0,1,121.67768144607544
0.02,1,121.69468545913696
0.03,1,121.71170282363892
0.06,1,121.72872376441956
0.09,1,121.74572777748108
0.14,1,121.7622799873352
0.14,1,121.77928328514099
0.19,1,121.79628705978394
0.26,1,121.8122911453247
0.33,1,121.82929468154907
0.42,1,121.84629821777344
0.51,1,121.86330199241638
0.6,0,121.88030576705933
0.6,0,121.89730954170227
0.71,0,121.91431331634521
0.83,0,121.93131732940674
0.95,0,121.9483208656311
1.08,0,121.96432447433472
1.22,0,121.9813289642334
1.22,0,121.99733233451843
1.38,0,122.01533627510071
1.54,0,122.03134036064148
1.72,0,122.04834389686584
1.9,0,122.06534743309021
2.08,0,122.08235096931458
2.08,0,122.09835481643677
2.29,-1,122.11571407318115
2.5,-1,122.13171744346619
2.72,-1,122.14872193336487
2.95,-1,122.16572570800781
3.18,-1,122.18173003196716
3.18,-1,122.19873261451721
3.44,-1,122.21573662757874
3.7,-1,122.23274087905884
3.96,-1,122.24974465370178
4.22,-1,122.26674818992615
4.48,-1,122.28375244140625
4.75,-1,122.29975628852844
0.0,1,122.5391902923584
0.01,1,122.55619692802429
0.01,1,122.57320070266724
0.02,1,122.58970832824707
0.03,1,122.60671186447144
0.06,1,122.62371587753296
0.09,1,122.6407196521759
0.09,1,122.65772342681885
0.14,1,122.67472672462463
0.19,1,122.69173121452332
0.26,1,122.7087345123291
0.33,1,122.72573828697205
0.41,1,122.74274277687073
0.5,1,122.75974607467651
0.5,1,122.77674984931946
0.6,0,122.79375433921814
0.71,0,122.80975723266602
0.83,0,122.82644009590149
0.96,0,122.84344410896301
1.1,0,122.86044764518738
1.1,0,122.87645125389099
1.25,0,122.89345502853394
1.41,0,122.9104597568512
1.58,0,122.9274628162384
1.75,0,122.94446611404419
1.94,0,122.96147084236145
1.94,0,122.97847414016724
2.1,0,122.99547839164734
2.26,-1,123.0124819278717
2.42,-1,123.02948522567749
2.56,-1,123.04649019241333
2.71,-1,123.0634937286377
2.87,-1,123.08049750328064
2.87,-1,123.09650039672852
3.05,-1,123.11350536346436
3.22,-1,123.13090133666992
3.39,-1,123.14751243591309
3.57,-1,123.16451597213745
3.74,-1,123.18151926994324
3.74,-1,123.19752335548401
3.9,-1,123.2155270576477
4.05,-1,123.2315309047699
4.19,-1,123.24853491783142
0.0,1,123.48455762863159
0.01,1,123.5015606880188
0.01,1,123.51856517791748
0.03,1,123.53511309623718
0.06,1,123.55213165283203
0.1,1,123.56913542747498
0.14,1,123.58648920059204
0.19,1,123.60314321517944
0.25,1,123.62014746665955
0.25,1,123.63615131378174
0.32,1,123.65316939353943
0.4,1,123.67017316818237
0.48,1,123.6876904964447
0.56,0,123.70419931411743
0.65,0,123.72120308876038
0.65,0,123.73720741271973
0.76,0,123.75421071052551
0.87,0,123.77121472358704
0.99,0,123.78810739517212
1.12,0,123.80509877204895
1.26,0,123.82110214233398
1.26,0,123.83720755577087
1.4,0,123.85511255264282
1.55,0,123.87111592292786
1.69,0,123.8881196975708
1.84,0,123.9051239490509
1.98,0,123.92263102531433
2.12,0,123.93963837623596
2.12,0,123.95664191246033
2.27,-1,123.97364592552185
2.43,-1,123.99049949645996
2.6,-1,124.00749468803406
2.78,-1,124.02433609962463
2.96,-1,124.04133987426758
2.96,-1,124.05834436416626
3.16,-1,124.07548761367798
3.37,-1,124.0924916267395
3.59,-1,124.10949444770813
3.81,-1,124.12649822235107
4.04,-1,124.1435022354126
4.28,-1,124.16050601005554
4.28,-1,124.17651057243347
4.54,-1,124.19451403617859
0.0,1,124.41856837272644
0.01,1,124.43558812141418
0.02,1,124.45260953903198
0.05,1,124.46859622001648
0.08,1,124.485600233078
0.12,1,124.5026044845581
0.17,1,124.51960754394531
0.17,1,124.53586006164551
0.23,1,124.5536150932312
0.3,1,124.5706434249878
0.38,1,124.58763861656189
0.47,1,124.60464262962341
0.57,0,124.6211588382721
0.57,0,124.63816690444946
0.68,0,124.65516996383667
0.79,0,124.6721773147583
0.91,0,124.68918132781982
1.03,0,124.70618438720703
1.15,0,124.72318863868713
1.27,0,124.74019265174866
1.27,0,124.7571964263916
1.4,0,124.77420020103455
1.52,0,124.79120373725891
1.65,0,124.80720782279968
1.79,0,124.82375431060791
1.94,0,124.84034705162048
1.94,0,124.85735130310059
2.1,0,124.87435460090637
2.27,-1,124.89035820960999
2.45,-1,124.90736222267151
2.63,-1,124.92436623573303
2.83,-1,124.94137001037598
2.83,-1,124.9583740234375
3.03,-1,124.9753770828247
3.24,-1,124.99138164520264
3.46,-1,125.0088894367218
3.69,-1,125.0258936882019
3.93,-1,125.04189729690552
3.93,-1,125.0589005947113
4.18,-1,125.07590460777283
4.44,-1,125.09290790557861
4.71,-1,125.10991144180298
0.0,1,125.37428140640259
0.0,1,125.39128565788269
0.01,1,125.40828847885132
0.01,1,125.42529225349426
0.02,1,125.4422960281372
0.02,1,125.45929980278015
0.03,1,125.47630333900452
0.05,1,125.49230790138245
0.06,1,125.50931096076965
0.08,1,125.5263147354126
0.1,1,125.54331946372986
0.12,1,125.56032252311707
0.12,1,125.57687449455261
0.15,1,125.59387874603271
0.18,1,125.61088180541992
0.21,1,125.6278862953186
0.24,1,125.64489102363586
0.27,1,125.66189432144165
0.27,1,125.6778974533081
0.31,1,125.69590067863464
0.35,1,125.711905002594
0.39,1,125.72890853881836
0.44,1,125.74591255187988
0.48,1,125.76291584968567
0.53,0,125.77992057800293
0.53,0,125.79592370986938
0.58,0,125.81392741203308
0.64,0,125.83093118667603
0.69,0,125.84793519973755
0.75,0,125.86393976211548
0.81,0,125.88094282150269
0.81,0,125.89694666862488
0.88,0,125.91495037078857
0.95,0,125.93095421791077
1.02,0,125.94795775413513
1.09,0,125.96496224403381
1.16,0,125.98196530342102
1.16,0,125.99796891212463
1.25,0,126.01497292518616
1.34,0,126.0319766998291
1.44,0,126.04898047447205
1.55,0,126.06598448753357
1.66,0,126.08298873901367
1.77,0,126.0999915599823
1.77,0,126.11699652671814
1.91,0,126.13400053977966
2.05,-1,126.15100288391113
2.2,-1,126.16700768470764
2.36,-1,126.18401169776917
2.52,-1,126.20101475715637
2.52,-1,126.21701788902283
2.71,-1,126.23402190208435
2.9,-1,126.2510256767273
3.09,-1,126.26802921295166
3.3,-1,126.28503346443176
3.5,-1,126.30103754997253
3.5,-1,126.31804060935974
3.72,-1,126.33504486083984
3.95,-1,126.35204863548279
4.18,-1,126.36805248260498
4.41,-1,126.38505625724792
0.0,1,126.60850715637207
0.0,1,126.62551212310791
0.01,1,126.64251470565796
0.01,1,126.65951919555664
0.01,1,126.67652297019958
0.02,1,126.69352674484253
0.02,1,126.71012353897095
0.03,1,126.72712731361389
0.02,1,126.744131565094
0.02,1,126.76113486289978
0.02,1,126.77713894844055
0.02,1,126.79414224624634
0.03,1,126.81115889549255
0.03,1,126.82816290855408
0.04,1,126.8451657295227
0.05,1,126.86217021942139
0.05,1,126.87917375564575
0.07,1,126.89617729187012
0.08,1,126.91318130493164
0.1,1,126.93018531799316
0.12,1,126.94718933105469
0.14,1,126.96419310569763
0.17,1,126.98119688034058
0.17,1,126.99720001220703
0.19,1,127.01420426368713
0.22,1,127.03075695037842
0.26,1,127.04776048660278
0.29,1,127.06476402282715
0.33,1,127.08076786994934
0.33,1,127.09777188301086
0.37,1,127.11477494239807
0.41,1,127.13177967071533
0.45,1,127.14878296852112
0.5,0,127.1657874584198
0.55,0,127.18279123306274
0.6,0,127.19979500770569
0.6,0,127.21679878234863
0.65,0,127.23380208015442
0.71,0,127.25080633163452
0.76,0,127.26780986785889
0.82,0,127.28481340408325
0.88,0,127.30181741714478
0.88,0,127.31882166862488
0.91,0,127.33612728118896
0.95,0,127.35282874107361
0.99,0,127.36983275413513
1.03,0,127.38583827018738
1.07,0,127.40284061431885
1.09,0,127.41984367370605
1.09,0,127.43684792518616
1.11,0,127.45385146141052
1.14,0,127.47085571289062
1.16,0,127.48785948753357
1.19,0,127.50486278533936
1.22,0,127.52186703681946
1.22,0,127.53887057304382
1.25,0,127.55587434768677
1.29,0,127.57287812232971
1.33,0,127.58988189697266
1.37,0,127.60688591003418
1.41,0,127.62389039993286
1.45,0,127.64089393615723
1.45,0,127.65789747238159
1.5,0,127.67490100860596
1.55,0,127.69090509414673
1.6,0,127.7079086303711
1.66,-1,127.72491264343262
1.7,-1,127.74191665649414
1.7,-1,127.75892043113708
1.75,-1,127.77592420578003
1.81,-1,127.7929277420044
1.86,-1,127.8099319934845
1.92,-1,127.82693529129028
1.97,-1,127.8439393043518
2.03,-1,127.86094284057617
2.03,-1,127.87794733047485
2.1,-1,127.89495253562927
2.16,-1,127.91195487976074
2.23,-1,127.92895817756653
2.3,-1,127.94596266746521
2.37,-1,127.96296644210815
2.45,-1,127.97997093200684
2.45,-1,127.99597334861755
2.53,-1,128.01397800445557
2.61,-1,128.02998065948486
2.69,-1,128.04698514938354
2.78,-1,128.06398916244507
0.0,1,128.3085699081421
0.0,1,128.32557368278503
0.01,1,128.34257745742798
0.02,1,128.35958075523376
0.02,1,128.37658500671387
0.04,1,128.39358925819397
0.06,1,128.41059231758118
0.09,1,128.42759609222412
0.11,1,128.44460010528564
0.14,1,128.46160459518433
0.14,1,128.4786078929901
0.17,1,128.49561166763306
0.21,1,128.51261568069458
0.24,1,128.5296187400818
0.28,1,128.5466229915619
0.32,1,128.56362676620483
0.36,1,128.58063054084778
0.36,1,128.59764862060547
0.41,1,128.61465215682983
0.46,1,128.63165593147278
0.51,0,128.64866042137146
0.57,0,128.66466403007507
0.62,0,128.68166708946228
0.62,0,128.69867134094238
0.68,0,128.71567487716675
0.74,0,128.7326784133911
0.8,0,128.74968266487122
0.86,0,128.76568722724915
0.92,0,128.78269052505493
0.92,0,128.7986936569214
0.98,0,128.8156976699829
1.05,0,128.83270120620728
1.12,0,128.8497052192688
1.19,0,128.86670875549316
1.27,0,128.88371324539185
1.34,0,128.8997163772583
1.34,0,128.91672039031982
1.42,0,128.93372535705566
1.51,0,128.9507281780243
1.59,0,128.96773195266724
1.68,0,128.9847354888916
1.76,0,129.00173926353455
1.76,0,129.01774287223816
1.86,0,129.035747051239
1.95,0,129.05175065994263
2.05,-1,129.068754196167
2.14,-1,129.08475804328918
2.24,-1,129.1017620563507
2.24,-1,129.11776614189148
2.35,-1,129.13576912879944
2.45,-1,129.15294480323792
2.56,-1,129.16928219795227
2.67,-1,129.1862862110138
2.78,-1,129.20329022407532
2.9,-1,129.220294713974
2.9,-1,129.2362983226776
3.02,-1,129.2533016204834
3.15,-1,129.27030515670776
3.28,-1,129.2873179912567
3.42,-1,129.30431485176086
3.56,-1,129.32131838798523
3.56,-1,129.3383219242096
3.7,-1,129.35532760620117
0.0,1,129.58921813964844
0.0,1,129.60622191429138
0.01,1,129.62322545051575
0.02,1,129.64023280143738
0.02,1,129.6572368144989
0.04,1,129.67381405830383
0.07,1,129.6903314590454
0.1,1,129.70734977722168
0.13,1,129.72433876991272
0.16,1,129.74134254455566
0.16,1,129.7583463191986
0.21,1,129.77493596076965
0.24,1,129.79193949699402
0.27,1,129.80894303321838
0.3,1,129.82594752311707
0.34,1,129.84295082092285
0.38,1,129.85995483398438
0.38,1,129.87695860862732
0.43,1,129.89396214485168
0.48,1,129.91096591949463
0.54,0,129.927969455719
0.59,0,129.94497418403625
0.64,0,129.96197843551636
0.64,0,129.97898149490356
0.71,0,129.9959852695465
0.77,0,130.01298928260803
0.84,0,130.02999329566956
0.92,0,130.0469970703125
0.99,0,130.0640003681183
1.08,0,130.0810043811798
1.08,0,130.09800791740417
1.17,0,130.11501169204712
1.26,0,130.1320161819458
1.36,0,130.1480197906494
1.46,0,130.16502332687378
1.57,0,130.1820273399353
1.57,0,130.19803142547607
1.68,0,130.2160346508026
1.79,0,130.23203825950623
1.9,0,130.2490417957306
2.01,0,130.2660460472107
2.12,-1,130.28304934501648
2.23,-1,130.30005359649658
2.23,-1,130.31705737113953
2.35,-1,130.3340609073639
2.47,-1,130.351065158844
2.6,-1,130.36706829071045
2.73,-1,130.38407230377197
2.88,-1,130.4010763168335
2.88,-1,130.41808009147644
3.04,-1,130.4350836277008
3.21,-1,130.45208835601807
3.38,-1,130.46909165382385
3.57,-1,130.48614478111267
3.76,-1,130.5027313232422
3.76,-1,130.5191023349762
3.97,-1,130.5361557006836
4.18,-1,130.55281400680542
0.0,1,130.79917979240417
0.0,1,130.8161838054657
0.01,1,130.83270716667175
0.02,1,130.85023045539856
0.04,1,130.86622285842896
0.06,1,130.8832266330719
0.08,1,130.90023016929626
0.08,1,130.91723465919495
0.12,1,130.93381571769714
0.15,1,130.9503309726715
0.19,1,130.96732926368713
0.24,1,130.98393630981445
0.28,1,131.00094032287598
0.28,1,131.01794457435608
0.34,1,131.03494787216187
0.4,1,131.0514578819275
0.46,1,131.06846141815186
0.53,0,131.0854651927948
0.6,0,131.10317063331604
0.68,0,131.11947345733643
0.68,0,131.13547706604004
0.76,0,131.15275311470032
0.85,0,131.16948461532593
0.94,0,131.18612813949585
1.04,0,131.20302391052246
1.14,0,131.2200276851654
1.14,0,131.23703241348267
1.25,0,131.2537078857422
1.36,0,131.2707118988037
1.48,0,131.28771567344666
1.6,0,131.3047194480896
1.72,0,131.32172346115112
1.72,0,131.3387267589569
1.85,0,131.3557322025299
1.98,0,131.37273693084717
2.12,0,131.3887391090393
2.26,-1,131.4057421684265
2.41,-1,131.42274689674377
2.56,-1,131.43974995613098
2.56,-1,131.4567539691925
2.71,-1,131.47375798225403
2.87,-1,131.49076199531555
3.04,-1,131.5077667236328
3.21,-1,131.52476930618286
3.38,-1,131.54077291488647
3.38,-1,131.557776927948
3.55,-1,131.57478022575378
3.72,-1,131.59078454971313
3.89,-1,131.60778832435608
4.06,-1,131.62479209899902
4.23,-1,131.64179587364197
0.0,1,131.8888533115387
0.0,1,131.90536093711853
0.01,1,131.92295241355896
0.03,1,131.93995594978333
0.03,1,131.9564642906189
0.05,1,131.97346806526184
0.08,1,131.99047255516052
0.11,1,132.00647950172424
0.15,1,132.02333092689514
0.19,1,132.04033493995667
0.19,1,132.0563383102417
0.24,1,132.07434606552124
0.29,1,132.09036254882812
0.34,1,132.10735297203064
0.4,1,132.12435674667358
0.47,1,132.14084267616272
0.47,1,132.15796089172363
0.54,0,132.17496395111084
0.62,0,132.1918728351593
0.7,0,132.20858097076416
0.78,0,132.22529363632202
0.87,0,132.2422971725464
0.87,0,132.2593011856079
0.96,0,132.2763044834137
1.06,0,132.29230880737305
1.17,0,132.3093123435974
1.26,0,132.32685160636902
1.35,0,132.3438549041748
1.44,0,132.3608591556549
1.44,0,132.37686252593994
1.53,0,132.39386630058289
1.62,0,132.4108738899231
1.72,0,132.42787766456604
1.81,0,132.4448823928833
1.89,0,132.46157550811768
1.89,0,132.47857928276062
1.98,0,132.49558305740356
2.07,-1,132.51258635520935
2.16,-1,132.52859091758728
2.25,-1,132.54559421539307
2.33,-1,132.562597990036
2.42,-1,132.57960176467896
2.42,-1,132.59692096710205
2.51,-1,132.61392450332642
2.6,-1,132.62992811203003
2.7,-1,132.64693236351013
2.81,-1,132.6639368534088
2.92,-1,132.68093943595886
2.92,-1,132.69794344902039
3.03,-1,132.71494722366333
3.15,-1,132.73195099830627
3.28,-1,132.74795842170715
3.41,-1,132.76496243476868
3.55,-1,132.78196573257446
3.55,-1,132.7979702949524
3.69,-1,132.8149733543396
0.0,1,133.05628991127014
0.0,1,133.07329320907593
0.01,1,133.08929705619812
0.02,1,133.10630106925964
0.04,1,133.12330436706543
0.06,1,133.14032196998596
0.06,1,133.1573257446289
0.08,1,133.1736900806427
0.11,1,133.1912603378296
0.15,1,133.20826411247253
0.19,1,133.22497868537903
0.23,1,133.24151372909546
0.23,1,133.25851845741272
0.28,1,133.2751235961914
0.33,1,133.2921280860901
0.39,1,133.30913162231445
0.45,1,133.32615160942078
0.52,0,133.34304904937744
0.59,0,133.3603298664093
0.59,0,133.3763930797577
0.67,0,133.39339971542358
0.75,0,133.40933680534363
0.83,0,133.42636442184448
0.92,0,133.44283533096313
0.99,0,133.460382938385
0.99,0,133.47738647460938
1.07,0,133.49439001083374
1.16,0,133.51139521598816
1.25,0,133.52800869941711
1.34,0,133.5450119972229
1.44,0,133.56201696395874
1.44,0,133.57801985740662
1.55,0,133.59502387046814
1.64,0,133.61202788352966
1.73,0,133.6290316581726
1.83,0,133.64603543281555
1.92,0,133.66303896903992
1.92,0,133.67904233932495
2.02,0,133.69604635238647
2.14,-1,133.71305012702942
2.26,-1,133.73005437850952
2.38,-1,133.7470588684082
2.52,-1,133.7640619277954
2.66,-1,133.78106570243835
2.66,-1,133.79706931114197
2.82,-1,133.8140730857849
2.99,-1,133.83107686042786
3.17,-1,133.8480818271637
3.35,-1,133.86508440971375
3.53,-1,133.88208842277527
3.53,-1,133.89909267425537
3.71,-1,133.91609573364258
3.9,-1,133.93309950828552
4.08,-1,133.95010352134705
0.0,1,134.2142219543457
0.01,1,134.23126935958862
0.02,1,134.2482738494873
0.05,1,134.26555228233337
0.08,1,134.28201746940613
0.08,1,134.2988359928131
0.13,1,134.3158402442932
0.18,1,134.33293080329895
0.25,1,134.34993410110474
0.32,1,134.36633610725403
0.4,1,134.38334035873413
0.48,1,134.4003438949585
0.48,1,134.4163475036621
0.58,0,134.43435144424438
0.69,0,134.450355052948
0.8,0,134.46736001968384
0.93,0,134.4843626022339
1.06,0,134.501366853714
1.06,0,134.51837015151978
1.19,0,134.5353741645813
1.33,0,134.55237793922424
1.48,0,134.56838250160217
1.63,0,134.5854730606079
1.78,0,134.6031460762024
1.78,0,134.61848044395447
1.94,0,134.63652276992798
2.1,0,134.6530258655548
2.26,-1,134.66983151435852
2.43,-1,134.68683505058289
2.61,-1,134.70383954048157
2.79,-1,134.72784447669983
2.79,-1,134.74284863471985
2.98,-1,134.7598521709442
3.17,-1,134.7744767665863
3.36,-1,134.79148244857788
3.56,-1,134.80648350715637
3.76,-1,134.82204008102417
3.76,-1,134.8390429019928
3.97,-1,134.85904717445374
4.18,-1,134.8740508556366
4.4,-1,134.88905429840088
0.0,1,135.17916107177734
0.01,1,135.1961646080017
0.02,1,135.21316838264465
0.05,1,135.22990942001343
0.08,1,135.24691367149353
0.12,1,135.2639172077179
0.17,1,135.28051829338074
0.17,1,135.29652166366577
0.23,1,135.31352543830872
0.3,1,135.33052945137024
0.38,1,135.34753322601318
0.47,1,135.3645374774933
0.57,0,135.38154101371765
0.57,0,135.39754462242126
0.66,0,135.41454815864563
0.77,0,135.43112444877625
0.88,0,135.44812870025635
1.0,0,135.46513175964355
1.13,0,135.48213624954224
1.13,0,135.4981391429901
1.27,0,135.51614332199097
1.42,0,135.53314757347107
1.58,0,135.55015087127686
1.75,0,135.5661542415619
1.93,0,135.58315920829773
2.11,0,135.60016179084778
2.11,0,135.6161653995514
2.3,-1,135.6331696510315
2.5,-1,135.65017318725586
2.7,-1,135.66617727279663
2.9,-1,135.68368911743164
3.11,-1,135.6996922492981
3.11,-1,135.7166965007782
3.34,-1,135.73370003700256
3.57,-1,135.75020813941956
3.81,-1,135.7672119140625
4.05,-1,135.78421592712402
4.3,-1,135.80021953582764
4.3,-1,135.81622290611267
4.56,-1,135.83387184143066
0.0,1,136.10332250595093
0.0,1,136.11917805671692
0.0,1,136.13687348365784
0.02,1,136.15369248390198
0.04,1,136.17020416259766
0.06,1,136.18671464920044
0.09,1,136.20371985435486
0.13,1,136.2207224369049
0.13,1,136.23714780807495
0.16,1,136.25415229797363
0.2,1,136.2712688446045
0.24,1,136.2882719039917
0.28,1,136.3052761554718
0.33,1,136.32205867767334
0.33,1,136.33906245231628
0.37,1,136.35606622695923
0.42,1,136.3730697631836
0.48,1,136.3900740146637
0.53,0,136.40707802772522
0.59,0,136.42408156394958
0.64,0,136.44108605384827
0.64,0,136.4570894241333
0.71,0,136.4740924835205
0.77,0,136.49109721183777
0.84,0,136.50710034370422
0.9,0,136.52410459518433
0.97,0,136.54110836982727
0.97,0,136.55711197853088
1.05,0,136.57411575317383
1.12,0,136.59111952781677
1.2,0,136.60812306404114
1.28,0,136.62512731552124
1.36,0,136.64113092422485
1.36,0,136.6581346988678
1.45,0,136.67513847351074
1.54,0,136.69214272499084
1.63,0,136.7091453075409
1.73,0,136.72614979743958
1.83,0,136.74215388298035
1.83,0,136.75815749168396
1.93,0,136.77616119384766
2.05,-1,136.79216480255127
2.16,-1,136.80916738510132
2.28,-1,136.82617163658142
2.41,-1,136.84317541122437
2.53,-1,136.8601794242859
2.53,-1,136.877183675766
2.67,-1,136.89418745040894
2.8,-1,136.91019082069397
2.94,-1,136.92719507217407
3.08,-1,136.9441978931427
3.22,-1,136.96120285987854
3.22,-1,136.97720646858215
3.37,-1,136.99521017074585
3.53,-1,137.01121354103088
3.69,-1,137.02821683883667
3.85,-1,137.04522109031677
4.02,-1,137.06222534179688
0.0,1,137.31336855888367
0.0,1,137.33024501800537
0.01,1,137.34724187850952
0.01,1,137.36324548721313
0.02,1,137.38066411018372
0.02,1,137.39737677574158
0.03,1,137.41438007354736
0.05,1,137.43104600906372
0.06,1,137.44727039337158
0.08,1,137.46427369117737
0.1,1,137.48128032684326
0.1,1,137.4982841014862
0.12,1,137.51528787612915
0.15,1,137.53229093551636
0.18,1,137.54929566383362
0.21,1,137.5662989616394
0.24,1,137.5833055973053
0.27,1,137.60028958320618
0.27,1,137.6162850856781
0.31,1,137.6342899799347
0.35,1,137.6501226425171
0.39,1,137.66712641716003
0.43,1,137.68386697769165
0.46,1,137.70087122917175
0.46,1,137.71787405014038
0.5,0,137.73455572128296
0.55,0,137.75155973434448
0.59,0,137.768563747406
0.64,0,137.78584623336792
0.68,0,137.80324792861938
0.73,0,137.81985425949097
0.73,0,137.8368582725525
0.79,0,137.85386180877686
0.84,0,137.87086486816406
0.9,0,137.88786911964417
0.96,0,137.9048728942871
1.02,0,137.9218773841858
1.02,0,137.93888187408447
1.09,0,137.95588493347168
1.16,0,137.97291803359985
1.23,0,137.98992156982422
1.31,0,138.0059254169464
1.38,0,138.02292919158936
1.47,0,138.03993272781372
1.47,0,138.0559368133545
1.54,0,138.07345533370972
1.6,0,138.0894594192505
1.65,0,138.1064624786377
1.69,0,138.12346625328064
1.73,0,138.140469789505
1.73,0,138.1564745903015
1.75,0,138.17347764968872
1.77,0,138.1904821395874
1.79,-1,138.20748591423035
1.8,-1,138.22448921203613
1.81,-1,138.24149417877197
1.81,-1,138.25849747657776
1.81,-1,138.2754728794098
1.82,-1,138.29247665405273
1.82,-1,138.30948042869568
1.83,-1,138.32605528831482
1.83,-1,138.34305810928345
1.84,-1,138.3600618839264
1.84,-1,138.37606573104858
1.83,-1,138.3930697441101
1.82,-1,138.41007351875305
1.8,-1,138.42707705497742
1.77,-1,138.44408082962036
1.74,-1,138.46108508110046
1.74,-1,138.47808861732483
1.7,-1,138.4950921535492
1.66,-1,138.51209616661072
1.61,-1,138.52810049057007
1.56,-1,138.54510378837585
1.51,-1,138.56210780143738
1.51,-1,138.57911157608032
1.45,-1,138.59611558914185
1.38,-1,138.6131191253662
1.31,-1,138.63012266159058
1.24,-1,138.64712691307068
1.16,-1,138.66413044929504
1.08,-1,138.68113374710083
1.08,-1,138.6981382369995
0.99,-1,138.7153401374817
0.0,1,138.98103070259094
0.0,1,138.9980344772339
0.0,1,139.0150134563446
0.0,1,139.03101706504822
0.0,1,139.04802107810974
0.0,1,139.065025806427
0.0,1,139.08202862739563
0.0,1,139.09803223609924
0.01,1,139.11503529548645
0.01,1,139.13203930854797
0.02,1,139.14804315567017
0.04,1,139.1650469303131
0.05,1,139.18168687820435
0.05,1,139.19869017601013
0.07,1,139.21569418907166
0.09,1,139.2326979637146
0.11,1,139.24970197677612
0.13,1,139.26670622825623
0.16,1,139.28322577476501
0.19,1,139.30023002624512
0.19,1,139.31723356246948
0.23,1,139.33384895324707
0.27,1,139.35085225105286
0.31,1,139.36785626411438
0.35,1,139.38440895080566
0.4,1,139.40141224861145
0.4,1,139.41841626167297
0.45,1,139.43541979789734
0.49,0,139.45142364501953
0.54,0,139.46859741210938
0.59,0,139.48512315750122
0.64,0,139.50212717056274
0.64,0,139.51913046836853
0.7,0,139.53613424301147
0.76,0,139.55313801765442
0.82,0,139.57014179229736
0.88,0,139.5871458053589
0.94,0,139.6031744480133
1.01,0,139.62015342712402
1.01,0,139.6371567249298
1.08,0,139.65416049957275
1.15,0,139.67069387435913
1.23,0,139.68769764900208
1.3,0,139.70470118522644
1.38,0,139.72201704978943
1.38,0,139.73801183700562
1.47,0,139.75459790229797
1.56,0,139.77184534072876
1.67,0,139.78883910179138
1.78,0,139.80584287643433
1.9,0,139.82284665107727
2.03,-1,139.83985114097595
2.03,-1,139.85685443878174
2.17,-1,139.87385821342468
2.32,-1,139.89086198806763
2.48,-1,139.90686559677124
2.64,-1,139.92386865615845
2.81,-1,139.9404604434967
2.81,-1,139.95746684074402
2.98,-1,139.9739966392517
3.16,-1,139.99100041389465
3.34,-1,140.00800347328186
3.54,-1,140.02500772476196
3.74,-1,140.04201197624207
3.74,-1,140.059015750885
3.96,-1,140.07601881027222
4.18,-1,140.09302377700806
0.0,1,140.40214371681213
0.0,1,140.41914677619934
0.0,1,140.43615078926086
0.01,1,140.45315408706665
0.02,1,140.46915817260742
0.03,1,140.48564624786377
0.04,1,140.5030164718628
0.05,1,140.51965284347534
0.05,1,140.5366566181183
0.07,1,140.55366110801697
0.09,1,140.5706651210785
0.11,1,140.58727931976318
0.14,1,140.60428285598755
0.16,1,140.6212875843048
0.16,1,140.63729047775269
0.19,1,140.65429377555847
0.23,1,140.67029786109924
0.26,1,140.68730187416077
0.3,1,140.7043056488037
0.33,1,140.72130918502808
0.33,1,140.73831295967102
0.38,1,140.75531721115112
0.42,1,140.77232146263123
0.47,1,140.78932428359985
0.52,0,140.80632853507996
0.58,0,140.8228940963745
0.64,0,140.83989763259888
0.64,0,140.85640740394592
0.7,0,140.87341046333313
0.75,0,140.88941431045532
0.81,0,140.90641903877258
0.87,0,140.92342257499695
0.93,0,140.9404261112213
0.93,0,140.95742988586426
1.0,0,140.97443342208862
1.07,0,140.9904375076294
1.14,0,141.0074427127838
1.21,0,141.02428936958313
1.28,0,141.04142498970032
1.28,0,141.05742812156677
1.36,0,141.07443189620972
1.44,0,141.09145045280457
1.52,0,141.1084544658661
1.61,0,141.1249635219574
1.69,0,141.1419837474823
1.69,0,141.15898728370667
1.79,0,141.17600989341736
1.89,0,141.1920304298401
1.99,-1,141.20903396606445
2.09,-1,141.22603797912598
2.19,-1,141.24304175376892
2.3,-1,141.26004552841187
2.3,-1,141.27704882621765
2.41,-1,141.29406929016113
2.53,-1,141.31059098243713
2.65,-1,141.32710099220276
2.76,-1,141.34410429000854
2.88,-1,141.36113262176514
2.88,-1,141.3781282901764
3.0,-1,141.39513111114502
3.12,-1,141.41213607788086
3.24,-1,141.42913961410522
3.36,-1,141.44614386558533
3.49,-1,141.4631474018097
3.61,-1,141.47995018959045
0.0,1,141.74780559539795
0.0,1,141.76381015777588
0.01,1,141.7808132171631
0.01,1,141.7978172302246
0.01,1,141.8148205280304
0.02,1,141.83137226104736
0.04,1,141.8482506275177
0.05,1,141.8651134967804
0.07,1,141.8821177482605
0.07,1,141.89912104606628
0.09,1,141.91546845436096
0.12,1,141.9325008392334
0.15,1,141.94950437545776
0.18,1,141.96650791168213
0.21,1,141.98352217674255
0.24,1,141.99951577186584
0.24,1,142.01651906967163
0.28,1,142.033194065094
0.32,1,142.05019783973694
0.36,1,142.06720161437988
0.41,1,142.08420515060425
0.45,1,142.10120964050293
0.45,1,142.11721324920654
0.49,1,142.13521766662598
0.54,0,142.15222120285034
0.58,0,142.16922426223755
0.63,0,142.18595266342163
0.69,0,142.20319271087646
0.74,0,142.21996068954468
0.74,0,142.2359640598297
0.8,0,142.25296807289124
0.86,0,142.26997256278992
0.92,0,142.28716659545898
0.98,0,142.3037850856781
1.05,0,142.31978940963745
1.05,0,142.3370807170868
1.12,0,142.353759765625
1.2,0,142.37076354026794
1.27,0,142.38676762580872
1.35,0,142.40377187728882
1.43,0,142.42138385772705
1.43,0,142.4373824596405
1.52,0,142.4543867111206
1.6,0,142.4713900089264
1.69,0,142.48839378356934
1.78,0,142.50539803504944
1.87,0,142.52187609672546
1.87,0,142.538831949234
1.97,-1,142.55534076690674
2.07,-1,142.57234692573547
2.17,-1,142.58935046195984
2.27,-1,142.6068606376648
2.37,-1,142.62386417388916
2.48,-1,142.64086842536926
2.48,-1,142.65787267684937
2.59,-1,142.674462556839
2.7,-1,142.6914668083191
2.81,-1,142.70848321914673
2.93,-1,142.72548604011536
3.05,-1,142.74148964881897
3.05,-1,142.75849437713623
3.17,-1,142.77549743652344
3.29,-1,142.79150128364563
3.42,-1,142.80850481987
3.55,-1,142.82550859451294
3.68,-1,142.84251236915588
0.0,1,143.0942451953888
0.0,1,143.11127042770386
0.01,1,143.12877821922302
0.02,1,143.1457874774933
0.03,1,143.16279578208923
0.03,1,143.17879915237427
0.05,1,143.19643831253052
0.07,1,143.21244192123413
0.09,1,143.22938084602356
0.12,1,143.24638438224792
0.14,1,143.26338839530945
0.17,1,143.2803919315338
0.17,1,143.29739594459534
0.21,1,143.31439924240112
0.23,1,143.33140420913696
0.26,1,143.3484070301056
0.3,1,143.36541056632996
0.33,1,143.38241481781006
0.33,1,143.39841866493225
0.38,1,143.41542315483093
0.43,1,143.43242621421814
0.48,1,143.44942998886108
0.53,0,143.4664342403412
0.58,0,143.48327660560608
0.64,0,143.50028133392334
0.64,0,143.51728439331055
0.71,0,143.53428840637207
0.77,0,143.55129265785217
0.83,0,143.56829643249512
0.89,0,143.58549666404724
0.95,0,143.60149884223938
0.95,0,143.61850380897522
1.0,0,143.635507106781
1.04,0,143.65250992774963
1.09,0,143.66951417922974
1.12,0,143.68651914596558
1.16,0,143.70352125167847
1.19,0,143.72052574157715
1.19,0,143.73655581474304
1.21,0,143.75362396240234
1.22,0,143.77116799354553
1.23,0,143.78816604614258
1.24,0,143.80517029762268
1.24,0,143.82168221473694
1.24,0,143.83868169784546
1.23,0,143.85568571090698
1.23,0,143.8728268146515
1.23,0,143.88983130455017
1.23,0,143.90583491325378
1.23,0,143.92301559448242
1.23,0,143.94001984596252
1.23,0,143.95702409744263
1.23,0,143.9738302230835
1.24,0,143.99025583267212
1.26,0,144.00724458694458
1.28,0,144.0242486000061
1.31,0,144.04125237464905
1.31,0,144.05825638771057
1.34,0,144.0752604007721
1.38,-1,144.09126448631287
1.41,-1,144.10826706886292
1.45,-1,144.12527132034302
1.49,-1,144.1422758102417
1.49,-1,144.15927910804749
1.54,-1,144.17628264427185
1.59,-1,144.19328665733337
1.64,-1,144.21029019355774
1.7,-1,144.22729444503784
1.76,-1,144.24429774284363
1.83,-1,144.2603018283844
1.83,-1,144.27730536460876
1.9,-1,144.2943093776703
1.97,-1,144.31131291389465
2.04,-1,144.32831692695618
2.12,-1,144.34532046318054
2.2,-1,144.36232471466064
2.2,-1,144.379328250885
2.29,-1,144.39633202552795
2.37,-1,144.412335395813
2.46,-1,144.4293396472931
0.0,1,144.69371008872986
0.0,1,144.70971417427063
0.01,1,144.72671794891357
0.02,1,144.7442271709442
0.04,1,144.76123142242432
0.04,1,144.7782347202301
0.07,1,144.79523825645447
0.11,1,144.81224250793457
0.16,1,144.82924604415894
0.22,1,144.84625005722046
0.28,1,144.86325407028198
0.35,1,144.88025736808777
0.35,1,144.8972611427307
0.43,1,144.9142677783966
0.52,0,144.9302694797516
0.6,0,144.9472725391388
0.7,0,144.96427702903748
0.79,0,144.98128032684326
0.79,0,144.99828433990479
0.9,0,145.01528763771057
1.01,0,145.03229212760925
1.12,0,145.04929614067078
1.23,0,145.06629943847656
1.35,0,145.08330273628235
1.48,0,145.1003074645996
1.48,0,145.11731004714966
1.62,0,145.13431453704834
1.78,0,145.15132331848145
1.94,0,145.16732597351074
2.1,0,145.18433022499084
2.28,-1,145.20133352279663
2.28,-1,145.21833753585815
2.46,-1,145.23534107208252
2.65,-1,145.25234460830688
2.83,-1,145.26934838294983
3.02,-1,145.28635263442993
3.21,-1,145.3036985397339
3.4,-1,145.32036113739014
3.4,-1,145.33688831329346
3.6,-1,145.35336756706238
3.8,-1,145.37037110328674
4.0,-1,145.38737559318542
4.2,-1,145.40437936782837
4.4,-1,145.42138266563416
0.0,1,145.67115330696106
0.0,1,145.68815732002258
0.01,1,145.70516180992126
0.01,1,145.72216510772705
0.01,1,145.73916888237
0.03,1,145.75617384910583
0.05,1,145.77368330955505
0.07,1,145.79072546958923
0.09,1,145.80771470069885
0.11,1,145.82473635673523
0.13,1,145.84175896644592
0.13,1,145.8577618598938
0.13,1,145.8756012916565
0.12,1,145.89160537719727
0.1,1,145.90860867500305
0.08,1,145.92561292648315
0.05,1,145.94261646270752
0.01,1,145.95962023735046
0.01,1,145.9756236076355
-0.04,1,145.99262738227844
-0.08,1,146.00963139533997
-0.13,1,146.02616047859192
-0.19,1,146.0431637763977
-0.26,1,146.06016778945923
-0.26,1,146.07717204093933
-0.33,1,146.09417581558228
-0.39,1,146.1111798286438
-0.44,1,146.12718796730042
-0.49,1,146.14419150352478
-0.52,1,146.16119599342346
-0.52,1,146.17819929122925
-0.54,0,146.1952030658722
-0.55,0,146.21220755577087
-0.56,0,146.2292115688324
-0.56,0,146.2462146282196
-0.56,0,146.2632188796997
-0.56,0,146.28022265434265
-0.56,0,146.29722547531128
-0.56,0,146.31423044204712
-0.55,0,146.33123779296875
-0.53,0,146.34724164009094
-0.5,0,146.3642451763153
-0.48,0,146.38075494766235
-0.48,0,146.39726424217224
-0.46,0,146.41426801681519
-0.45,0,146.43127250671387
-0.43,0,146.4482762813568
-0.41,0,146.46527981758118
-0.41,0,146.4822838306427
-0.41,0,146.4992868900299
-0.4,0,146.51629066467285
-0.4,0,146.53279900550842
-0.4,0,146.54930758476257
-0.41,0,146.56631183624268
-0.41,0,146.58331561088562
-0.41,0,146.60031962394714
-0.41,0,146.6173233985901
-0.41,0,146.63384461402893
-0.41,0,146.65142273902893
-0.4,0,146.66842603683472
-0.39,0,146.68552088737488
-0.38,0,146.70252418518066
-0.37,0,146.7195281982422
-0.37,0,146.73653197288513
-0.35,0,146.75353574752808
-0.33,0,146.76953959465027
-0.3,0,146.78654289245605
-0.28,0,146.80354762077332
-0.24,0,146.82055115699768
-0.24,0,146.8371443748474
-0.2,0,146.85382294654846
-0.15,0,146.8705654144287
-0.1,0,146.88756942749023
-0.05,0,146.90374851226807
0.0,0,146.9205765724182
0.0,0,146.93758082389832
0.05,0,146.95458436012268
0.09,0,146.97252678871155
0.13,0,146.9885196685791
0.18,0,147.00552344322205
0.23,0,147.02252745628357
0.23,0,147.0385308265686
0.28,0,147.0565357208252
0.35,0,147.07353925704956
0.41,0,147.09054255485535
0.48,0,147.10754680633545
0.54,0,147.12505674362183
0.61,1,147.14157032966614
0.61,1,147.15857315063477
0.68,1,147.17508220672607
0.75,1,147.19208645820618
0.82,1,147.2090904712677
0.89,1,147.22569632530212
0.96,1,147.24320435523987
1.04,1,147.26020741462708
1.04,1,147.27721118927002
1.12,1,147.29421496391296
1.18,1,147.31021809577942
1.24,1,147.3272225856781
1.31,1,147.34422612190247
1.39,1,147.36123132705688
1.39,1,147.3782343864441
1.46,1,147.3952374458313
1.52,1,147.41124153137207
1.57,1,147.42824530601501
1.62,1,147.44524908065796
1.67,1,147.46225333213806
1.67,1,147.47925686836243
1.73,1,147.4962604045868
1.79,1,147.5132646560669
1.86,1,147.53026843070984
1.94,1,147.54727244377136
2.01,1,147.56427574157715
2.07,1,147.58129215240479
2.07,1,147.59828662872314
2.14,1,147.61528992652893
2.21,1,147.63185286521912
2.27,1,147.6483654975891
2.33,1,147.66570854187012
2.39,1,147.68271231651306
2.44,1,147.69971632957458
2.44,1,147.71572041511536
2.48,1,147.73272371292114
2.52,1,147.74972772598267
2.54,1,147.76673221588135
2.56,1,147.78373622894287
2.58,1,147.80024337768555
2.58,1,147.81724739074707
2.59,1,147.8342523574829
2.61,1,147.8502550125122
2.62,1,147.86725902557373
2.64,1,147.88426232337952
2.67,1,147.90126609802246
2.67,1,147.9172704219818
2.69,1,147.9352743625641
2.7,0,147.95127749443054
2.71,0,147.96828150749207
2.73,0,147.98528504371643
2.75,0,148.00228881835938
2.75,0,148.01929259300232
2.76,0,148.03629660606384
2.77,0,148.05380487442017
2.77,0,148.07030367851257
2.77,0,148.08781456947327
2.76,0,148.10481715202332
2.74,0,148.12182140350342
2.74,0,148.13882565498352
2.73,0,148.15533566474915
2.72,0,148.1723394393921
2.71,0,148.1893446445465
2.71,0,148.20634627342224
2.71,0,148.22335076332092
2.7,0,148.2403552532196
2.7,0,148.25735926628113
2.69,0,148.2738254070282
2.68,0,148.29082942008972
2.68,0,148.3082766532898
2.69,0,148.32528042793274
2.68,0,148.34228467941284
2.68,0,148.35928797721863
2.66,0,148.376291513443
2.64,0,148.39229607582092
2.63,-1,148.40940117835999
2.6,-1,148.4264054298401
2.57,-1,148.44340872764587
2.54,-1,148.46041250228882
2.54,-1,148.4764165878296
2.52,-1,148.49342012405396
2.51,-1,148.51098680496216
2.5,-1,148.52758121490479
2.49,-1,148.5435848236084
2.47,-1,148.56058859825134
2.47,-1,148.5775921344757
2.44,-1,148.59487509727478
2.39,-1,148.61087846755981
2.35,-1,148.62788248062134
2.32,-1,148.64446830749512
2.28,-1,148.66147208213806
2.28,-1,148.67798018455505
2.25,-1,148.6949963569641
2.22,-1,148.71150422096252
2.19,-1,148.72901391983032
2.16,-1,148.74501633644104
0.0,1,148.99533653259277
0.0,1,149.01233959197998
0.0,1,149.02934408187866
-0.01,1,149.04534769058228
-0.02,1,149.0623517036438
-0.02,1,149.07935571670532
-0.03,1,149.09635877609253
-0.05,1,149.11236214637756
-0.08,1,149.1293659210205
-0.1,1,149.1459822654724
-0.14,1,149.16301894187927
-0.17,1,149.1805567741394
-0.17,1,149.1960895061493
-0.22,1,149.21309351921082
-0.26,1,149.23090028762817
-0.32,1,149.24785375595093
-0.37,1,149.26458978652954
-0.43,1,149.28159427642822
-0.43,1,149.29859805107117
-0.5,1,149.31560134887695
-0.57,0,149.33260536193848
-0.65,0,149.34960913658142
-0.73,0,149.36661338806152
-0.81,0,149.383202791214
-0.89,0,149.40021014213562
-0.89,0,149.4168610572815
-0.98,0,149.43399715423584
-1.08,0,149.45001411437988
-1.18,0,149.46693301200867
-1.28,0,149.48397493362427
-1.38,0,149.50098085403442
-1.38,0,149.517884016037
-1.5,0,149.53496599197388
-1.62,0,149.55096983909607
-1.74,0,149.56801772117615
-1.86,0,149.58457207679749
-1.99,0,149.6015763282776
-1.99,0,149.61757969856262
-2.1,0,149.63458371162415
-2.2,-1,149.65158700942993
-2.29,-1,149.66859102249146
-2.37,-1,149.68559503555298
-2.45,-1,149.70259881019592
-2.45,-1,149.7186028957367
-2.54,-1,149.73560643196106
-2.62,-1,149.75261044502258
-2.69,-1,149.7696135044098
-2.78,-1,149.7866175174713
-2.86,-1,149.80387711524963
-2.93,-1,149.82062530517578
-2.93,-1,149.8376293182373
-3.0,-1,149.85413789749146
-3.08,-1,149.87114214897156
-3.16,-1,149.88814616203308
-3.24,-1,149.90514945983887
-3.32,-1,149.9216661453247
-3.32,-1,149.93866300582886
-3.4,-1,149.95566654205322
-3.49,-1,149.97267055511475
0.0,1,150.22825050354004
0.0,1,150.2452552318573
-0.01,1,150.26225805282593
-0.01,1,150.27926230430603
-0.03,1,150.29626560211182
-0.05,1,150.31289219856262
-0.07,1,150.3298954963684
-0.1,1,150.3468999862671
-0.13,1,150.36390376091003
-0.17,1,150.37990736961365
-0.17,1,150.39691185951233
-0.22,1,150.41391491889954
-0.27,1,150.43091893196106
-0.33,1,150.447922706604
-0.39,1,150.46492624282837
-0.45,1,150.48193073272705
-0.45,1,150.4979338645935
-0.52,0,150.51593923568726
-0.6,0,150.53194189071655
-0.68,0,150.54845023155212
-0.76,0,150.5654535293579
-0.85,0,150.58245730400085
-0.85,0,150.59946084022522
-0.95,0,150.61646509170532
-1.05,0,150.63246846199036
-1.15,0,150.6494722366333
-1.26,0,150.66647577285767
-1.36,0,150.6834797859192
-1.45,0,150.70048308372498
-1.45,0,150.7164876461029
-1.54,0,150.73349142074585
-1.63,0,150.75049471855164
-1.72,0,150.766499042511
-1.79,0,150.78350281715393
-1.86,0,150.80050611495972
-1.86,0,150.8165099620819
-1.91,0,150.83351373672485
-1.96,0,150.85051703453064
-1.99,-1,150.86652207374573
-2.02,-1,150.88352417945862
-2.04,-1,150.90053009986877
-2.04,-1,150.9165325164795
-2.08,-1,150.93353605270386
-2.12,-1,150.9505398273468
-2.16,-1,150.9675440788269
-2.2,-1,150.98354768753052
-2.24,-1,151.00055122375488
-2.24,-1,151.0165548324585
-2.27,-1,151.03355860710144
-2.3,-1,151.05056262016296
-2.33,-1,151.0675663948059
-2.35,-1,151.0840744972229
-2.38,-1,151.10158395767212
-2.38,-1,151.117591381073
-2.4,-1,151.13559579849243
-2.42,-1,151.15220403671265
-2.43,-1,151.16820740699768
-2.45,-1,151.18545818328857
-2.46,-1,151.20147061347961
-2.46,-1,151.21847343444824
-2.47,-1,151.2354772090912
-2.47,-1,151.25221800804138
-2.48,-1,151.26922225952148
-2.48,-1,151.28622603416443
0.0,1,151.55129480361938
0.0,1,151.56830215454102
-0.01,1,151.58539938926697
-0.02,1,151.60240387916565
-0.02,1,151.61940670013428
-0.04,1,151.6364278793335
-0.07,1,151.65343141555786
-0.1,1,151.66943502426147
-0.13,1,151.68594312667847
-0.16,1,151.7029469013214
-0.2,1,151.71995067596436
-0.2,1,151.73695516586304
-0.25,1,151.75395894050598
-0.3,1,151.77096271514893
-0.36,1,151.78796577453613
-0.42,1,151.80497026443481
-0.48,1,151.82200860977173
-0.48,1,151.83900332450867
-0.53,0,151.85600662231445
-0.59,0,151.8730113506317
-0.65,0,151.89053058624268
-0.71,0,151.90703916549683
-0.77,0,151.9230420589447
-0.84,0,151.94056177139282
-0.84,0,151.95707035064697
-0.92,0,151.97407388687134
-0.99,0,151.99059557914734
-1.07,0,152.00710487365723
-1.15,0,152.02365446090698
-1.24,0,152.04065823554993
-1.24,0,152.05766224861145
-1.33,0,152.07466554641724
-1.43,0,152.09066915512085
-1.54,0,152.1078245639801
-1.66,0,152.12482810020447
-1.78,0,152.14135122299194
-1.78,0,152.15799641609192
-1.91,0,152.1745626926422
-2.02,0,152.19156670570374
-2.14,-1,152.20857000350952
-2.25,-1,152.22507858276367
-2.36,-1,152.24258732795715
-2.36,-1,152.25912523269653
-2.48,-1,152.27612924575806
-2.61,-1,152.29313349723816
-2.74,-1,152.31013655662537
-2.87,-1,152.3271403312683
-2.99,-1,152.34314441680908
-3.12,-1,152.36014795303345
-3.12,-1,152.37715196609497
-3.24,-1,152.39415621757507
-3.36,-1,152.41071605682373
-3.47,-1,152.42822432518005
-3.59,-1,152.44479727745056
-3.7,-1,152.46180129051208
-3.7,-1,152.4788053035736
-3.81,-1,152.49531316757202
0.0,1,152.76328659057617
0.0,1,152.78029036521912
0.0,1,152.79629468917847
-0.02,1,152.81329798698425
-0.03,1,152.8298065662384
-0.05,1,152.84681034088135
-0.08,1,152.86381340026855
-0.1,1,152.88081741333008
-0.1,1,152.89782094955444
-0.14,1,152.9148244857788
-0.17,1,152.93182969093323
-0.2,1,152.94883275032043
-0.22,1,152.9658362865448
-0.24,1,152.98284029960632
-0.26,1,152.999844789505
-0.26,1,153.01684761047363
-0.27,1,153.03385210037231
-0.28,1,153.0508553981781
-0.28,1,153.06785917282104
-0.28,1,153.084862947464
-0.29,1,153.10186743736267
-0.29,1,153.1178708076477
-0.31,1,153.13587546348572
-0.33,1,153.15287804603577
-0.34,1,153.16988253593445
-0.37,1,153.1868860721588
-0.39,1,153.20395183563232
-0.42,1,153.22040104866028
-0.42,1,153.23740577697754
-0.44,1,153.25440883636475
-0.47,0,153.27141284942627
-0.5,0,153.2884166240692
-0.53,0,153.30542063713074
-0.57,0,153.32242393493652
-0.57,0,153.3394284248352
-0.62,0,153.35617089271545
-0.66,0,153.37267780303955
-0.7,0,153.3901867866516
-0.74,0,153.40619206428528
-0.78,0,153.4226999282837
-0.82,0,153.4402313232422
-0.82,0,153.456228017807
-0.86,0,153.47323179244995
-0.91,0,153.49023485183716
-0.97,0,153.507239818573
-1.02,0,153.52424335479736
-1.09,0,153.54127430915833
-1.09,0,153.55727863311768
-1.16,0,153.5742814540863
-1.23,0,153.59128618240356
-1.31,0,153.6082901954651
-1.39,0,153.62529397010803
-1.48,0,153.64231610298157
-1.48,0,153.65931916236877
-1.57,0,153.67632293701172
-1.67,0,153.69232773780823
-1.77,0,153.709331035614
-1.88,-1,153.72633481025696
-1.99,-1,153.74335718154907
-2.1,-1,153.7603611946106
-2.1,-1,153.7773642539978
-2.22,-1,153.79436826705933
-2.35,-1,153.81137371063232
-2.48,-1,153.82837677001953
-2.61,-1,153.84543442726135
-2.74,-1,153.86243867874146
-2.74,-1,153.87844252586365
-2.88,-1,153.89644622802734
-3.02,-1,153.91244983673096
-3.17,-1,153.9294536113739
-3.33,-1,153.94645714759827
-3.48,-1,153.9634609222412
-3.64,-1,153.98046445846558
0.0,1,154.21961784362793
0.0,1,154.23662114143372
0.0,1,154.25364303588867
0.01,1,154.27064728736877
0.02,1,154.28765058517456
0.03,1,154.30465507507324
0.04,1,154.32165837287903
0.04,1,154.3386619091034
0.06,1,154.35566592216492
0.07,1,154.37267065048218
0.09,1,154.3896746635437
0.12,1,154.40667819976807
0.14,1,154.423681974411
0.17,1,154.44068574905396
0.17,1,154.45769023895264
0.21,1,154.47469449043274
0.26,1,154.49072790145874
0.3,1,154.50772333145142
0.35,1,154.52458810806274
0.4,1,154.54159116744995
0.4,1,154.55859518051147
0.45,1,154.57559895515442
0.51,0,154.59260296821594
0.57,0,154.6096065044403
0.63,0,154.62661051750183
0.69,0,154.64361453056335
0.76,0,154.66061806678772
0.76,0,154.67762231826782
0.83,0,154.69462633132935
0.9,0,154.71162939071655
0.97,0,154.72863340377808
1.05,0,154.74563694000244
1.13,0,154.7626404762268
1.21,0,154.77964448928833
1.21,0,154.79664826393127
1.29,0,154.81365251541138
1.38,0,154.83065629005432
1.47,0,154.84665989875793
1.57,0,154.86366319656372
1.67,0,154.8796808719635
1.67,0,154.89668488502502
1.78,0,154.9136881828308
1.89,0,154.92969274520874
2.01,0,154.94671487808228
2.11,-1,154.96371841430664
2.22,-1,154.98072266578674
2.22,-1,154.99774503707886
2.33,-1,155.0147488117218
2.44,-1,155.03175282478333
2.54,-1,155.04875707626343
2.63,-1,155.06576013565063
2.72,-1,155.082763671875
2.81,-1,155.09976816177368
2.81,-1,155.1167712211609
2.89,-1,155.13377594947815
2.97,-1,155.15077900886536
3.04,-1,155.1667833328247
3.12,-1,155.18378734588623
3.19,-1,155.2007954120636
3.19,-1,155.21779894828796
3.25,-1,155.23480224609375
3.31,-1,155.25180792808533
3.37,-1,155.2678108215332
0.0,1,155.5198211669922
0.0,1,155.53682470321655
0.0,1,155.5538191795349
0.01,1,155.56982278823853
0.02,1,155.58749508857727
0.03,1,155.60398936271667
0.04,1,155.62099361419678
0.04,1,155.63753461837769
0.06,1,155.65417742729187
0.07,1,155.67135429382324
0.09,1,155.68835759162903
0.12,1,155.70537090301514
0.14,1,155.7223675251007
0.14,1,155.73937058448792
0.17,1,155.75637769699097
0.2,1,155.77338218688965
0.24,1,155.79038548469543
0.29,1,155.80739283561707
0.34,1,155.82439661026
0.39,1,155.84140014648438
0.39,1,155.85840392112732
0.45,1,155.87540769577026
0.51,0,155.8914110660553
0.58,0,155.90819001197815
0.65,0,155.92519450187683
0.72,0,155.94219827651978
0.72,0,155.95884823799133
0.8,0,155.97535681724548
0.88,0,155.9923610687256
0.97,0,156.0093650817871
1.06,0,156.02636861801147
1.15,0,156.04337239265442
1.25,0,156.06037640571594
1.25,0,156.0773799419403
1.36,0,156.09428930282593
1.47,0,156.11129760742188
1.57,0,156.12830090522766
1.68,0,156.14530420303345
1.79,0,156.16230845451355
1.79,0,156.17931175231934
1.9,0,156.19631600379944
2.02,0,156.21331977844238
2.13,-1,156.23032331466675
2.24,-1,156.24732732772827
2.36,-1,156.26333045959473
2.48,-1,156.28033471107483
2.48,-1,156.29733872413635
2.58,-1,156.31434202194214
2.67,-1,156.33134651184082
2.76,-1,156.34734988212585
2.84,-1,156.36491870880127
2.91,-1,156.38192296028137
2.91,-1,156.39843201637268
2.96,-1,156.41543555259705
3.01,-1,156.43243932724
3.04,-1,156.44944286346436
3.07,-1,156.46644711494446
3.1,-1,156.48245096206665
3.1,-1,156.49945449829102
3.1,-1,156.51645803451538
3.1,-1,156.5334620475769
3.09,-1,156.5502164363861
0.0,1,156.80903005599976
0.0,1,156.82503414154053
0.01,1,156.8420376777649
0.01,1,156.85904145240784
0.02,1,156.87604451179504
0.03,1,156.89277505874634
0.04,1,156.9102909564972
0.06,1,156.9262900352478
0.08,1,156.94329380989075
0.11,1,156.9602975845337
0.11,1,156.97730112075806
0.14,1,156.99430537223816
0.18,1,157.01030850410461
0.22,1,157.02731251716614
0.26,1,157.0443160533905
0.31,1,157.06132078170776
0.31,1,157.07832431793213
0.37,1,157.09532713890076
0.43,1,157.11233115196228
0.49,1,157.12833547592163
0.56,0,157.14534902572632
0.63,0,157.1623523235321
0.63,0,157.17835593223572
0.7,0,157.19536066055298
0.77,0,157.21236395835876
0.85,0,157.2293677330017
0.93,0,157.24637174606323
1.01,0,157.26337575912476
1.1,0,157.2803795337677
1.1,0,157.29738330841064
1.19,0,157.314386844635
1.27,0,157.33139276504517
1.35,0,157.3474087715149
1.43,0,157.36441278457642
1.5,0,157.3814196586609
1.5,0,157.39842414855957
1.56,0,157.4153335094452
1.62,0,157.43233728408813
1.68,0,157.4493408203125
1.73,0,157.46634459495544
1.78,0,157.48234820365906
1.78,0,157.499351978302
1.82,0,157.51635599136353
1.85,0,157.5333595275879
1.89,-1,157.550363779068
1.91,-1,157.56736755371094
1.94,-1,157.58337140083313
1.96,-1,157.60037517547607
1.96,-1,157.6163785457611
1.97,-1,157.63438248634338
1.98,-1,157.650386095047
1.99,-1,157.66738963127136
2.0,-1,157.6833939552307
2.01,-1,157.70039749145508
2.01,-1,157.7174015045166
2.03,-1,157.73414301872253
2.05,-1,157.75075697898865
2.07,-1,157.76777005195618
2.1,-1,157.78524684906006
2.14,-1,157.80225372314453
2.14,-1,157.81825995445251
2.18,-1,157.83565473556519
2.22,-1,157.85250163078308
2.27,-1,157.86915230751038
2.32,-1,157.8861563205719
2.38,-1,157.90216040611267
2.38,-1,157.91916465759277
2.45,-1,157.9361674785614
2.52,-1,157.95317125320435
2.6,-1,157.9701750278473
0.0,1,158.20920872688293
0.0,1,158.22621202468872
0.01,1,158.2422158718109
0.01,1,158.25922012329102
0.01,1,158.27622365951538
0.02,1,158.29322791099548
0.04,1,158.31023144721985
0.05,1,158.3272349834442
0.07,1,158.3442394733429
0.08,1,158.361243724823
0.08,1,158.37824630737305
0.11,1,158.395250082016
0.13,1,158.41125392913818
0.16,1,158.4282579421997
0.19,1,158.44526195526123
0.22,1,158.46226692199707
0.22,1,158.47926902770996
0.26,1,158.4963161945343
0.3,1,158.5133204460144
0.35,1,158.53032302856445
0.39,1,158.54732728004456
0.44,1,158.56433153152466
0.5,0,158.58133673667908
0.5,0,158.59833884239197
0.55,0,158.6153426170349
0.61,0,158.63134694099426
0.66,0,158.6483507156372
0.71,0,158.6653537750244
0.77,0,158.6813588142395
0.77,0,158.6983618736267
0.81,0,158.71536779403687
0.86,0,158.73236918449402
0.91,0,158.74937272071838
0.97,0,158.7663767337799
1.03,0,158.78338098526
1.11,0,158.80038499832153
1.11,0,158.816388130188
1.2,0,158.8333921432495
1.3,0,158.85039567947388
1.4,0,158.86739945411682
1.52,0,158.8844029903412
1.64,0,158.90140748023987
1.64,0,158.91741061210632
1.78,0,158.93541526794434
1.92,0,158.9514183998108
2.07,-1,158.96842193603516
2.22,-1,158.98542594909668
2.37,-1,159.0024299621582
2.37,-1,159.0194342136383
2.53,-1,159.0364372730255
2.69,-1,159.0534417629242
2.85,-1,159.06944513320923
3.01,-1,159.08645033836365
3.17,-1,159.10345363616943
3.34,-1,159.12045645713806
3.34,-1,159.13745975494385
3.51,-1,159.15471506118774
3.68,-1,159.17146801948547
3.85,-1,159.1880702972412
4.03,-1,159.204571723938
0.0,1,159.4319498538971
0.0,1,159.44795322418213
0.01,1,159.4649567604065
0.02,1,159.48196029663086
0.02,1,159.49896430969238
0.04,1,159.51596856117249
0.07,1,159.53197240829468
0.1,1,159.54899287223816
0.13,1,159.56599640846252
0.16,1,159.58300065994263
0.2,1,159.60000467300415
0.2,1,159.6160078048706
0.25,1,159.63301181793213
0.3,1,159.65001511573792
0.36,1,159.66701889038086
0.42,1,159.68387699127197
0.48,1,159.70038557052612
0.48,1,159.7168939113617
0.54,0,159.73389792442322
0.61,0,159.75090098381042
0.68,0,159.76790475845337
0.75,0,159.78490924835205
0.83,0,159.80191254615784
0.83,0,159.81791615486145
0.92,0,159.8349199295044
1.01,0,159.8514678478241
1.1,0,159.8684720993042
1.2,0,159.88547658920288
1.29,0,159.90217804908752
1.29,0,159.9181821346283
1.4,0,159.93618535995483
1.51,0,159.95218873023987
1.64,0,159.96919417381287
1.76,0,159.9861969947815
1.89,0,160.0022008419037
1.89,0,160.01920461654663
2.02,0,160.03620839118958
2.16,-1,160.05321216583252
2.3,-1,160.07021522521973
2.44,-1,160.08770942687988
2.58,-1,160.10473465919495
2.72,-1,160.12143230438232
2.72,-1,160.1372311115265
2.87,-1,160.15423488616943
3.02,-1,160.17123818397522
3.18,-1,160.18824172019958
3.33,-1,160.20424580574036
3.49,-1,160.2222499847412
3.49,-1,160.23825335502625
3.65,-1,160.25625801086426
3.81,-1,160.27226090431213
3.97,-1,160.28926467895508
4.13,-1,160.3062686920166
0.0,1,160.57633519172668
0.0,1,160.59333848953247
0.01,1,160.6099190711975
0.01,1,160.6269233226776
0.02,1,160.64392685890198
0.02,1,160.66093039512634
0.02,1,160.67843794822693
0.03,1,160.69544196128845
0.04,1,160.71244597434998
0.06,1,160.72944951057434
0.07,1,160.74645328521729
0.09,1,160.76345777511597
0.11,1,160.77986526489258
0.11,1,160.7963743209839
0.13,1,160.8133773803711
0.16,1,160.83038067817688
0.19,1,160.84738492965698
0.22,1,160.86438846588135
0.25,1,160.8813931941986
0.25,1,160.89839673042297
0.29,1,160.91540050506592
0.33,1,160.93240475654602
0.37,1,160.94940876960754
0.42,1,160.96641278266907
0.47,1,160.98241591453552
0.47,1,160.99941897392273
0.53,0,161.01642274856567
0.58,0,161.03293251991272
0.64,0,161.04993557929993
0.7,0,161.06593942642212
0.76,0,161.08294320106506
0.83,0,161.09994769096375
0.83,0,161.11695051193237
0.9,0,161.13395524024963
0.98,0,161.15095829963684
1.05,0,161.16796278953552
1.13,0,161.18496561050415
1.21,0,161.2019739151001
1.21,0,161.2179765701294
1.3,0,161.23498129844666
1.39,0,161.25198435783386
1.49,0,161.2689893245697
1.59,0,161.2859923839569
1.69,0,161.30299639701843
1.69,0,161.3189992904663
1.8,0,161.33600306510925
1.91,0,161.3530077934265
2.02,0,161.3690106868744
2.12,-1,161.3857982158661
2.23,-1,161.40280199050903
2.35,-1,161.41980576515198
2.35,-1,161.43631410598755
2.46,-1,161.45331811904907
2.58,-1,161.47032141685486
2.71,-1,161.4873251914978
2.84,-1,161.50432896614075
2.97,-1,161.52133440971375
2.97,-1,161.53733706474304
3.09,-1,161.55443120002747
3.21,-1,161.57134366035461
3.33,-1,161.58834838867188
3.45,-1,161.60535168647766
3.57,-1,161.6223554611206
3.57,-1,161.63935947418213
3.7,-1,161.65636277198792
0.0,1,161.8887951374054
0.0,1,161.90530395507812
0.01,1,161.92230796813965
0.01,1,161.93931245803833
0.01,1,161.95631575584412
0.02,1,161.97331953048706
0.04,1,161.9903380870819
0.05,1,162.00733137130737
0.07,1,162.02433466911316
0.08,1,162.04133892059326
0.08,1,162.05834245681763
0.11,1,162.07534623146057
0.13,1,162.09235286712646
0.16,1,162.10936450958252
0.17,1,162.12636756896973
0.18,1,162.1428234577179
0.2,1,162.15982747077942
0.2,1,162.17683100700378
0.2,1,162.1938488483429
0.21,1,162.2098524570465
0.22,1,162.22736167907715
0.23,1,162.24436593055725
0.25,1,162.26136994361877
0.25,1,162.27837347984314
0.26,1,162.29537725448608
0.28,1,162.31238198280334
0.31,1,162.32938528060913
0.33,1,162.34638905525208
0.36,1,162.36339235305786
0.38,1,162.38039660453796
0.38,1,162.3974003791809
0.42,1,162.41440391540527
0.45,1,162.43140816688538
0.49,0,162.44841194152832
0.54,0,162.46541571617126
0.58,0,162.48241996765137
0.58,0,162.49929213523865
0.63,0,162.51629662513733
0.68,0,162.53330087661743
0.74,0,162.55030393600464
0.79,0,162.56730771064758
0.85,0,162.58431148529053
0.91,0,162.60031533241272
0.91,0,162.61731958389282
0.98,0,162.63423538208008
1.04,0,162.65124416351318
1.12,0,162.6682481765747
1.19,0,162.6851348876953
1.27,0,162.7011411190033
1.27,0,162.71814441680908
1.34,0,162.73514866828918
1.41,0,162.7512559890747
1.47,0,162.7682590484619
1.52,0,162.785089969635
1.56,0,162.80127096176147
1.56,0,162.81827473640442
1.59,0,162.83527827262878
1.6,0,162.8522846698761
1.61,0,162.86929321289062
1.63,0,162.88529753684998
1.65,0,162.90229988098145
1.65,0,162.9193036556244
1.66,-1,162.93630719184875
1.68,-1,162.95231080055237
1.7,-1,162.9693145751953
1.73,-1,162.98631834983826
1.76,-1,163.00332236289978
1.79,-1,163.02032589912415
1.79,-1,163.03632950782776
1.83,-1,163.05333352088928
1.88,-1,163.07033705711365
1.92,-1,163.08791780471802
1.95,-1,163.10420751571655
1.98,-1,163.12121081352234
1.98,-1,163.1372139453888
2.01,-1,163.15477776527405
2.04,-1,163.17122769355774
2.06,-1,163.18825459480286
2.07,-1,163.20523953437805
2.08,-1,163.2212963104248
2.08,-1,163.237961769104
2.1,-1,163.25525069236755
2.12,-1,163.27126049995422
2.15,-1,163.28825783729553
2.18,-1,163.30457758903503
2.22,-1,163.32136273384094
0.0,1,163.57747745513916
0.0,1,163.59448385238647
0.01,1,163.611487865448
0.02,1,163.6284921169281
0.04,1,163.6454954147339
0.06,1,163.6625018119812
0.07,1,163.6795039176941
0.07,1,163.69650721549988
0.09,1,163.71351075172424
0.11,1,163.72951412200928
0.14,1,163.74651789665222
0.17,1,163.76352214813232
0.21,1,163.78052616119385
0.21,1,163.79772639274597
0.25,1,163.81473016738892
0.3,1,163.8307342529297
0.36,1,163.84773778915405
0.41,1,163.86474180221558
0.48,1,163.88174486160278
0.48,1,163.89774870872498
0.54,0,163.91475296020508
0.6,0,163.93175745010376
0.67,0,163.94832968711853
0.75,0,163.9648551940918
0.82,0,163.9818594455719
0.82,0,163.99886274337769
0.9,0,164.01586651802063
0.98,0,164.03287053108215
1.06,0,164.0495285987854
1.14,0,164.06591033935547
1.23,0,164.0829141139984
1.32,0,164.09955739974976
1.32,0,164.11556029319763
1.41,0,164.13356494903564
1.5,0,164.1501932144165
1.59,0,164.1671974658966
1.67,0,164.18420100212097
1.74,0,164.20020508766174
1.74,0,164.2172088623047
1.79,0,164.23421216011047
1.84,0,164.25121641159058
1.88,0,164.26821994781494
1.91,0,164.28522372245789
1.94,-1,164.30223202705383
1.94,-1,164.31923651695251
1.98,-1,164.33624005317688
2.03,-1,164.35324382781982
2.08,-1,164.37024760246277
2.14,-1,164.38625192642212
2.2,-1,164.40325450897217
2.28,-1,164.4202597141266
2.28,-1,164.43726301193237
2.37,-1,164.45426654815674
2.46,-1,164.47026991844177
2.56,-1,164.48727345466614
2.66,-1,164.50466442108154
2.77,-1,164.52128100395203
2.77,-1,164.53728461265564
2.88,-1,164.55464458465576
3.0,-1,164.5721197128296
3.12,-1,164.58811807632446
3.25,-1,164.60512113571167
3.38,-1,164.62212538719177
3.38,-1,164.63812923431396
3.51,-1,164.65513277053833
0.0,1,164.888925075531
0.01,1,164.9069266319275
0.02,1,164.92292428016663
0.05,1,164.94044661521912
0.05,1,164.95744109153748
0.09,1,164.97444415092468
0.14,1,164.99145102500916
0.19,1,165.00745487213135
0.26,1,165.02445816993713
0.31,1,165.04146528244019
0.31,1,165.05847334861755
0.37,1,165.07547688484192
0.44,1,165.09148383140564
0.52,0,165.10848808288574
0.6,0,165.1254904270172
0.69,0,165.14249897003174
0.69,0,165.15850853919983
0.8,0,165.17551112174988
0.92,0,165.19251489639282
1.04,0,165.2093470096588
1.17,0,165.22635126113892
1.31,0,165.24335408210754
1.46,0,165.2599232196808
1.46,0,165.2769274711609
1.62,0,165.29344964027405
1.8,0,165.310453414917
1.98,0,165.32745718955994
2.16,0,165.34431195259094
2.36,-1,165.3613157272339
2.36,-1,165.3783197402954
2.57,-1,165.39532351493835
2.79,-1,165.4123272895813
3.0,-1,165.42833137512207
3.22,-1,165.44533443450928
3.44,-1,165.4623396396637
3.44,-1,165.4793426990509
3.66,-1,165.49664044380188
3.89,-1,165.5133228302002
4.12,-1,165.52932691574097
4.37,-1,165.54633045196533
4.61,-1,165.5633339881897
0.0,1,165.82340049743652
0.01,1,165.84006023406982
0.01,1,165.85719180107117
0.03,1,165.87418222427368
0.05,1,165.89118933677673
0.07,1,165.90819597244263
0.1,1,165.92519998550415
0.14,1,165.94220495224
0.14,1,165.95922327041626
0.2,1,165.97622656822205
0.26,1,165.993230342865
0.34,1,166.01017665863037
0.42,1,166.02618193626404
0.49,1,166.04318857192993
0.57,0,166.06020331382751
0.57,0,166.0771987438202
0.66,0,166.09420228004456
0.77,0,166.11120629310608
0.88,0,166.12721037864685
1.0,0,166.14431285858154
1.12,0,166.16131830215454
1.12,0,166.177321434021
1.26,0,166.19432520866394
1.41,0,166.2113299369812
1.56,0,166.22833347320557
1.72,0,166.2453374862671
1.89,0,166.26219296455383
1.89,0,166.27919602394104
2.08,0,166.2962028980255
2.27,-1,166.31220626831055
2.47,-1,166.3292100429535
2.67,-1,166.34621334075928
2.87,-1,166.36221766471863
2.87,-1,166.37922072410583
3.05,-1,166.39623093605042
3.23,-1,166.4122347831726
3.41,-1,166.42923831939697
3.6,-1,166.44624209403992
3.78,-1,166.46324610710144
3.96,-1,166.4802589416504
3.96,-1,166.49725532531738
4.14,-1,166.51426243782043
4.32,-1,166.5312683582306
0.0,1,166.80066227912903
0.0,1,166.81766629219055
0.02,1,166.83466935157776
0.04,1,166.85167717933655
0.07,1,166.86768054962158
0.11,1,166.88468408584595
0.16,1,166.9012894630432
0.16,1,166.91829323768616
0.22,1,166.93529725074768
0.3,1,166.95230078697205
0.38,1,166.969304561615
0.46,1,166.98630833625793
0.56,0,167.00331282615662
0.66,0,167.02031660079956
0.66,0,167.0373203754425
0.78,0,167.0543234348297
0.9,0,167.07151174545288
1.03,0,167.08833146095276
1.17,0,167.10533595085144
1.31,0,167.12233996391296
1.31,0,167.1393427848816
1.46,0,167.15634751319885
1.6,0,167.1733512878418
1.74,0,167.19035458564758
1.87,0,167.20735812187195
2.01,0,167.22436237335205
2.14,0,167.24036478996277
2.14,0,167.2573688030243
2.27,-1,167.27437329292297
2.4,-1,167.29137682914734
2.54,-1,167.3083815574646
2.68,-1,167.32538509368896
2.82,-1,167.34238862991333
2.82,-1,167.35939264297485
2.96,-1,167.37639617919922
3.11,-1,167.3924000263214
3.27,-1,167.40940380096436
3.42,-1,167.42640733718872
3.58,-1,167.44341135025024
3.58,-1,167.45941472053528
3.73,-1,167.47641801834106
3.89,-1,167.49342274665833
4.05,-1,167.5104262828827
0.0,1,167.77848625183105
0.01,1,167.795490026474
0.02,1,167.8154947757721
0.05,1,167.82949805259705
0.08,1,167.84650182724
0.12,1,167.86350512504578
0.17,1,167.87950992584229
0.17,1,167.89630460739136
0.23,1,167.91331505775452
0.3,1,167.93015313148499
0.38,1,167.947172164917
0.47,1,167.96417570114136
0.57,0,167.98118019104004
0.57,0,167.99718379974365
0.68,0,168.01418709754944
0.8,0,168.03119349479675
0.93,0,168.04767322540283
1.06,0,168.06467580795288
1.21,0,168.08168053627014
1.21,0,168.09834241867065
1.37,0,168.11534547805786
1.54,0,168.13234949111938
1.71,0,168.14935398101807
1.9,0,168.16635751724243
2.09,0,168.1833610534668
2.28,-1,168.199364900589
2.28,-1,168.21636867523193
2.48,-1,168.23337268829346
2.69,-1,168.2502806186676
2.9,-1,168.26728415489197
3.12,-1,168.2842881679535
3.35,-1,168.3012912273407
3.35,-1,168.31729578971863
3.6,-1,168.334299325943
3.85,-1,168.35130381584167
4.11,-1,168.36830735206604
4.37,-1,168.38531160354614
4.63,-1,168.40231561660767
0.0,1,168.657368183136
0.01,1,168.6743721961975
0.02,1,168.69137620925903
0.04,1,168.7073793411255
0.07,1,168.7243835926056
0.1,1,168.74138712882996
0.1,1,168.75839114189148
0.16,1,168.7750174999237
0.22,1,168.79202437400818
0.28,1,168.80902814865112
0.36,1,168.8260316848755
0.44,1,168.84303545951843
0.54,0,168.86003971099854
0.54,0,168.87704348564148
0.64,0,168.8940784931183
0.76,0,168.91108179092407
0.88,0,168.92708563804626
1.02,0,168.94408917427063
1.16,0,168.96109342575073
1.16,0,168.97860097885132
1.31,0,168.99519991874695
1.46,0,169.01165962219238
1.62,0,169.02866339683533
1.78,0,169.04520082473755
1.95,0,169.0622055530548
1.95,0,169.07920908927917
2.14,0,169.09621238708496
2.33,-1,169.1132161617279
2.52,-1,169.1302251815796
2.72,-1,169.1472282409668
2.91,-1,169.1642324924469
3.11,-1,169.1812355518341
3.11,-1,169.19823932647705
3.31,-1,169.21524381637573
3.52,-1,169.2317979335785
3.74,-1,169.2484827041626
3.96,-1,169.26548600196838
4.19,-1,169.2824902534485
4.42,-1,169.29949355125427
0.0,1,169.55755949020386
0.01,1,169.5745759010315
0.02,1,169.59114861488342
0.05,1,169.60815501213074
0.08,1,169.6251609325409
0.12,1,169.64216542243958
0.12,1,169.65878534317017
0.18,1,169.67579174041748
0.24,1,169.69229936599731
0.3,1,169.70925402641296
0.37,1,169.72625756263733
0.44,1,169.74326157569885
0.53,0,169.75972175598145
0.53,0,169.77672600746155
0.63,0,169.7937295436859
0.74,0,169.80973386764526
0.85,0,169.82673716545105
0.98,0,169.84324502944946
1.11,0,169.8602488040924
1.11,0,169.87725377082825
1.26,0,169.89425826072693
1.4,0,169.91027426719666
1.54,0,169.92728066444397
1.69,0,169.94428300857544
1.83,0,169.96128726005554
1.83,0,169.9782907962799
1.97,0,169.99629402160645
2.12,0,170.01129794120789
2.27,-1,170.0283007621765
2.42,-1,170.04530596733093
2.56,-1,170.06230902671814
2.56,-1,170.07931303977966
2.69,-1,170.09631633758545
2.83,-1,170.11232137680054
2.98,-1,170.1293239593506
3.14,-1,170.1463282108307
3.3,-1,170.16333150863647
3.47,-1,170.17933559417725
3.47,-1,170.1963393688202
3.65,-1,170.2133424282074
3.84,-1,170.229346036911
4.03,-1,170.2463505268097
4.2,-1,170.26335453987122
0.0,1,170.51364254951477
-0.01,1,170.5302164554596
-0.02,1,170.54748606681824
-0.05,1,170.56448912620544
-0.08,1,170.5814929008484
-0.08,1,170.59833526611328
-0.13,1,170.61533951759338
-0.18,1,170.63234329223633
-0.25,1,170.64934730529785
-0.32,1,170.66635084152222
-0.4,1,170.68235445022583
-0.4,1,170.69935822486877
-0.5,1,170.71636199951172
-0.6,0,170.73336577415466
-0.71,0,170.7503695487976
-0.83,0,170.76737332344055
-0.96,0,170.78437733650208
-1.08,0,170.8013813495636
-1.08,0,170.81738471984863
-1.2,0,170.834388256073
-1.31,0,170.85139226913452
-1.42,0,170.8673961162567
-1.52,0,170.88439965248108
-1.62,0,170.9014036655426
-1.62,0,170.91840720176697
-1.72,0,170.93541169166565
-1.8,0,170.95241475105286
-1.89,0,170.96941924095154
-1.98,0,170.98642301559448
-2.06,0,171.00342631340027
-2.14,-1,171.0204300880432
-2.14,-1,171.03743386268616
-2.21,-1,171.0544376373291
-2.28,-1,171.07144165039062
-2.34,-1,171.08905482292175
-2.39,-1,171.10517621040344
-2.44,-1,171.12210512161255
-2.44,-1,171.13812851905823
-2.48,-1,171.15546035766602
-2.51,-1,171.17218589782715
-2.54,-1,171.18918895721436
-2.57,-1,171.20620393753052
-2.61,-1,171.22277188301086
-2.64,-1,171.2397711277008
-2.64,-1,171.255774974823
-2.66,-1,171.27277874946594
-2.68,-1,171.2904167175293
-2.7,-1,171.3069245815277
-2.71,-1,171.32392859458923
-2.72,-1,171.3412585258484
-2.72,-1,171.35719323158264
-2.71,-1,171.37424564361572
-2.7,-1,171.39143300056458
-2.69,-1,171.40843749046326
0.0,1,171.68231892585754
0.0,1,171.6993224620819
-0.02,1,171.716326713562
-0.04,1,171.73333024978638
-0.07,1,171.75033688545227
-0.11,1,171.76734042167664
-0.16,1,171.78434443473816
-0.22,1,171.8013482093811
-0.22,1,171.81735181808472
-0.29,1,171.83435559272766
-0.37,1,171.85135960578918
-0.46,1,171.86736273765564
-0.55,0,171.88496494293213
-0.66,0,171.9019684791565
-0.66,0,171.91897201538086
-0.78,0,171.93597531318665
-0.9,0,171.95253443717957
-1.04,0,171.9695382118225
-1.18,0,171.9861192703247
-1.34,0,172.0031235218048
-1.5,0,172.0201268196106
-1.5,0,172.03713059425354
-1.66,0,172.05413484573364
-1.82,0,172.07113885879517
-1.98,0,172.08714175224304
-2.13,0,172.10414671897888
-2.28,-1,172.12114930152893
-2.28,-1,172.1381537914276
-2.42,-1,172.15515804290771
-2.55,-1,172.17116165161133
-2.68,-1,172.18816423416138
-2.81,-1,172.20516848564148
-2.94,-1,172.22217202186584
-2.94,-1,172.23917603492737
-3.05,-1,172.2561798095703
-3.15,-1,172.273184299469
-3.25,-1,172.29018783569336
-3.35,-1,172.30719256401062
-3.46,-1,172.3241958618164
-3.58,-1,172.3411991596222
-3.58,-1,172.35820317268372
-3.72,-1,172.37520718574524
-3.85,-1,172.39221143722534
0.0,1,172.6489555835724
-0.01,1,172.6659586429596
-0.02,1,172.68296313285828
-0.05,1,172.69996690750122
-0.05,1,172.71697092056274
-0.09,1,172.7339744567871
-0.14,1,172.75049781799316
-0.19,1,172.76750230789185
-0.26,1,172.78450512886047
-0.32,1,172.80150890350342
-0.32,1,172.8185133934021
-0.36,1,172.8355164527893
-0.4,1,172.85252022743225
-0.44,1,172.8695240020752
-0.46,1,172.88652849197388
-0.49,1,172.90353226661682
-0.51,0,172.9205355644226
-0.51,0,172.93754029273987
-0.51,0,172.9548466205597
-0.51,0,172.97182154655457
-0.5,0,172.98855066299438
-0.49,0,173.00555539131165
-0.47,0,173.02155804634094
-0.47,0,173.03856253623962
-0.44,1,173.05516266822815
-0.41,1,173.07216596603394
-0.38,1,173.0883264541626
-0.34,1,173.1052486896515
-0.31,1,173.12232756614685
-0.31,1,173.13818192481995
-0.27,1,173.15518522262573
-0.23,1,173.17218852043152
-0.19,1,173.18919205665588
-0.14,1,173.20619654655457
-0.08,1,173.22319984436035
-0.01,1,173.2402036190033
-0.01,1,173.2562072277069
0.06,1,173.27321100234985
0.15,1,173.2902147769928
0.24,1,173.30721926689148
0.34,1,173.32422256469727
0.44,1,173.34122610092163
0.44,1,173.35723185539246
0.54,1,173.37423658370972
0.66,1,173.3912410736084
0.77,1,173.40824341773987
0.89,0,173.42524790763855
1.02,0,173.44125247001648
1.02,0,173.45825862884521
1.15,0,173.47526240348816
1.28,0,173.49226570129395
1.42,0,173.5092692375183
1.55,0,173.526273727417
1.69,0,173.54329442977905
1.84,0,173.56029891967773
1.84,0,173.57730293273926
1.98,0,173.59430623054504
2.13,0,173.61131048202515
2.27,0,173.62831377983093
2.42,0,173.64531779289246
2.57,0,173.66232180595398
2.57,0,173.67932534217834
2.72,0,173.6963291168213
2.87,-1,173.7133331298828
3.02,-1,173.73033690452576
3.18,-1,173.74734115600586
3.35,-1,173.76434469223022
3.52,-1,173.78134870529175
3.52,-1,173.79735136032104
3.69,-1,173.81535601615906
3.87,-1,173.8313591480255
4.04,-1,173.84836339950562
4.22,-1,173.86536693572998
4.39,-1,173.88237118721008
4.39,-1,173.89837431907654
4.57,-1,173.91537809371948
4.75,-1,173.93238234519958
4.93,-1,173.94938611984253
0.0,1,174.20395159721375
0.0,1,174.2211766242981
0.0,1,174.23819422721863
0.0,1,174.25518441200256
0.0,1,174.27118849754333
0.0,1,174.28835940361023
0.0,1,174.3051953315735
0.01,1,174.322199344635
0.01,1,174.33820295333862
0.02,1,174.3552210330963
0.04,1,174.37222576141357
0.06,1,174.38922882080078
0.08,1,174.4052324295044
0.1,1,174.42223644256592
0.1,1,174.4382405281067
0.12,1,174.4554979801178
0.15,1,174.4725022315979
0.18,1,174.48850560188293
0.21,1,174.50527334213257
0.25,1,174.5222065448761
0.25,1,174.5393352508545
0.28,1,174.5563395023346
0.3,1,174.5733425617218
0.31,1,174.59034633636475
0.31,1,174.6073501110077
0.32,1,174.62435460090637
0.32,1,174.64135789871216
0.32,1,174.65836215019226
0.33,1,174.6753659248352
0.33,1,174.69136905670166
0.34,1,174.70837259292603
0.35,1,174.72537660598755
0.35,1,174.74238395690918
0.35,1,174.75938820838928
0.36,1,174.77639150619507
0.37,1,174.7923948764801
0.38,1,174.80939865112305
0.39,1,174.8264033794403
0.41,1,174.84340643882751
0.42,0,174.86041045188904
0.42,0,174.87741422653198
0.43,0,174.89441800117493
0.43,0,174.9114227294922
0.43,0,174.92842650413513
0.43,0,174.94542956352234
0.43,0,174.96243286132812
0.43,0,174.97943663597107
0.42,0,174.99646043777466
0.41,0,175.012464761734
0.41,0,175.02946853637695
0.41,0,175.0464723110199
0.41,0,175.06347632408142
0.42,0,175.08048009872437
0.42,0,175.09748363494873
0.43,0,175.11448669433594
0.44,0,175.13149046897888
0.46,0,175.14849495887756
0.48,0,175.16449809074402
0.51,0,175.1815025806427
0.51,0,175.19850659370422
0.54,0,175.21551036834717
0.58,0,175.2315137386322
0.6,0,175.24851751327515
0.62,0,175.2655212879181
0.64,0,175.28252530097961
0.64,0,175.29952907562256
0.64,0,175.3165328502655
0.64,0,175.33353805541992
0.64,0,175.3505403995514
0.64,0,175.36754393577576
0.63,0,175.38454842567444
0.61,0,175.40155363082886
0.61,0,175.41755557060242
0.61,0,175.43456029891968
0.61,0,175.45156383514404
0.62,0,175.468567609787
0.64,0,175.48557090759277
0.66,0,175.50157475471497
0.66,0,175.51857781410217
0.71,0,175.5355818271637
0.75,0,175.5515866279602
0.8,0,175.56859016418457
0.86,0,175.58559322357178
0.92,0,175.60259699821472
0.99,0,175.61960101127625
0.99,0,175.6366047859192
1.06,-1,175.6536087989807
1.14,-1,175.6696126461029
1.23,-1,175.68661618232727
1.33,-1,175.70361971855164
1.42,-1,175.719624042511
1.42,-1,175.7366271018982
1.51,-1,175.75333881378174
1.6,-1,175.77034306526184
1.69,-1,175.78734636306763
1.78,-1,175.8043508529663
1.88,-1,175.8203535079956
1.88,-1,175.8373577594757
1.99,-1,175.85436153411865
2.11,-1,175.87196612358093
2.24,-1,175.88836908340454
2.38,-1,175.90521907806396
2.52,-1,175.92194294929504
0.0,1,176.18320393562317
0.01,1,176.20014357566833
0.01,1,176.21613907814026
0.03,1,176.2331473827362
0.06,1,176.25057578086853
0.09,1,176.2670829296112
0.12,1,176.28408694267273
0.16,1,176.30062055587769
0.16,1,176.31719660758972
0.2,1,176.3342001438141
0.25,1,176.35152125358582
0.29,1,176.367525100708
0.34,1,176.38410592079163
0.39,1,176.40111017227173
0.39,1,176.41811394691467
0.46,1,176.4351179599762
0.53,0,176.45112371444702
0.61,0,176.46812772750854
0.7,0,176.48513221740723
0.79,0,176.50213837623596
0.79,0,176.51814579963684
0.9,0,176.53514909744263
1.02,0,176.55215501785278
1.14,0,176.56915831565857
1.27,0,176.5851674079895
1.4,0,176.60217142105103
1.4,0,176.61817455291748
1.53,0,176.6361789703369
1.67,0,176.65218353271484
1.81,0,176.6691858768463
1.94,0,176.68618965148926
2.06,0,176.7021930217743
2.06,0,176.7191972732544
2.18,-1,176.73620057106018
2.29,-1,176.75320506095886
2.41,-1,176.7702088356018
2.53,-1,176.78721261024475
2.66,-1,176.80421590805054
2.79,-1,176.82022047042847
2.79,-1,176.83722352981567
2.91,-1,176.85422706604004
3.02,-1,176.8712317943573
3.14,-1,176.88851165771484
3.25,-1,176.9052391052246
3.35,-1,176.921448469162
3.35,-1,176.93824672698975
3.44,-1,176.95525002479553
3.53,-1,176.97225427627563
3.63,-1,176.98825764656067
3.73,-1,177.0053837299347
0.0,1,177.26031804084778
0.0,1,177.27732181549072
0.0,1,177.2983272075653
0.01,1,177.31132912635803
0.02,1,177.32733345031738
0.03,1,177.3443374633789
0.04,1,177.36134147644043
0.04,1,177.37834405899048
0.06,1,177.395348072052
0.07,1,177.41135215759277
0.09,1,177.42888069152832
0.12,1,177.4448847770691
0.14,1,177.4613950252533
0.14,1,177.47839617729187
0.17,1,177.49539995193481
0.2,1,177.51240348815918
0.24,1,177.5294086933136
0.28,1,177.5464117527008
0.33,1,177.56342768669128
0.38,1,177.58041977882385
0.38,1,177.59742307662964
0.44,1,177.61442756652832
0.5,0,177.63143134117126
0.56,0,177.64843440055847
0.63,0,177.6654393672943
0.7,0,177.68244242668152
0.7,0,177.6994457244873
0.78,0,177.71612429618835
0.87,0,177.73312878608704
0.94,0,177.75013208389282
1.02,0,177.7671356201172
1.09,0,177.7841398715973
1.17,0,177.8011438846588
1.17,0,177.8171467781067
1.26,0,177.83515095710754
1.35,0,177.85115480422974
1.45,0,177.86815786361694
1.55,0,177.88416171073914
1.64,0,177.90116691589355
1.64,0,177.91716885566711
1.73,0,177.93417310714722
1.83,0,177.9511775970459
1.93,0,177.96818113327026
2.03,0,177.98518466949463
2.14,-1,178.00218892097473
2.14,-1,178.0191924571991
2.24,-1,178.03619599342346
2.32,-1,178.05319952964783
2.41,-1,178.0702040195465
2.5,-1,178.0872073173523
2.57,-1,178.10421109199524
2.64,-1,178.12121677398682
2.64,-1,178.13721919059753
2.69,-1,178.15422224998474
2.73,-1,178.171226978302
2.76,-1,178.18851280212402
2.79,-1,178.2052779197693
2.81,-1,178.22223830223083
2.81,-1,178.2382411956787
2.83,-1,178.25524497032166
2.85,-1,178.2720103263855
2.88,-1,178.28846716880798
2.9,-1,178.30526566505432
2.92,-1,178.32226037979126
2.92,-1,178.33926391601562
2.97,-1,178.35626769065857
0.0,1,178.60685181617737
0.01,1,178.6238570213318
0.02,1,178.63985919952393
0.02,1,178.65686345100403
0.04,1,178.6738679409027
0.06,1,178.69040536880493
0.09,1,178.70739555358887
0.12,1,178.7233989238739
0.16,1,178.74040246009827
0.16,1,178.75640678405762
0.2,1,178.7734100818634
0.25,1,178.79044342041016
0.3,1,178.80749464035034
0.36,1,178.82349014282227
0.42,1,178.84049654006958
0.42,1,178.85750150680542
0.49,1,178.87450432777405
0.56,0,178.89092683792114
0.64,0,178.90791702270508
0.72,0,178.92542695999146
0.8,0,178.94243144989014
0.8,0,178.95912790298462
0.89,0,178.9761312007904
0.99,0,178.99313497543335
1.09,0,179.01013922691345
1.2,0,179.02714347839355
1.32,0,179.04414701461792
1.45,0,179.06115055084229
1.45,0,179.07815408706665
1.57,0,179.0951578617096
1.7,0,179.11216139793396
1.83,0,179.1291651725769
1.96,0,179.1461696624756
2.1,0,179.16317319869995
2.1,0,179.17917823791504
2.22,-1,179.19618129730225
2.34,-1,179.2131848335266
2.46,-1,179.2301890850067
2.56,-1,179.24719214439392
2.66,-1,179.26419615745544
2.74,-1,179.28120040893555
2.74,-1,179.29826378822327
2.83,-1,179.3152678012848
2.91,-1,179.33127117156982
2.98,-1,179.34827494621277
3.05,-1,179.3652787208557
3.11,-1,179.38228225708008
3.11,-1,179.39928579330444
3.16,-1,179.41629028320312
3.2,-1,179.43329429626465
3.23,-1,179.44929885864258
3.26,-1,179.46630144119263
3.29,-1,179.48330640792847
0.0,1,179.74080109596252
0.0,1,179.7570242881775
0.0,1,179.77454662322998
0.0,1,179.79155111312866
0.01,1,179.8085548877716
0.02,1,179.82555842399597
0.04,1,179.84256267547607
0.05,1,179.8595666885376
0.05,1,179.87657046318054
0.07,1,179.8938183784485
0.1,1,179.91082215309143
0.12,1,179.92782616615295
0.15,1,179.9438292980194
0.17,1,179.9608325958252
0.17,1,179.9768364429474
0.21,1,179.99484014511108
0.24,1,180.01084446907043
0.28,1,180.0274167060852
0.31,1,180.04423666000366
0.35,1,180.06125235557556
0.35,1,180.0782458782196
0.39,1,180.09525108337402
0.43,1,180.11225724220276
0.47,1,180.1292610168457
0.52,0,180.1462652683258
0.57,0,180.16227173805237
0.57,0,180.17927479743958
0.62,0,180.19575357437134
0.68,0,180.21288228034973
0.73,0,180.22989869117737
0.8,0,180.2465305328369
0.86,0,180.2635350227356
0.93,0,180.28053855895996
0.93,0,180.29755687713623
1.0,0,180.3145613670349
1.07,0,180.33113431930542
1.14,0,180.34771347045898
1.22,0,180.36471676826477
1.3,0,180.38172149658203
1.3,0,180.39772486686707
1.38,0,180.41472911834717
1.47,0,180.43173265457153
1.57,0,180.44842147827148
1.66,0,180.46542596817017
1.76,0,180.48242926597595
1.76,0,180.4994330406189
1.87,0,180.51643705368042
1.99,0,180.53244066238403
2.12,-1,180.5494441986084
2.25,-1,180.5662579536438
2.39,-1,180.58326315879822
2.54,-1,180.59926581382751
2.54,-1,180.61626958847046
2.71,-1,180.63327288627625
2.88,-1,180.6502776145935
3.06,-1,180.66728115081787
3.23,-1,180.68428492546082
3.39,-1,180.70128846168518
3.39,-1,180.71829295158386
3.56,-1,180.73529624938965
3.75,-1,180.752299785614
3.93,-1,180.76930356025696
4.13,-1,180.78530740737915
0.0,1,181.03136205673218
0.0,1,181.04836678504944
-0.01,1,181.06437015533447
-0.02,1,181.08137488365173
-0.02,1,181.09837746620178
-0.04,1,181.11538100242615
-0.06,1,181.1323869228363
-0.08,1,181.14938974380493
-0.1,1,181.16639256477356
-0.13,1,181.18339657783508
-0.16,1,181.19940066337585
-0.16,1,181.21640372276306
-0.2,1,181.23340773582458
-0.23,1,181.25041222572327
-0.27,1,181.26741552352905
-0.32,1,181.28441905975342
-0.36,1,181.3004229068756
-0.36,1,181.31742691993713
-0.42,1,181.3344304561615
-0.48,1,181.35143637657166
-0.54,0,181.36743807792664
-0.61,0,181.38444209098816
-0.68,0,181.40144538879395
-0.68,0,181.41744923591614
-0.76,0,181.43445301055908
-0.85,0,181.4514570236206
-0.94,0,181.46846079826355
-1.03,0,181.4854645729065
-1.12,0,181.50148344039917
-1.12,0,181.51848721504211
-1.23,0,181.53549075126648
-1.34,0,181.55249524116516
-1.44,0,181.5694990158081
-1.54,0,181.5865020751953
-1.64,0,181.60350704193115
-1.74,0,181.61950993537903
-1.74,0,181.63551330566406
-1.83,0,181.65351724624634
-1.91,0,181.66952109336853
-1.99,0,181.68652486801147
-2.06,-1,181.70252895355225
-2.14,-1,181.71953225135803
-2.14,-1,181.73553586006165
-2.23,-1,181.75357699394226
-2.34,-1,181.76958084106445
-2.45,-1,181.78658437728882
-2.55,-1,181.80358791351318
-2.66,-1,181.81959176063538
-2.66,-1,181.83659648895264
-2.77,-1,181.85359978675842
-2.89,-1,181.8706042766571
-3.01,-1,181.8876073360443
-3.13,-1,181.90461087226868
-3.26,-1,181.92177510261536
-3.26,-1,181.9386179447174
-3.4,-1,181.95512628555298
-3.54,-1,181.9721302986145
-3.7,-1,181.98913431167603
-3.85,-1,182.00613856315613
0.0,1,182.2752342224121
-0.01,1,182.29223704338074
-0.02,1,182.30884623527527
-0.05,1,182.32584977149963
-0.08,1,182.34285402297974
-0.12,1,182.3601472377777
-0.12,1,182.3761429786682
-0.17,1,182.39314556121826
-0.23,1,182.41015076637268
-0.3,1,182.42615413665771
-0.37,1,182.44315791130066
-0.46,1,182.4601640701294
-0.46,1,182.47716760635376
-0.56,0,182.49417161941528
-0.66,0,182.51117515563965
-0.78,0,182.5281789302826
-0.9,0,182.54518342018127
-1.02,0,182.56218600273132
-1.02,0,182.57820391654968
-1.17,0,182.5951943397522
-1.32,0,182.61219882965088
-1.48,0,182.6292028427124
-1.65,0,182.64620542526245
-1.82,0,182.6632091999054
-2.01,0,182.68021273612976
-2.01,0,182.69621658325195
-2.21,0,182.71322011947632
-2.4,-1,182.73022413253784
-2.6,-1,182.74722814559937
-2.81,-1,182.76423263549805
-3.03,-1,182.78123569488525
-3.03,-1,182.7982394695282
-3.26,-1,182.81524324417114
-3.48,-1,182.83124804496765
-3.7,-1,182.84825038909912
-3.91,-1,182.8652548789978
-4.11,-1,182.8822581768036
-4.11,-1,182.89926195144653
-4.3,-1,182.91626572608948
-4.5,-1,182.933269739151
0.0,1,183.175678730011
0.0,1,183.1916995048523
0.01,1,183.20870351791382
0.01,1,183.2257297039032
0.02,1,183.2427339553833
0.03,1,183.2597372531891
0.03,1,183.27674102783203
0.04,1,183.2937445640564
0.06,1,183.31074929237366
0.08,1,183.32775282859802
0.1,1,183.3447723388672
0.12,1,183.36177778244019
0.12,1,183.37865829467773
0.16,1,183.39567947387695
0.19,1,183.41168403625488
0.22,1,183.4286868572235
0.26,1,183.44569087028503
0.3,1,183.4626944065094
0.34,1,183.48021411895752
0.34,1,183.49573922157288
0.39,1,183.51274275779724
0.44,1,183.53026127815247
0.49,1,183.54636430740356
0.55,0,183.56336879730225
0.6,0,183.58015632629395
0.6,0,183.59716057777405
0.67,0,183.614164352417
0.73,0,183.63016748428345
0.8,0,183.64717149734497
0.88,0,183.66417527198792
0.95,0,183.68117928504944
0.95,0,183.69818305969238
1.03,0,183.7151870727539
1.1,0,183.73119068145752
1.16,0,183.74819469451904
1.21,0,183.76519775390625
1.28,0,183.78220224380493
1.28,0,183.79920601844788
1.33,0,183.81620955467224
1.4,0,183.8322138786316
1.46,0,183.8492169380188
1.53,0,183.8662211894989
1.61,0,183.8822250366211
1.61,0,183.89922833442688
1.69,0,183.91623187065125
1.78,0,183.93223547935486
1.87,0,183.94923949241638
1.97,-1,183.96624374389648
2.06,-1,183.98324704170227
2.16,-1,183.9998803138733
2.16,-1,184.01688408851624
2.25,-1,184.0338876247406
2.35,-1,184.05089139938354
2.45,-1,184.0678949356079
2.55,-1,184.08389949798584
2.65,-1,184.10090351104736
2.65,-1,184.1169068813324
2.74,-1,184.13490986824036
2.84,-1,184.1519136428833
2.92,-1,184.16891813278198
3.01,-1,184.18492126464844
3.1,-1,184.20192670822144
3.1,-1,184.21792936325073
3.19,-1,184.23593306541443
3.3,-1,184.25293707847595
3.4,-1,184.26994132995605
0.0,1,184.52038502693176
0.0,1,184.5373888015747
0.01,1,184.5543920993805
0.03,1,184.5713963508606
0.05,1,184.58739924430847
0.07,1,184.60440397262573
0.1,1,184.6212215423584
0.1,1,184.63821935653687
0.14,1,184.6552233695984
0.18,1,184.67222714424133
0.22,1,184.68923115730286
0.27,1,184.70571279525757
0.32,1,184.72247743606567
0.32,1,184.73924350738525
0.38,1,184.7562460899353
0.44,1,184.77325010299683
0.51,0,184.79025411605835
0.58,0,184.8072578907013
0.66,0,184.82426142692566
0.74,0,184.84126472473145
0.74,0,184.85826873779297
0.83,0,184.8752727508545
0.92,0,184.89127707481384
1.02,0,184.9082808494568
1.12,0,184.92528414726257
1.22,0,184.94228792190552
1.22,0,184.9582920074463
1.33,0,184.97529554367065
1.45,0,184.9922993183136
1.56,0,185.00830245018005
1.68,0,185.025306224823
1.8,0,185.04231071472168
1.8,0,185.05931425094604
1.92,0,185.0763177871704
2.06,0,185.0933220386505
2.19,-1,185.11032509803772
2.33,-1,185.1273295879364
2.48,-1,185.14433360099792
2.62,-1,185.1613371372223
2.62,-1,185.1783411502838
2.75,-1,185.19534468650818
2.88,-1,185.21134853363037
3.01,-1,185.22879934310913
3.14,-1,185.24580335617065
3.28,-1,185.26280760765076
3.43,-1,185.2798113822937
3.43,-1,185.29681515693665
3.57,-1,185.3138189315796
3.72,-1,185.33082222938538
3.87,-1,185.34782648086548
4.03,-1,185.364830493927
0.0,1,185.62044882774353
0.0,1,185.6378288269043
0.01,1,185.65507173538208
0.02,1,185.67107510566711
0.04,1,185.68752908706665
0.06,1,185.70453310012817
0.08,1,185.72153639793396
0.08,1,185.73854064941406
0.11,1,185.75581908226013
0.15,1,185.77154850959778
0.19,1,185.78835463523865
0.23,1,185.80535793304443
0.28,1,185.82236194610596
0.28,1,185.83936548233032
0.34,1,185.85636925697327
0.4,1,185.87287998199463
0.46,1,185.8903980255127
0.53,0,185.9063937664032
0.6,0,185.9233980178833
0.67,0,185.9404013156891
0.67,0,185.9574146270752
0.76,0,185.9734115600586
0.84,0,185.99085545539856
0.93,0,186.0078582763672
1.03,0,186.0248773097992
1.12,0,186.0418725013733
1.12,0,186.05887651443481
1.23,0,186.07588243484497
1.34,0,186.09239172935486
1.45,0,186.1093955039978
1.57,0,186.1263988018036
1.69,0,186.1434087753296
1.82,0,186.16041254997253
1.82,0,186.177414894104
1.95,0,186.19441938400269
2.1,0,186.21142387390137
2.24,-1,186.22742700576782
2.38,-1,186.2444326877594
2.52,-1,186.26094031333923
2.52,-1,186.27794289588928
2.66,-1,186.2944884300232
2.81,-1,186.31149220466614
2.95,-1,186.32849597930908
3.1,-1,186.34549951553345
3.24,-1,186.36204409599304
3.24,-1,186.37804651260376
3.4,-1,186.395192861557
3.56,-1,186.4121973514557
3.72,-1,186.42920112609863
3.88,-1,186.44620442390442
4.06,-1,186.46320819854736
0.0,1,186.71058893203735
0.0,1,186.72759175300598
-0.02,1,186.74459648132324
-0.02,1,186.76160073280334
-0.02,1,186.77860307693481
-0.01,1,186.79560732841492
0.01,1,186.8116114139557
0.04,1,186.82861423492432
0.08,1,186.84512305259705
0.12,1,186.86197996139526
0.12,1,186.87898421287537
0.16,1,186.89606714248657
0.22,1,186.91192245483398
0.28,1,186.92892599105835
0.34,1,186.94593024253845
0.41,1,186.9629340171814
0.49,1,186.9799382686615
0.49,1,186.99694156646729
0.58,0,187.01394534111023
0.67,0,187.03098034858704
0.77,0,187.04696774482727
0.87,0,187.0639717578888
0.99,0,187.0810046195984
0.99,0,187.0979986190796
1.12,0,187.1150462627411
1.25,0,187.1320927143097
1.4,0,187.14909553527832
1.55,0,187.16609954833984
1.72,0,187.1831033229828
1.89,0,187.2001073360443
1.89,0,187.21711087226868
2.07,0,187.23411631584167
2.26,-1,187.25112748146057
2.44,-1,187.26813340187073
2.62,-1,187.28435564041138
2.8,-1,187.30119585990906
2.8,-1,187.31730031967163
2.99,-1,187.33430409431458
3.18,-1,187.3519093990326
3.37,-1,187.36891293525696
3.57,-1,187.38591623306274
3.77,-1,187.40192031860352
3.77,-1,187.41892409324646
3.98,-1,187.43592739105225
4.19,-1,187.4519910812378
4.39,-1,187.46899509429932
0.0,1,187.71068835258484
0.0,1,187.72769141197205
-0.01,1,187.74469566345215
-0.02,1,187.76069974899292
-0.02,1,187.77770328521729
-0.04,1,187.7947096824646
-0.07,1,187.81071090698242
-0.1,1,187.8277142047882
-0.13,1,187.8447184562683
-0.16,1,187.86172151565552
-0.16,1,187.87772583961487
-0.21,1,187.89472913742065
-0.26,1,187.91173386573792
-0.31,1,187.92873668670654
-0.36,1,187.94574069976807
-0.42,1,187.962744474411
-0.49,1,187.9797487258911
-0.49,1,187.99675226211548
-0.56,0,188.01375555992126
-0.64,0,188.03076028823853
-0.72,0,188.0477635860443
-0.8,0,188.06476736068726
-0.89,0,188.08177137374878
-0.89,0,188.0987901687622
-0.98,0,188.1157946586609
-1.07,0,188.13279747962952
-1.16,0,188.1498019695282
-1.26,0,188.16680645942688
-1.36,0,188.18381071090698
-1.47,0,188.2008135318756
-1.47,0,188.21681690216064
-1.59,0,188.2338206768036
-1.71,0,188.2508249282837
-1.83,0,188.26782846450806
-1.96,0,188.284832239151
-2.09,0,188.30083560943604
-2.09,0,188.31683921813965
-2.23,-1,188.33384323120117
-2.38,-1,188.35084700584412
-2.52,-1,188.36785101890564
-2.68,-1,188.38485527038574
-2.83,-1,188.40085792541504
-2.83,-1,188.41686177253723
-2.98,-1,188.43386578559875
-3.13,-1,188.45086979866028
-3.28,-1,188.46787285804749
-3.44,-1,188.48387742042542
-3.6,-1,188.50088119506836
-3.6,-1,188.517884016037
-3.78,-1,188.53488898277283
-3.96,-1,188.5518925189972
-4.14,-1,188.56889581680298
0.0,1,188.83301210403442
0.0,1,188.85001468658447
0.01,1,188.86701893806458
0.02,1,188.8830223083496
0.04,1,188.9000265598297
0.04,1,188.91702961921692
0.06,1,188.93403434753418
0.1,1,188.95103812217712
0.13,1,188.967041015625
0.17,1,188.98404574394226
0.22,1,189.0010495185852
0.22,1,189.01705265045166
0.27,1,189.034325838089
0.32,1,189.05137085914612
0.39,1,189.06837439537048
0.46,1,189.0853786468506
0.54,0,189.10238122940063
0.54,0,189.11838459968567
0.61,0,189.135488986969
0.68,0,189.15249133110046
0.74,0,189.16949605941772
0.81,0,189.18649911880493
0.87,0,189.2029685974121
0.93,0,189.21997261047363
0.93,0,189.23685359954834
0.97,0,189.25395369529724
1.0,0,189.26995587348938
1.03,0,189.28696012496948
1.05,0,189.3038990497589
1.06,0,189.31990313529968
1.06,0,189.3368422985077
1.05,0,189.3538463115692
1.04,0,189.37085008621216
1.03,0,189.38785529136658
1.02,0,189.40485787391663
1.02,0,189.4218611717224
1.02,0,189.43789339065552
1.03,0,189.45584511756897
1.04,0,189.4719579219818
1.05,0,189.4889199733734
1.07,0,189.50588703155518
1.09,0,189.5227918624878
1.12,0,189.53979563713074
1.12,0,189.55754733085632
1.15,0,189.57455158233643
1.19,0,189.5915560722351
1.23,0,189.6085593700409
1.28,0,189.6255657672882
1.33,0,189.64256978034973
1.38,0,189.65957379341125
1.38,0,189.67557787895203
1.44,0,189.69258093833923
1.51,0,189.7095844745636
1.58,-1,189.7265920639038
1.65,-1,189.74359583854675
1.73,-1,189.76059985160828
1.73,-1,189.7776038646698
1.82,-1,189.7946071624756
1.91,-1,189.8106107711792
2.0,-1,189.8276150226593
2.1,-1,189.8446183204651
2.2,-1,189.8616225719452
2.2,-1,189.87762570381165
2.31,-1,189.89463019371033
2.42,-1,189.9116337299347
2.54,-1,189.92863821983337
2.66,-1,189.94564151763916
2.79,-1,189.96264481544495
2.92,-1,189.97964930534363
2.92,-1,189.9966526031494
3.05,-1,190.01365613937378
0.0,1,190.25552606582642
0.01,1,190.27252984046936
0.02,1,190.28953385353088
0.05,1,190.30704927444458
0.07,1,190.32304501533508
0.1,1,190.34004855155945
0.1,1,190.3570523262024
0.13,1,190.37405610084534
0.17,1,190.39106035232544
0.21,1,190.40706372261047
0.25,1,190.42409992218018
0.3,1,190.441086769104
0.3,1,190.45809078216553
0.35,1,190.4750952720642
0.41,1,190.49174308776855
0.48,1,190.5087468624115
0.54,0,190.52475118637085
0.6,0,190.54175472259521
0.6,0,190.5587613582611
0.66,0,190.5757646560669
0.73,0,190.59276843070984
0.8,0,190.6097719669342
0.87,0,190.62666964530945
0.94,0,190.64267325401306
1.02,0,190.65967726707458
1.02,0,190.67568039894104
1.1,0,190.69268465042114
1.19,0,190.70968890190125
1.28,0,190.72669172286987
1.38,0,190.74369597434998
1.49,0,190.76070022583008
1.49,0,190.77770376205444
1.6,0,190.7947072982788
1.72,0,190.81125211715698
1.83,0,190.82825541496277
1.95,0,190.84505677223206
2.07,0,190.86206245422363
2.07,0,190.8780641555786
2.19,-1,190.89506769180298
2.31,-1,190.91207194328308
2.42,-1,190.92907547950745
2.54,-1,190.94607877731323
2.67,-1,190.96208310127258
2.67,-1,190.97908687591553
2.8,-1,190.9960901737213
2.95,-1,191.01309442520142
3.09,-1,191.03009843826294
3.24,-1,191.04710245132446
3.39,-1,191.064106464386
3.54,-1,191.08111000061035
3.54,-1,191.09811329841614
3.71,-1,191.11513805389404
3.88,-1,191.13114261627197
4.06,-1,191.1481454372406
0.0,1,191.44721388816833
0.01,1,191.46417474746704
0.02,1,191.48117876052856
0.02,1,191.49769926071167
0.06,1,191.51471590995789
0.1,1,191.53122353553772
0.14,1,191.54822826385498
0.2,1,191.5652310848236
0.26,1,191.5822377204895
0.26,1,191.59876704216003
0.34,1,191.61589694023132
0.43,1,191.63252186775208
0.53,0,191.6495258808136
0.63,0,191.66652941703796
0.74,0,191.682532787323
0.86,0,191.6995370388031
0.86,0,191.71654057502747
1.0,0,191.733544588089
1.14,0,191.75054812431335
1.3,0,191.76744747161865
1.46,0,191.78445053100586
1.62,0,191.80108189582825
1.62,0,191.81809759140015
1.81,0,191.83538722991943
2.0,0,191.8513925075531
2.2,0,191.86839652061462
2.41,-1,191.8853998184204
2.62,-1,191.90240597724915
2.62,-1,191.91935420036316
2.86,-1,191.93622541427612
3.1,-1,191.9532289505005
3.33,-1,191.97023248672485
3.56,-1,191.98723602294922
3.8,-1,192.00424027442932
4.04,-1,192.02124452590942
4.04,-1,192.03824830055237
4.29,-1,192.0552520751953
4.54,-1,192.0727789402008
0.0,1,192.34584856033325
0.01,1,192.3628523349762
0.02,1,192.37985730171204
0.02,1,192.39686059951782
0.06,1,192.41386461257935
0.1,1,192.43115830421448
0.14,1,192.4472553730011
0.2,1,192.46426010131836
0.26,1,192.4808473587036
0.26,1,192.49764847755432
0.34,1,192.51465249061584
0.43,1,192.53173637390137
0.52,0,192.54773092269897
0.61,0,192.5647349357605
0.7,0,192.58174896240234
0.7,0,192.5978717803955
0.81,0,192.61487555503845
0.93,0,192.63199591636658
1.06,0,192.64892745018005
1.19,0,192.6649305820465
1.33,0,192.6819930076599
1.33,0,192.69898390769958
1.48,0,192.7159881591797
1.64,0,192.7329921722412
1.79,0,192.7499964237213
1.95,0,192.76700019836426
2.12,0,192.78400683403015
2.28,-1,192.80101084709167
2.28,-1,192.816890001297
2.46,-1,192.83398151397705
2.64,-1,192.85098552703857
2.82,-1,192.86698842048645
2.99,-1,192.8839921951294
3.18,-1,192.90099620819092
3.18,-1,192.91800022125244
3.37,-1,192.9345428943634
3.56,-1,192.95154666900635
3.76,-1,192.96854972839355
3.96,-1,192.98555374145508
4.17,-1,193.0021722316742
4.17,-1,193.01817560195923
4.39,-1,193.0351800918579
0.0,1,193.29126477241516
0.0,1,193.30726838111877
0.01,1,193.32427191734314
0.02,1,193.3412754535675
0.02,1,193.35728001594543
0.04,1,193.37516498565674
0.07,1,193.39116978645325
0.09,1,193.4081676006317
0.1,1,193.42517161369324
0.12,1,193.44217491149902
0.12,1,193.45917868614197
0.13,1,193.47600269317627
0.14,1,193.49300718307495
0.16,1,193.5100109577179
0.18,1,193.52701830863953
0.19,1,193.5440218448639
0.2,1,193.56102633476257
0.2,1,193.57802939414978
0.22,1,193.59503293037415
0.23,1,193.61203742027283
0.24,1,193.6290409564972
0.25,1,193.64604473114014
0.26,1,193.66304850578308
0.26,1,193.68005204200745
0.26,1,193.69705629348755
0.26,1,193.7140598297119
0.25,1,193.73006391525269
0.24,1,193.74706745147705
0.24,1,193.76407146453857
0.22,1,193.78107523918152
0.22,1,193.7980785369873
0.2,1,193.81508255004883
0.17,1,193.83108592033386
0.14,1,193.8480896949768
0.1,1,193.8650939464569
0.06,1,193.882098197937
0.06,1,193.89910125732422
0.02,1,193.91610550880432
-0.04,1,193.93210911750793
-0.09,1,193.9491126537323
-0.15,1,193.96611666679382
-0.22,1,193.98312067985535
-0.28,1,194.0001242160797
-0.28,1,194.01712799072266
-0.36,1,194.03413152694702
-0.44,1,194.05069828033447
-0.52,1,194.067702293396
-0.61,1,194.0847065448761
-0.7,0,194.10171127319336
-0.7,0,194.11771416664124
-0.8,0,194.13571739196777
-0.9,0,194.15172719955444
-0.99,0,194.16873049736023
-1.07,0,194.18573355674744
-1.15,0,194.2017366886139
-1.15,0,194.21874165534973
-1.24,0,194.23574495315552
-1.32,0,194.25174832344055
-1.41,0,194.26875257492065
-1.5,0,194.28575706481934
-1.58,0,194.30175971984863
-1.58,0,194.31876349449158
-1.67,0,194.33576703071594
-1.76,0,194.3517711162567
-1.84,0,194.36877489089966
-1.92,0,194.38577842712402
-2.0,0,194.40278244018555
-2.0,0,194.41878581047058
-2.07,0,194.43548202514648
-2.12,0,194.45304918289185
-2.18,0,194.46905279159546
-2.23,0,194.48605632781982
-2.28,-1,194.5020604133606
-2.28,-1,194.51906394958496
-2.32,-1,194.53606796264648
-2.36,-1,194.55307126045227
-2.41,-1,194.56907558441162
-2.46,-1,194.5860788822174
-2.52,-1,194.6030831336975
-2.58,-1,194.62008619308472
-2.58,-1,194.63609051704407
-2.65,-1,194.653094291687
-2.72,-1,194.6700975894928
-2.79,-1,194.68710160255432
-2.87,-1,194.7039601802826
-2.96,-1,194.72096395492554
-2.96,-1,194.73796796798706
-3.04,-1,194.75497150421143
-3.12,-1,194.7725429534912
-3.21,-1,194.78897881507874
-3.3,-1,194.80626153945923
-3.4,-1,194.82198667526245
-3.4,-1,194.8456265926361
-3.49,-1,194.85862970352173
-3.57,-1,194.87306666374207
0.0,1,195.1471869945526
0.0,1,195.1641914844513
-0.01,1,195.18119502067566
-0.01,1,195.19819903373718
-0.02,1,195.2152020931244
-0.03,1,195.23220586776733
-0.05,1,195.24921035766602
-0.07,1,195.26621413230896
-0.09,1,195.28321766853333
-0.12,1,195.2999973297119
-0.12,1,195.31700205802917
-0.16,1,195.33400511741638
-0.2,1,195.3510091304779
-0.24,1,195.3680136203766
-0.29,1,195.3850166797638
-0.34,1,195.40202140808105
-0.34,1,195.41902470588684
-0.4,1,195.43602776527405
-0.46,1,195.45303225517273
-0.53,0,195.47003602981567
-0.6,0,195.4870433807373
-0.68,0,195.50304770469666
-0.76,0,195.52055501937866
-0.76,0,195.53755903244019
-0.85,0,195.5542140007019
-0.94,0,195.57121968269348
-1.04,0,195.58822298049927
-1.14,0,195.60487866401672
-1.24,0,195.62149858474731
-1.24,0,195.63850140571594
-1.34,0,195.6550681591034
-1.44,0,195.6721065044403
-1.55,0,195.68911123275757
-1.66,0,195.7062704563141
-1.77,0,195.72323727607727
-1.88,0,195.740905046463
-1.88,0,195.7564148902893
-2.01,0,195.77341866493225
-2.14,-1,195.79042267799377
-2.27,-1,195.80742621421814
-2.41,-1,195.82443070411682
-2.56,-1,195.84113001823425
-2.56,-1,195.85813355445862
-2.71,-1,195.8751368522644
-2.86,-1,195.89214491844177
-3.02,-1,195.90914797782898
-3.19,-1,195.92615413665771
-3.36,-1,195.9421558380127
-3.36,-1,195.95915937423706
-3.53,-1,195.97616338729858
-3.71,-1,195.9931709766388
-3.9,-1,196.00917434692383
-4.08,-1,196.02617859840393
-4.28,-1,196.04303216934204
0.0,1,196.3042767047882
0.0,1,196.32127952575684
0.0,1,196.33808732032776
0.0,1,196.35509085655212
-0.01,1,196.37109398841858
-0.02,1,196.38809823989868
-0.04,1,196.40516877174377
-0.06,1,196.42217254638672
-0.06,1,196.4391770362854
-0.08,1,196.4563319683075
-0.12,1,196.4729871749878
-0.15,1,196.48918747901917
-0.19,1,196.50621581077576
-0.24,1,196.5231957435608
-0.28,1,196.54019904136658
-0.28,1,196.55720353126526
-0.34,1,196.57420659065247
-0.4,1,196.5911991596222
-0.46,1,196.60718750953674
-0.53,0,196.6242003440857
-0.6,0,196.6413381099701
-0.6,0,196.65732336044312
-0.68,0,196.67532753944397
-0.76,0,196.69134712219238
-0.84,0,196.70833778381348
-0.93,0,196.72480273246765
-1.01,0,196.74137687683105
-1.01,0,196.758380651474
-1.1,0,196.77538442611694
-1.2,0,196.7923882007599
-1.29,0,196.80939245224
-1.39,0,196.82639622688293
-1.48,0,196.8434009552002
-1.58,0,196.86040353775024
-1.58,0,196.87640762329102
-1.69,0,196.89379262924194
-1.8,0,196.9097957611084
-1.91,0,196.92679953575134
-2.03,0,196.94335985183716
-2.15,-1,196.96036291122437
-2.15,-1,196.97736716270447
-2.28,-1,196.9943709373474
-2.42,-1,197.01137471199036
-2.54,-1,197.02837920188904
-2.67,-1,197.04496359825134
-2.79,-1,197.0619673728943
-2.79,-1,197.0785150527954
-2.9,-1,197.09551882743835
-3.01,-1,197.11252236366272
-3.13,-1,197.12952589988708
-3.25,-1,197.14653038978577
-3.38,-1,197.1635344028473
-3.51,-1,197.18053770065308
-3.51,-1,197.19709181785583
-3.64,-1,197.21409702301025
-3.77,-1,197.23110032081604
-3.91,-1,197.2481026649475
0.0,1,197.5251865386963
0.01,1,197.54214310646057
0.01,1,197.55813264846802
0.03,1,197.5751371383667
0.06,1,197.59214425086975
0.1,1,197.60914707183838
0.15,1,197.6251504421234
0.21,1,197.64215445518494
0.21,1,197.65915846824646
0.28,1,197.67616271972656
0.36,1,197.6931655406952
0.45,1,197.71017026901245
0.54,0,197.72717308998108
0.65,0,197.7438941001892
0.76,0,197.76089811325073
0.76,0,197.77790212631226
0.89,0,197.7949059009552
1.02,0,197.81090998649597
1.15,0,197.82791352272034
1.29,0,197.8449170589447
1.43,0,197.86192107200623
1.43,0,197.87892508506775
1.59,0,197.89593052864075
1.76,0,197.91193270683289
1.94,0,197.92893624305725
2.12,0,197.9459400177002
2.31,-1,197.96294331550598
2.51,-1,197.97994709014893
2.51,-1,197.99695134162903
2.71,-1,198.01395511627197
2.92,-1,198.03095936775208
3.13,-1,198.04796266555786
3.35,-1,198.06496667861938
3.57,-1,198.08198404312134
3.57,-1,198.09898686408997
3.8,-1,198.11599040031433
4.03,-1,198.13305044174194
4.26,-1,198.1500542163849
4.5,-1,198.1670572757721
0.0,1,198.4145712852478
0.01,1,198.4315755367279
0.02,1,198.44810152053833
0.05,1,198.46510481834412
0.08,1,198.48210859298706
0.08,1,198.49911260604858
0.13,1,198.5161166191101
0.18,1,198.5321204662323
0.25,1,198.5497817993164
0.32,1,198.5667862892151
0.4,1,198.58378958702087
0.49,1,198.6007936000824
0.49,1,198.61779737472534
0.59,0,198.63480257987976
0.7,0,198.65080451965332
0.82,0,198.66780829429626
0.95,0,198.68481278419495
1.09,0,198.70182085037231
1.09,0,198.71882319450378
1.24,0,198.73582696914673
1.4,0,198.75283122062683
1.57,0,198.7698347568512
1.74,0,198.78683876991272
1.93,0,198.80384349822998
2.12,0,198.82084608078003
2.12,0,198.83785152435303
2.33,-1,198.85485887527466
2.54,-1,198.8718626499176
2.77,-1,198.88886713981628
3.0,-1,198.90587067604065
3.24,-1,198.92315101623535
3.49,-1,198.93987798690796
3.49,-1,198.95643424987793
3.73,-1,198.973886013031
3.98,-1,198.98988914489746
4.23,-1,199.00689315795898
4.47,-1,199.0238971710205
4.7,-1,199.0409016609192
0.0,1,199.29360842704773
0.01,1,199.31061244010925
0.02,1,199.3276584148407
0.05,1,199.34466195106506
0.08,1,199.3616659641266
0.08,1,199.37867045402527
0.13,1,199.3954951763153
0.18,1,199.4124984741211
0.25,1,199.4295027256012
0.32,1,199.44608807563782
0.4,1,199.46210622787476
0.4,1,199.47910952568054
0.5,1,199.49611353874207
0.6,0,199.51211762428284
0.71,0,199.5291211605072
0.83,0,199.54612469673157
0.96,0,199.56312918663025
1.09,0,199.58013200759888
1.09,0,199.59713649749756
1.22,0,199.6141402721405
1.34,0,199.6311435699463
1.46,0,199.6481475830078
1.56,0,199.66515159606934
1.66,0,199.68215465545654
1.66,0,199.69915890693665
1.75,0,199.71617794036865
1.84,0,199.73318195343018
1.91,0,199.75018548965454
1.98,0,199.76718974113464
2.04,0,199.78419303894043
2.09,-1,199.80119705200195
2.09,-1,199.8177056312561
2.15,-1,199.83412885665894
2.21,-1,199.85113501548767
2.28,-1,199.8681390285492
2.35,-1,199.88514280319214
2.42,-1,199.9021487236023
2.42,-1,199.91915225982666
2.49,-1,199.9361560344696
2.57,-1,199.95315980911255
2.65,-1,199.97016406059265
2.74,-1,199.98716711997986
2.82,-1,200.00317120552063
2.91,-1,200.02017498016357
2.91,-1,200.0361785888672
3.0,-1,200.0536904335022
3.1,-1,200.07069301605225
3.19,-1,200.08669662475586
3.29,-1,200.10422348976135
3.4,-1,200.12122654914856
3.4,-1,200.1372311115265
3.51,-1,200.15518021583557
0.0,1,200.4057915210724
0.0,1,200.4231207370758
0.0,1,200.44032835960388
0.0,1,200.45683574676514
0.02,1,200.4733440876007
0.05,1,200.49020862579346
0.08,1,200.50720286369324
0.13,1,200.5233850479126
0.18,1,200.54080295562744
0.18,1,200.55680203437805
0.25,1,200.57380533218384
0.32,1,200.59080958366394
0.41,1,200.60781335830688
0.5,1,200.62429809570312
0.6,0,200.64131379127502
0.6,0,200.65830898284912
0.72,0,200.67531299591064
0.84,0,200.69232058525085
0.97,0,200.70932364463806
1.11,0,200.72632813453674
1.26,0,200.74233150482178
1.26,0,200.75933575630188
1.42,0,200.77633905410767
1.6,0,200.79278707504272
1.76,0,200.80979084968567
1.93,0,200.8267946243286
2.11,0,200.84378862380981
2.29,-1,200.859792470932
2.29,-1,200.87679624557495
2.48,-1,200.89379978179932
2.67,-1,200.90980291366577
2.88,-1,200.92680764198303
3.09,-1,200.94381141662598
3.31,-1,200.96081471443176
3.31,-1,200.97781825065613
3.54,-1,200.99486994743347
3.78,-1,201.01087379455566
4.02,-1,201.0278775691986
4.26,-1,201.04445576667786
4.52,-1,201.0614595413208
0.0,1,201.3299081325531
0.01,1,201.34591126441956
0.02,1,201.3629162311554
0.05,1,201.37992000579834
0.05,1,201.39692330360413
0.09,1,201.41392731666565
0.14,1,201.42993068695068
0.19,1,201.4469347000122
0.26,1,201.46393823623657
0.33,1,201.48094201087952
0.33,1,201.4969460964203
0.42,1,201.5139501094818
0.51,0,201.53096914291382
0.62,0,201.54795742034912
0.73,0,201.5649609565735
0.84,0,201.581964969635
0.84,0,201.59796857833862
0.98,0,201.61497235298157
1.1,0,201.63197660446167
1.24,0,201.64898037910461
1.38,0,201.66598391532898
1.52,0,201.6829879283905
1.66,0,201.6999912261963
1.66,0,201.7169952392578
1.82,0,201.7339997291565
1.99,0,201.7510027885437
2.17,0,201.76800656318665
2.35,-1,201.7850103378296
2.54,-1,201.80118703842163
2.54,-1,201.8181803226471
2.74,-1,201.83518385887146
2.94,-1,201.8521900177002
3.14,-1,201.86919355392456
3.36,-1,201.88619685173035
3.58,-1,201.9032015800476
3.82,-1,201.92020511627197
3.82,-1,201.93620896339417
4.06,-1,201.9542133808136
4.32,-1,201.9702169895172
4.58,-1,201.98722052574158
0.0,1,202.23984479904175
0.0,1,202.25670313835144
0.02,1,202.27385187149048
0.03,1,202.28997945785522
0.06,1,202.306982755661
0.09,1,202.3244969844818
0.14,1,202.34101223945618
0.14,1,202.35801601409912
0.19,1,202.3745312690735
0.26,1,202.39115262031555
0.33,1,202.4081573486328
0.42,1,202.42465043067932
0.51,1,202.4408004283905
0.51,1,202.4581937789917
0.61,0,202.47519850730896
0.73,0,202.49220442771912
0.85,0,202.5092067718506
0.98,0,202.52621054649353
1.11,0,202.54321551322937
1.25,0,202.56021928787231
1.25,0,202.57722330093384
1.41,0,202.59422969818115
1.58,0,202.61123299598694
1.75,0,202.62823677062988
1.92,0,202.64524126052856
2.09,0,202.66224551200867
2.09,0,202.67924880981445
2.28,-1,202.69623851776123
2.48,-1,202.71324181556702
2.69,-1,202.7302463054657
2.89,-1,202.74724960327148
3.11,-1,202.76425337791443
3.33,-1,202.7812578678131
3.33,-1,202.798015832901
3.57,-1,202.81501984596252
3.82,-1,202.83202362060547
4.08,-1,202.8490273952484
4.34,-1,202.86603093147278
4.61,-1,202.8830349445343
0.0,1,203.1514630317688
0.0,1,203.16846680641174
0.0,1,203.1854703426361
0.01,1,203.2024745941162
0.01,1,203.21847796440125
0.04,1,203.2354815006256
0.08,1,203.25148463249207
0.12,1,203.26848888397217
0.17,1,203.2854928970337
0.23,1,203.3021194934845
0.23,1,203.3181231021881
0.3,1,203.33612704277039
0.37,1,203.352130651474
0.45,1,203.36913442611694
0.53,0,203.38513827323914
0.62,0,203.40214133262634
0.62,0,203.41914534568787
0.73,0,203.4361491203308
0.85,0,203.4531533718109
0.97,0,203.46915745735168
1.1,0,203.48616123199463
1.23,0,203.50216460227966
1.23,0,203.51916790008545
1.37,0,203.5361716747284
1.52,0,203.5531759262085
1.66,0,203.57017993927002
1.82,0,203.58718347549438
1.97,0,203.60418701171875
2.13,0,203.621191740036
2.13,0,203.63719487190247
2.3,-1,203.65519857406616
2.47,-1,203.6712019443512
2.65,-1,203.68820571899414
2.83,-1,203.70520949363708
3.01,-1,203.7222135066986
3.01,-1,203.73821759223938
3.2,-1,203.75522112846375
3.4,-1,203.77222514152527
3.59,-1,203.7892291545868
3.8,-1,203.80623292922974
4.0,-1,203.82352900505066
4.21,-1,203.84091067314148
4.21,-1,203.85691022872925
4.43,-1,203.87391352653503
0.0,1,204.1413106918335
0.0,1,204.15833353996277
0.01,1,204.17533159255981
0.02,1,204.19233512878418
0.02,1,204.20829391479492
0.02,1,204.22529363632202
0.03,1,204.24196028709412
0.03,1,204.25815391540527
0.04,1,204.27515077590942
0.04,1,204.29215383529663
0.04,1,204.30915760993958
0.04,1,204.32616209983826
0.03,1,204.34316515922546
0.02,1,204.35917043685913
0.02,1,204.3761727809906
0.0,1,204.39317989349365
-0.03,1,204.409184217453
-0.06,1,204.42618775367737
-0.1,1,204.44265365600586
-0.14,1,204.46016216278076
-0.14,1,204.47716665267944
-0.17,1,204.49417352676392
-0.2,1,204.5101776123047
-0.23,1,204.52742767333984
-0.26,1,204.54419350624084
-0.3,1,204.56119775772095
-0.3,1,204.57820224761963
-0.34,1,204.59520554542542
-0.36,1,204.61220932006836
-0.4,1,204.62921333312988
-0.43,1,204.64621758460999
-0.46,1,204.66322112083435
-0.5,0,204.68022441864014
-0.5,0,204.69722819328308
-0.54,0,204.7142322063446
-0.59,0,204.73123598098755
-0.64,0,204.74723982810974
-0.7,0,204.76424312591553
-0.76,0,204.78124833106995
-0.76,0,204.7982518672943
-0.83,0,204.8152551651001
-0.89,0,204.83125853538513
-0.96,0,204.84826231002808
-1.04,0,204.86526703834534
-1.11,0,204.88227009773254
-1.11,0,204.89889359474182
-1.18,0,204.91589784622192
-1.26,0,204.9324095249176
-1.33,0,204.94941234588623
-1.4,0,204.96641612052917
-1.46,0,204.98297762870789
-1.52,0,205.0001196861267
-1.52,0,205.01612281799316
-1.57,0,205.03393363952637
-1.63,0,205.0500247478485
-1.69,0,205.06702876091003
-1.75,0,205.08422183990479
-1.8,0,205.10122561454773
-1.8,0,205.11722922325134
-1.85,0,205.1342339515686
-1.89,-1,205.15123653411865
-1.93,-1,205.16824078559875
-1.98,-1,205.18424463272095
-2.03,-1,205.20124888420105
-2.03,-1,205.21825289726257
-2.09,-1,205.23482012748718
-2.16,-1,205.2514455318451
-2.22,-1,205.26844882965088
-2.3,-1,205.28545260429382
-2.38,-1,205.30245685577393
-2.38,-1,205.31846070289612
-2.47,-1,205.3354640007019
-2.56,-1,205.35246777534485
-2.64,-1,205.36947178840637
-2.72,-1,205.3854751586914
-2.8,-1,205.40247893333435
-2.88,-1,205.41948318481445
-2.88,-1,205.43648672103882
-2.97,-1,205.45289874076843
-3.05,-1,205.46990299224854
-3.12,-1,205.48690819740295
0.0,1,205.74296355247498
0.0,1,205.7599675655365
0.0,1,205.77697134017944
-0.02,1,205.79397773742676
-0.03,1,205.81098198890686
-0.05,1,205.82798552513123
-0.07,1,205.84454607963562
-0.09,1,205.86155033111572
-0.09,1,205.8785538673401
-0.12,1,205.89512372016907
-0.14,1,205.9121277332306
-0.17,1,205.92913126945496
-0.2,1,205.9461350440979
-0.23,1,205.96313905715942
-0.27,1,205.9801435470581
-0.27,1,205.99714636802673
-0.32,1,206.01415061950684
-0.37,1,206.03015422821045
-0.42,1,206.0476634502411
-0.48,1,206.06417179107666
-0.54,0,206.08117604255676
-0.54,0,206.09818053245544
-0.6,0,206.11518239974976
-0.67,0,206.13218712806702
-0.74,0,206.14869666099548
-0.82,0,206.16520619392395
-0.9,0,206.18221020698547
-0.9,0,206.19871997833252
-0.98,0,206.21572375297546
-1.08,0,206.23272800445557
-1.17,0,206.2487313747406
-1.27,0,206.26573514938354
-1.38,0,206.28273916244507
-1.38,0,206.29929375648499
-1.5,0,206.3162977695465
-1.62,0,206.33230137825012
-1.76,0,206.34930515289307
-1.9,0,206.36630940437317
-2.04,0,206.38331294059753
-2.19,-1,206.4003164768219
-2.19,-1,206.41732025146484
-2.34,-1,206.4343240261078
-2.49,-1,206.45032787322998
-2.65,-1,206.4673318862915
-2.81,-1,206.48433542251587
-2.97,-1,206.50133895874023
-2.97,-1,206.51734256744385
-3.15,-1,206.53434681892395
-3.33,-1,206.5513515472412
-3.52,-1,206.56835436820984
-3.72,-1,206.58535814285278
-3.93,-1,206.6023621559143
-3.93,-1,206.61836624145508
-4.13,-1,206.63536930084229
-4.32,-1,206.65237307548523
0.0,1,206.88598227500916
0.0,1,206.9028446674347
-0.01,1,206.91984820365906
-0.01,1,206.93685245513916
-0.02,1,206.95385575294495
-0.02,1,206.97036480903625
-0.03,1,206.98736834526062
-0.04,1,207.00437211990356
-0.05,1,207.02037620544434
-0.05,1,207.0373797416687
-0.06,1,207.0543839931488
-0.08,1,207.07138752937317
-0.11,1,207.0883913040161
-0.14,1,207.10539484024048
-0.18,1,207.12239861488342
-0.18,1,207.13840198516846
-0.22,1,207.15540647506714
-0.27,1,207.1724100112915
-0.32,1,207.18941378593445
-0.36,1,207.2064173221588
-0.39,1,207.22355484962463
-0.41,1,207.2394254207611
-0.41,1,207.25642919540405
-0.43,1,207.27362942695618
-0.44,1,207.2904372215271
-0.46,1,207.3074402809143
-0.47,1,207.32444381713867
-0.48,0,207.34144830703735
-0.48,0,207.35796427726746
-0.48,0,207.3744719028473
-0.49,0,207.39197158813477
-0.51,0,207.4084768295288
-0.53,0,207.42547965049744
-0.55,0,207.44248414039612
-0.57,0,207.45976209640503
-0.57,0,207.4764506816864
-0.58,0,207.49345755577087
-0.59,0,207.51046133041382
-0.58,0,207.52746510505676
-0.57,0,207.54446864128113
-0.54,0,207.56147265434265
-0.54,0,207.5784764289856
-0.52,0,207.59547996520996
-0.49,0,207.61148357391357
-0.46,0,207.62848782539368
-0.43,0,207.64515089988708
-0.39,0,207.66158819198608
-0.39,0,207.67915511131287
-0.36,0,207.69617199897766
-0.31,0,207.71217584609985
-0.26,0,207.72918009757996
-0.2,0,207.74626207351685
-0.14,0,207.7632656097412
-0.08,1,207.78026962280273
-0.08,1,207.79627346992493
-0.02,1,207.81327724456787
0.05,1,207.83028030395508
0.12,1,207.84728479385376
0.19,1,207.86428833007812
0.26,1,207.88129234313965
0.26,1,207.89829683303833
0.33,1,207.91529989242554
0.41,1,207.93230390548706
0.47,1,207.94830751419067
0.54,1,207.96531105041504
0.6,1,207.9823145866394
0.6,1,207.99831891059875
0.67,1,208.0153226852417
0.75,1,208.03232622146606
0.84,1,208.0493302345276
0.93,1,208.06633400917053
1.03,1,208.0833384990692
1.14,1,208.10034108161926
1.14,1,208.1163454055786
1.25,1,208.13334846496582
1.34,1,208.15036940574646
1.44,1,208.1673731803894
1.53,1,208.18337678909302
1.63,0,208.20039653778076
1.63,0,208.21740055084229
1.71,0,208.2344048023224
1.8,0,208.25140953063965
1.87,0,208.26841187477112
1.94,0,208.28541564941406
2.01,0,208.302419424057
2.01,0,208.31842374801636
2.05,0,208.33542776107788
2.09,0,208.3524351119995
2.13,0,208.36943888664246
2.16,0,208.38544249534607
2.19,0,208.40244674682617
2.19,0,208.4194507598877
2.22,0,208.43645453453064
2.24,0,208.45345759391785
2.27,0,208.47046160697937
2.29,0,208.48746514320374
2.32,0,208.5034694671631
2.34,0,208.52047324180603
2.34,0,208.53747725486755
2.38,0,208.55448079109192
2.4,0,208.5714852809906
2.43,0,208.5884883403778
2.47,0,208.60549211502075
2.51,0,208.6224958896637
2.51,0,208.63849925994873
2.55,0,208.65650367736816
2.59,0,208.67250752449036
2.63,0,208.68951082229614
2.67,0,208.70687627792358
2.7,0,208.72362208366394
2.72,0,208.74040269851685
2.72,0,208.75640678405762
2.76,0,208.77370190620422
2.79,0,208.7904143333435
2.83,0,208.8074176311493
2.87,0,208.82442164421082
2.91,0,208.8414249420166
2.91,0,208.85742855072021
2.95,0,208.87543296813965
2.97,0,208.89143657684326
3.01,0,208.90844011306763
3.05,0,208.92544436454773
3.11,0,208.94244766235352
3.11,0,208.9584517478943
3.17,0,208.97545528411865
3.25,0,208.99245882034302
3.33,0,209.0094633102417
3.42,-1,209.02646660804749
3.51,-1,209.04248666763306
3.6,-1,209.05947303771973
3.6,-1,209.07547664642334
3.69,-1,209.09345316886902
3.79,-1,209.1094572544098
3.89,-1,209.12646007537842
3.99,-1,209.14348554611206
4.09,-1,209.15948939323425
4.09,-1,209.17549300193787
4.19,-1,209.19244647026062
4.3,-1,209.20943927764893
4.41,-1,209.2264428138733
4.52,-1,209.24344754219055
4.64,-1,209.26045036315918
4.64,-1,209.2764539718628
4.76,-1,209.29314875602722
4.89,-1,209.31015491485596
5.03,-1,209.32712268829346
5.18,-1,209.34412670135498
0.0,1,209.62006378173828
0.0,1,209.63596200942993
0.0,1,209.65304923057556
0.01,1,209.66991186141968
0.02,1,209.6869158744812
0.03,1,209.7039213180542
0.04,1,209.72092509269714
0.04,1,209.73745369911194
0.06,1,209.75445818901062
0.07,1,209.77146124839783
0.09,1,209.78846502304077
0.12,1,209.80546927452087
0.14,1,209.82247304916382
0.14,1,209.83847665786743
0.17,1,209.85582160949707
0.2,1,209.87233138084412
0.24,1,209.88933444023132
0.28,1,209.90695762634277
0.32,1,209.92370295524597
0.37,1,209.9403464794159
0.37,1,209.9569549560547
0.43,1,209.9743537902832
0.48,1,209.990882396698
0.54,0,210.00710654258728
0.6,0,210.02411031723022
0.66,0,210.041113615036
0.66,0,210.0571186542511
0.74,0,210.07518029212952
0.83,0,210.0911774635315
0.92,0,210.10818123817444
1.02,0,210.12518429756165
1.13,0,210.1421890258789
1.13,0,210.15819263458252
1.26,0,210.1752007007599
1.38,0,210.19220328330994
1.51,0,210.20920753479004
1.65,0,210.22622752189636
1.78,0,210.24312353134155
1.92,0,210.26011681556702
1.92,0,210.27712035179138
2.06,0,210.29362845420837
2.2,-1,210.31014609336853
2.34,-1,210.3271450996399
2.48,-1,210.34365248680115
2.62,-1,210.36065649986267
2.62,-1,210.37766075134277
2.77,-1,210.39466404914856
2.92,-1,210.41166806221008
3.06,-1,210.42867183685303
3.21,-1,210.4456765651703
3.36,-1,210.46267914772034
3.53,-1,210.47968316078186
3.53,-1,210.4962100982666
3.7,-1,210.5132131576538
3.89,-1,210.5302164554596
4.08,-1,210.5472207069397
0.0,1,210.7977647781372
0.0,1,210.8153202533722
-0.01,1,210.83232355117798
-0.02,1,210.84932732582092
-0.04,1,210.86633157730103
-0.06,1,210.88333535194397
-0.08,1,210.90033864974976
-0.08,1,210.9173424243927
-0.12,1,210.93434691429138
-0.15,1,210.95108723640442
-0.19,1,210.96746921539307
-0.24,1,210.984472990036
-0.28,1,211.00147771835327
-0.28,1,211.01848030090332
-0.34,1,211.03548431396484
-0.39,1,211.05248832702637
-0.44,1,211.06949186325073
-0.5,1,211.08649563789368
-0.56,0,211.10350012779236
-0.62,0,211.120502948761
-0.62,0,211.13650727272034
-0.69,0,211.15351057052612
-0.74,0,211.1705150604248
-0.81,0,211.18751883506775
-0.86,0,211.20452308654785
-0.92,0,211.22152590751648
-0.92,0,211.23752975463867
-0.97,0,211.25553488731384
-1.03,0,211.27153778076172
-1.09,0,211.28854131698608
-1.14,0,211.30454444885254
-1.2,0,211.32154941558838
-1.2,0,211.3375518321991
-1.28,0,211.35555624961853
-1.36,0,211.3715591430664
-1.45,0,211.38856387138367
-1.53,0,211.40556740760803
-1.61,0,211.42257118225098
-1.69,0,211.43957495689392
-1.69,0,211.45657920837402
-1.78,0,211.4740743637085
-1.86,0,211.49058628082275
-1.95,0,211.50758981704712
-2.03,-1,211.52409982681274
-2.1,-1,211.54161739349365
-2.1,-1,211.55761432647705
-2.18,-1,211.57461762428284
-2.25,-1,211.59162163734436
-2.32,-1,211.60862517356873
-2.39,-1,211.6251347064972
-2.45,-1,211.6419599056244
-2.45,-1,211.6589560508728
-2.52,-1,211.6759603023529
-2.57,-1,211.69196319580078
-2.64,-1,211.7089729309082
-2.69,-1,211.72596907615662
-2.75,-1,211.74247646331787
-2.81,-1,211.7594804763794
-2.81,-1,211.77571201324463
-2.89,-1,211.79334259033203
-2.95,-1,211.80934619903564
-3.01,-1,211.82635021209717
-3.06,-1,211.8433542251587
-3.1,-1,211.86035752296448
0.0,1,212.1319978237152
0.0,1,212.1490020751953
-0.01,1,212.16602540016174
-0.02,1,212.18302989006042
-0.02,1,212.19903326034546
-0.04,1,212.21603727340698
-0.07,1,212.23304104804993
-0.1,1,212.25004482269287
-0.13,1,212.26704859733582
-0.16,1,212.28405261039734
-0.2,1,212.30064797401428
-0.2,1,212.3171570301056
-0.25,1,212.3341612815857
-0.3,1,212.35066986083984
-0.36,1,212.3671793937683
-0.42,1,212.38418292999268
-0.49,1,212.4011869430542
-0.49,1,212.41819024085999
-0.56,0,212.43519401550293
-0.64,0,212.45219826698303
-0.73,0,212.46920132637024
-0.83,0,212.48620557785034
-0.93,0,212.50271320343018
-1.03,0,212.5197172164917
-1.03,0,212.53672099113464
-1.14,0,212.553724527359
-1.26,0,212.57072854042053
-1.38,0,212.58773255348206
-1.5,0,212.60473585128784
-1.63,0,212.62174010276794
-1.63,0,212.63774347305298
-1.77,0,212.65474700927734
-1.91,0,212.67175126075745
-2.05,0,212.6887550354004
-2.2,-1,212.70575857162476
-2.35,-1,212.7227623462677
-2.35,-1,212.73876667022705
-2.51,-1,212.75577044487
-2.68,-1,212.77277374267578
-2.84,-1,212.78977751731873
-3.02,-1,212.80578136444092
-3.19,-1,212.82278537750244
-3.37,-1,212.83978867530823
-3.37,-1,212.85679292678833
-3.56,-1,212.8733012676239
-3.75,-1,212.89030623435974
-3.95,-1,212.90731287002563
-4.15,-1,212.92331290245056
-4.35,-1,212.94031715393066
0.0,1,213.19951844215393
0.0,1,213.21652150154114
0.01,1,213.23312735557556
0.01,1,213.2501311302185
0.02,1,213.26713514328003
0.03,1,213.28413820266724
0.03,1,213.30114269256592
0.03,1,213.31814622879028
0.02,1,213.33514976501465
0.0,1,213.351154088974
-0.03,1,213.36815786361694
-0.07,1,213.38516092300415
-0.12,1,213.4021656513214
-0.12,1,213.4181683063507
-0.18,1,213.4351727962494
-0.25,1,213.45217657089233
-0.33,1,213.46917963027954
-0.41,1,213.48618364334106
-0.51,1,213.50269556045532
-0.61,0,213.51969933509827
-0.61,0,213.53570342063904
-0.73,0,213.55270719528198
-0.85,0,213.56971073150635
-0.99,0,213.58671402931213
-1.13,0,213.6027181148529
-1.28,0,213.61972212791443
-1.28,0,213.63672637939453
-1.44,0,213.6537299156189
-1.6,0,213.6737344264984
-1.77,0,213.68673729896545
-1.94,0,213.7037410736084
-2.12,0,213.72074460983276
-2.12,0,213.7377483844757
-2.28,-1,213.75475192070007
-2.44,-1,213.7717559337616
-2.6,-1,213.78876042366028
-2.76,-1,213.804762840271
-2.93,-1,213.82176685333252
-2.93,-1,213.83877110481262
-3.1,-1,213.85577487945557
-3.27,-1,213.87277913093567
-3.45,-1,213.88978242874146
-3.63,-1,213.90678668022156
-3.81,-1,213.92389845848083
-4.0,-1,213.9407935142517
-4.0,-1,213.9577980041504
-4.19,-1,213.97421526908875
-4.39,-1,213.99121952056885
0.0,1,214.23327541351318
0.01,1,214.24927926063538
0.02,1,214.2662844657898
0.05,1,214.28328728675842
0.08,1,214.30029106140137
0.08,1,214.3172948360443
0.12,1,214.33429837226868
0.16,1,214.35130262374878
0.19,1,214.36830615997314
0.22,1,214.38531064987183
0.24,1,214.4023139476776
0.24,1,214.41896176338196
0.25,1,214.4354748725891
0.25,1,214.4524793624878
0.25,1,214.46948385238647
0.25,1,214.4861135482788
0.24,1,214.50311732292175
0.23,1,214.52019953727722
0.23,1,214.53570771217346
0.21,1,214.5527114868164
0.2,1,214.57022762298584
0.19,1,214.58673691749573
0.18,1,214.60374116897583
0.18,1,214.62074494361877
0.18,1,214.63776421546936
0.18,1,214.65478944778442
0.18,1,214.67180681228638
0.18,1,214.68881058692932
0.18,1,214.705815076828
0.19,1,214.7228193283081
0.2,1,214.7398223876953
0.2,1,214.75682663917542
0.21,1,214.77382969856262
0.22,1,214.78983402252197
0.24,1,214.80672550201416
0.25,1,214.8242642879486
0.26,1,214.84080982208252
0.26,1,214.85780549049377
0.28,1,214.87482333183289
0.3,1,214.8918273448944
0.34,1,214.90883088111877
0.38,0,214.92583465576172
0.43,0,214.94293451309204
0.48,0,214.95995235443115
0.48,0,214.97695565223694
0.52,0,214.99395942687988
0.56,0,215.00996351242065
0.61,0,215.0269844532013
0.66,0,215.04398941993713
0.7,0,215.05999302864075
0.7,0,215.07699632644653
0.76,0,215.09400081634521
0.82,0,215.11052107810974
0.89,0,215.1275119781494
0.97,0,215.14451575279236
1.05,0,215.1615195274353
1.05,0,215.17752313613892
1.15,0,215.1951756477356
1.26,0,215.2111783027649
1.36,0,215.22818231582642
1.47,0,215.24518609046936
1.58,0,215.26219081878662
1.58,0,215.27919340133667
1.7,0,215.29619717597961
1.81,-1,215.31220078468323
1.93,-1,215.32920479774475
2.04,-1,215.34620833396912
2.15,-1,215.36321258544922
2.25,-1,215.38021659851074
2.25,-1,215.39721965789795
2.36,-1,215.4142234325409
2.47,-1,215.4302272796631
2.57,-1,215.44723105430603
2.66,-1,215.46423530578613
2.76,-1,215.48123955726624
2.76,-1,215.49824261665344
2.86,-1,215.5152463912964
2.95,-1,215.53125071525574
3.04,-1,215.54825401306152
3.14,-1,215.56525802612305
3.24,-1,215.58226132392883
0.0,1,215.8898115158081
-0.01,1,215.90636658668518
-0.02,1,215.92285013198853
-0.04,1,215.93975925445557
-0.04,1,215.9557647705078
-0.08,1,215.97286081314087
-0.12,1,215.98986554145813
-0.17,1,216.00722289085388
-0.23,1,216.02337765693665
-0.3,1,216.04047083854675
-0.3,1,216.05738496780396
-0.37,1,216.07438898086548
-0.46,1,216.09039211273193
-0.55,0,216.1073968410492
-0.64,0,216.12440133094788
-0.74,0,216.14140367507935
-0.74,0,216.1584074497223
-0.84,0,216.17541122436523
-0.95,0,216.19241499900818
-1.07,0,216.20841884613037
-1.18,0,216.2254228591919
-1.28,0,216.24242687225342
-1.28,0,216.25900745391846
-1.37,0,216.27542543411255
-1.46,0,216.2924289703369
-1.56,0,216.30943274497986
-1.67,0,216.32644820213318
-1.79,0,216.34345316886902
-1.92,0,216.3604497909546
-1.92,0,216.3774540424347
-2.06,0,216.39445853233337
-2.21,-1,216.4114637374878
-2.37,-1,216.4284679889679
-2.53,-1,216.44547176361084
-2.71,-1,216.46247601509094
-2.89,-1,216.47947931289673
-2.89,-1,216.49648356437683
-3.08,-1,216.51348662376404
-3.28,-1,216.5294907093048
-3.49,-1,216.5464949607849
-3.71,-1,216.56349873542786
-3.94,-1,216.58050203323364
-3.94,-1,216.59750628471375
-4.16,-1,216.61450958251953
-4.38,-1,216.63051319122314
0.0,1,216.89067673683167
0.0,1,216.90770411491394
0.01,1,216.92470741271973
0.03,1,216.94071173667908
0.03,1,216.95816111564636
0.06,1,216.9751648902893
0.1,1,216.9921691417694
0.14,1,217.00917220115662
0.18,1,217.02617740631104
0.23,1,217.0431797504425
0.28,1,217.06018352508545
0.28,1,217.0771872997284
0.34,1,217.09369730949402
0.4,1,217.1102180480957
0.47,1,217.12721228599548
0.54,0,217.14421725273132
0.62,0,217.16122031211853
0.62,0,217.1782248020172
0.71,0,217.19473242759705
0.8,0,217.2122402191162
0.91,0,217.22924423217773
1.02,0,217.2462477684021
1.14,0,217.26325225830078
1.26,0,217.28025579452515
1.26,0,217.29725980758667
1.4,0,217.31383347511292
1.53,0,217.33083724975586
1.67,0,217.34784197807312
1.82,0,217.36484575271606
1.96,0,217.3808491230011
1.96,0,217.39785289764404
2.12,0,217.41517305374146
2.28,-1,217.43117833137512
2.45,-1,217.4481818675995
2.62,-1,217.46518564224243
2.78,-1,217.4821925163269
2.78,-1,217.4991958141327
2.97,-1,217.5161998271942
3.15,-1,217.53320360183716
3.32,-1,217.5492069721222
3.5,-1,217.5662112236023
3.66,-1,217.58321499824524
3.84,-1,217.60022640228271
3.84,-1,217.61723828315735
4.01,-1,217.63424134254456
4.19,-1,217.65024542808533
0.0,1,217.8903751373291
0.0,1,217.90643000602722
-0.01,1,217.92362642288208
-0.02,1,217.94043731689453
-0.02,1,217.95622777938843
-0.04,1,217.97344303131104
-0.07,1,217.99044609069824
-0.1,1,218.00768899917603
-0.13,1,218.02410078048706
-0.16,1,218.04077053070068
-0.16,1,218.05777430534363
-0.21,1,218.0747776031494
-0.26,1,218.09078121185303
-0.3,1,218.10878658294678
-0.34,1,218.12579035758972
-0.38,1,218.14279294013977
-0.38,1,218.1587963104248
-0.41,1,218.17581915855408
-0.44,1,218.19285202026367
-0.48,1,218.2103590965271
-0.52,0,218.2268693447113
-0.56,0,218.24387335777283
-0.6,0,218.26042819023132
-0.6,0,218.27593684196472
-0.64,0,218.29294061660767
-0.68,0,218.3104555606842
-0.72,0,218.32696318626404
-0.77,0,218.34348797798157
-0.82,0,218.36049270629883
-0.82,0,218.3766028881073
-0.86,0,218.39360904693604
-0.9,0,218.41061210632324
-0.95,0,218.42812061309814
-1.0,0,218.4451379776001
-1.05,0,218.46214151382446
-1.05,0,218.47864961624146
-1.11,0,218.49515867233276
-1.17,0,218.51216173171997
-1.24,0,218.52867102622986
-1.3,0,218.54567527770996
-1.35,0,218.56267857551575
-1.4,0,218.57947516441345
-1.4,0,218.59647965431213
-1.42,0,218.61348581314087
-1.44,0,218.6304898262024
-1.46,0,218.64749336242676
-1.46,0,218.66449666023254
-1.46,0,218.68150162696838
-1.46,0,218.69750428199768
-1.44,0,218.7145082950592
-1.43,0,218.73151326179504
-1.43,0,218.74851608276367
-1.42,0,218.7655200958252
-1.42,0,218.78252363204956
-1.42,0,218.79952764511108
-1.42,0,218.81553101539612
-1.42,-1,218.83253526687622
-1.41,-1,218.84953904151917
-1.4,-1,218.86654257774353
-1.39,-1,218.88354659080505
-1.39,-1,218.90055084228516
-1.39,-1,218.91755414009094
-1.39,-1,218.9345576763153
-1.39,-1,218.95156145095825
-1.4,-1,218.96856546401978
-1.41,-1,218.9855694770813
-1.41,-1,219.00257396697998
-1.41,-1,219.01857662200928
-1.41,-1,219.0365812778473
-1.4,-1,219.05358481407166
-1.38,-1,219.07058835029602
-1.35,-1,219.0875928401947
-1.31,-1,219.10359525680542
-1.27,-1,219.1206042766571
-1.27,-1,219.13760781288147
-1.21,-1,219.15461087226868
-1.14,-1,219.17161965370178
-1.08,-1,219.1876232624054
-1.02,-1,219.20462727546692
-0.95,-1,219.22163033485413
-0.95,-1,219.23863458633423
-0.89,-1,219.25563859939575
-0.83,-1,219.27264261245728
-0.78,-1,219.28964591026306
-0.73,-1,219.30615544319153
-0.68,-1,219.32315969467163
0.0,1,219.51718759536743
0.0,1,219.5341911315918
-0.01,1,219.55070042610168
-0.02,1,219.56720972061157
-0.03,1,219.58421301841736
-0.04,1,219.60121750831604
-0.04,1,219.61722040176392
-0.06,1,219.63422441482544
-0.08,1,219.65122866630554
-0.1,1,219.66773867607117
-0.11,1,219.68474221229553
-0.13,1,219.7017467021942
-0.13,1,219.71875
-0.14,1,219.73575353622437
-0.14,1,219.75275778770447
-0.15,1,219.76976132392883
-0.16,1,219.7867648601532
-0.16,1,219.8027687072754
-0.16,1,219.81977224349976
-0.16,1,219.83677697181702
-0.15,1,219.85378050804138
-0.14,1,219.87028908729553
-0.14,1,219.88729310035706
-0.14,1,219.90429735183716
-0.15,1,219.9213011264801
-0.15,1,219.93730521202087
-0.16,1,219.9553084373474
-0.18,1,219.9723117351532
-0.2,1,219.98931574821472
-0.23,1,220.0063192844391
-0.26,1,220.02320885658264
-0.29,1,220.04021310806274
-0.29,1,220.05721759796143
-0.33,1,220.07416224479675
-0.38,1,220.09111666679382
-0.43,1,220.1081199645996
-0.47,0,220.12436652183533
-0.51,0,220.14112758636475
-0.51,0,220.15813183784485
-0.55,0,220.17565298080444
-0.58,0,220.19216179847717
-0.62,0,220.20916557312012
-0.65,0,220.22630524635315
-0.68,0,220.24330949783325
-0.71,0,220.26031494140625
-0.71,0,220.27731800079346
-0.73,0,220.29432034492493
-0.74,0,220.3103277683258
-0.76,0,220.32733130455017
-0.78,0,220.34433603286743
-0.81,0,220.36133980751038
-0.81,0,220.37747049331665
-0.84,0,220.39497756958008
-0.88,0,220.41102957725525
-0.92,0,220.4280333518982
-0.97,0,220.44454145431519
-1.02,0,220.46105003356934
-1.02,0,220.47805404663086
-1.07,0,220.49505805969238
-1.11,0,220.51206183433533
-1.15,0,220.52906560897827
-1.19,0,220.54606938362122
-1.23,0,220.5625777244568
-1.26,0,220.57958102226257
-1.26,0,220.59558510780334
-1.29,0,220.61309337615967
-1.32,0,220.6300971508026
-1.35,0,220.64710021018982
-1.38,0,220.66365575790405
-1.41,0,220.68366050720215
-1.41,0,220.69716906547546
-1.44,0,220.71417260169983
-1.46,-1,220.7311773300171
-1.49,-1,220.74818062782288
-1.52,-1,220.76518416404724
-1.54,-1,220.78218817710876
-1.54,-1,220.79919266700745
-1.58,-1,220.8161952495575
-1.63,-1,220.83219957351685
-1.69,-1,220.8492031097412
-1.76,-1,220.86620664596558
-1.83,-1,220.88321113586426
-1.91,-1,220.9002149105072
-1.91,-1,220.9169147014618
-1.98,-1,220.93391919136047
-2.06,-1,220.95092248916626
-2.15,-1,220.96694111824036
-2.24,-1,220.98394536972046
-2.34,-1,221.00094938278198
-2.34,-1,221.01795268058777
-2.45,-1,221.03491592407227
-2.57,-1,221.0519313812256
-2.69,-1,221.06893515586853
0.0,1,221.3801691532135
0.0,1,221.39717316627502
-0.02,1,221.41417694091797
-0.04,1,221.4311807155609
-0.07,1,221.44818425178528
-0.1,1,221.4651882648468
-0.13,1,221.482191324234
-0.13,1,221.49919605255127
-0.16,1,221.51619935035706
-0.21,1,221.53320360183716
-0.24,1,221.55020689964294
-0.27,1,221.5672106742859
-0.31,1,221.584214925766
-0.35,1,221.60112309455872
-0.35,1,221.61812686920166
-0.39,1,221.63513088226318
-0.44,1,221.65113425254822
-0.5,0,221.66813850402832
-0.55,0,221.6851418018341
-0.62,0,221.7021460533142
-0.62,0,221.71914911270142
-0.69,0,221.73615336418152
-0.76,0,221.7521572113037
-0.84,0,221.7691605091095
-0.92,0,221.78616428375244
-1.01,0,221.8027307987213
-1.01,0,221.81880855560303
-1.09,0,221.83681321144104
-1.18,0,221.85381698608398
-1.27,0,221.8708209991455
-1.36,0,221.88782501220703
-1.45,0,221.90482902526855
-1.54,0,221.92183184623718
-1.54,0,221.9388358592987
-1.63,0,221.95583987236023
-1.73,0,221.97284388542175
-1.83,0,221.9888470172882
-1.93,0,222.00585103034973
-2.02,0,222.0228545665741
-2.02,0,222.0388581752777
-2.1,-1,222.0556356906891
-2.18,-1,222.07314276695251
-2.25,-1,222.09014654159546
-2.32,-1,222.10715460777283
-2.38,-1,222.1241581439972
-2.45,-1,222.14016151428223
-2.45,-1,222.15616488456726
-2.52,-1,222.17412209510803
-2.6,-1,222.1901252269745
-2.67,-1,222.207133769989
-2.74,-1,222.22444319725037
-2.81,-1,222.241140127182
-2.81,-1,222.25714468955994
-2.89,-1,222.2743718624115
-2.97,-1,222.29117918014526
-3.05,-1,222.3075773715973
-3.12,-1,222.32445621490479
-3.2,-1,222.34116291999817
-3.2,-1,222.35778164863586
-3.28,-1,222.375182390213
0.0,1,222.6683897972107
0.0,1,222.68539333343506
0.01,1,222.70239782333374
0.01,1,222.71940159797668
0.01,1,222.73640489578247
0.02,1,222.75340843200684
0.04,1,222.76941227912903
0.05,1,222.78641629219055
0.07,1,222.80341982841492
0.08,1,222.82018542289734
0.08,1,222.83718943595886
0.11,1,222.8541932106018
0.13,1,222.870197057724
0.16,1,222.88720059394836
0.18,1,222.9042046070099
0.21,1,222.92120885849
0.21,1,222.93821239471436
0.25,1,222.95521593093872
0.3,1,222.9722194671631
0.34,1,222.98922395706177
0.39,1,223.00622701644897
0.45,1,223.02323126792908
0.45,1,223.0392346382141
0.5,0,223.0562391281128
0.56,0,223.0722427368164
0.63,0,223.0892460346222
0.69,0,223.1062502861023
0.76,0,223.12325406074524
0.82,0,223.14025735855103
0.82,0,223.15626096725464
0.91,0,223.17426538467407
0.99,0,223.19026827812195
1.08,0,223.2079713344574
1.17,0,223.22427678108215
1.26,0,223.2412805557251
1.26,0,223.25828385353088
1.36,0,223.2745897769928
1.46,0,223.2921018600464
1.56,0,223.30810070037842
1.66,0,223.32510447502136
1.76,0,223.34210872650146
1.76,0,223.35911226272583
1.86,0,223.37611556053162
1.95,0,223.39311981201172
2.04,-1,223.41012334823608
2.13,-1,223.4261269569397
2.21,-1,223.44313097000122
2.3,-1,223.46013522148132
2.3,-1,223.4771387577057
2.41,-1,223.4941427707672
2.52,-1,223.511146068573
2.65,-1,223.52815055847168
2.78,-1,223.54515409469604
2.91,-1,223.56215810775757
2.91,-1,223.5791618824005
3.06,-1,223.59616565704346
3.21,-1,223.61316919326782
3.36,-1,223.63017320632935
3.52,-1,223.64717769622803
3.67,-1,223.66418051719666
3.83,-1,223.68118476867676
0.0,1,223.94741582870483
-0.01,1,223.96392273902893
-0.02,1,223.98092699050903
-0.02,1,223.9969310760498
-0.04,1,224.01393461227417
-0.06,1,224.03093838691711
-0.09,1,224.0479416847229
-0.12,1,224.064945936203
-0.16,1,224.0819492340088
-0.16,1,224.09895372390747
-0.2,1,224.11546444892883
-0.24,1,224.13248491287231
-0.28,1,224.14948773384094
-0.33,1,224.16649174690247
-0.38,1,224.18249464035034
-0.44,1,224.19949865341187
-0.44,1,224.2170331478119
-0.5,0,224.23354148864746
-0.57,0,224.25105905532837
-0.64,0,224.267573595047
-0.72,0,224.28457736968994
-0.8,0,224.3012113571167
-0.8,0,224.3182339668274
-0.88,0,224.3350555896759
-0.98,0,224.3522789478302
-1.07,0,224.36828207969666
-1.17,0,224.3852891921997
-1.28,0,224.40197086334229
-1.28,0,224.41857814788818
-1.39,0,224.43558192253113
-1.5,0,224.4515860080719
-1.62,0,224.46861243247986
-1.75,0,224.48561596870422
-1.88,0,224.50261974334717
-1.88,0,224.5189130306244
-2.01,0,224.53591585159302
-2.14,-1,224.55292057991028
-2.28,-1,224.56902551651
-2.42,-1,224.58602952957153
-2.57,-1,224.602032661438
-2.57,-1,224.6190369129181
-2.71,-1,224.63604021072388
-2.86,-1,224.65304470062256
-3.01,-1,224.67004776000977
-3.15,-1,224.6870517730713
-3.29,-1,224.70405530929565
-3.43,-1,224.72105956077576
-3.43,-1,224.73806309700012
-3.6,-1,224.7550666332245
-3.76,-1,224.77207136154175
-3.92,-1,224.78907442092896
-4.1,-1,224.8052179813385
0.0,1,225.09395384788513
0.0,1,225.1104769706726
-0.01,1,225.12747287750244
-0.02,1,225.14447736740112
-0.04,1,225.16049718856812
-0.04,1,225.17799305915833
-0.05,1,225.19450211524963
-0.06,1,225.21150636672974
-0.06,1,225.228013753891
-0.06,1,225.24503087997437
-0.06,1,225.26153898239136
-0.06,1,225.27854299545288
-0.04,1,225.2955470085144
-0.02,1,225.31155109405518
0.02,1,225.32855463027954
0.05,1,225.34555840492249
0.09,1,225.36256217956543
0.12,1,225.37956619262695
0.12,1,225.3965699672699
0.16,1,225.41357421875
0.21,1,225.43057703971863
0.26,1,225.4475803375244
0.32,1,225.46458554267883
0.39,1,225.48158931732178
0.39,1,225.49859237670898
0.45,1,225.515230178833
0.49,1,225.53224730491638
0.53,0,225.54925107955933
0.56,0,225.56625485420227
0.6,0,225.58327412605286
0.65,0,225.60027766227722
0.65,0,225.6172821521759
0.68,0,225.6342852115631
0.7,0,225.6512894630432
0.71,0,225.66829299926758
0.72,0,225.68529725074768
0.72,0,225.7023012638092
0.72,0,225.71930503845215
0.73,0,225.73630928993225
0.75,0,225.75331234931946
0.76,0,225.7703161239624
0.78,0,225.78731966018677
0.81,0,225.8043236732483
0.83,0,225.82132768630981
0.83,0,225.83833146095276
0.86,0,225.85533547401428
0.89,0,225.87233877182007
0.92,0,225.88934302330017
0.95,0,225.90634608268738
1.0,0,225.92334985733032
1.05,0,225.9398581981659
1.05,0,225.956862449646
1.11,0,225.97386574745178
1.19,0,225.98986911773682
1.27,0,226.00737929344177
1.36,0,226.0243833065033
1.46,0,226.04119658470154
1.46,0,226.05798149108887
1.55,0,226.07498979568481
1.64,0,226.0919930934906
1.73,0,226.1089963912964
1.8,-1,226.1260006427765
1.87,-1,226.1425199508667
1.87,-1,226.15952730178833
1.92,-1,226.17652416229248
1.98,-1,226.19252800941467
2.02,-1,226.20925068855286
2.07,-1,226.22624802589417
2.13,-1,226.24325156211853
2.18,-1,226.26026678085327
2.18,-1,226.27726221084595
2.22,-1,226.29426550865173
2.26,-1,226.3102810382843
2.3,-1,226.32727646827698
2.34,-1,226.34427952766418
2.4,-1,226.36128330230713
2.4,-1,226.37828660011292
2.46,-1,226.39529085159302
2.54,-1,226.4122941493988
2.62,-1,226.42929816246033
2.72,-1,226.44613099098206
2.82,-1,226.463134765625
2.92,-1,226.48014736175537
0.0,1,226.77226424217224
0.01,1,226.7892689704895
0.02,1,226.80627393722534
0.05,1,226.82327604293823
0.08,1,226.84013056755066
0.08,1,226.8571343421936
0.11,1,226.87413811683655
0.16,1,226.89119267463684
0.2,1,226.90714955329895
0.24,1,226.92474722862244
0.3,1,226.941180229187
0.3,1,226.95790696144104
0.36,1,226.9752140045166
0.43,1,226.99152135849
0.5,1,227.00822067260742
0.58,0,227.02462434768677
0.67,0,227.04122829437256
0.67,0,227.05823230743408
0.77,0,227.07523560523987
0.89,0,227.09224009513855
1.01,0,227.10924434661865
1.13,0,227.12624740600586
1.27,0,227.14325189590454
1.41,0,227.16025519371033
1.41,0,227.1762580871582
1.57,0,227.1932623386383
1.74,0,227.21026635169983
1.92,0,227.2272708415985
2.1,0,227.2442741394043
2.28,-1,227.2612807750702
2.28,-1,227.27828550338745
2.47,-1,227.29528832435608
2.65,-1,227.31129217147827
2.83,-1,227.3282971382141
3.01,-1,227.34529948234558
3.21,-1,227.36230659484863
3.21,-1,227.37931036949158
3.41,-1,227.39631390571594
3.61,-1,227.41331791877747
3.82,-1,227.42932152748108
4.04,-1,227.44632506370544
4.26,-1,227.46332955360413
4.48,-1,227.4803330898285
0.0,1,227.77128148078918
0.0,1,227.7882878780365
0.01,1,227.80529165267944
0.02,1,227.82229709625244
0.02,1,227.83930134773254
0.04,1,227.8563048839569
0.06,1,227.87327337265015
0.09,1,227.88907933235168
0.12,1,227.9060833454132
0.15,1,227.92308735847473
0.15,1,227.93909096717834
0.18,1,227.9560947418213
0.22,1,227.97309803962708
0.26,1,227.99010181427002
0.3,1,228.00710558891296
0.35,1,228.0245554447174
0.4,1,228.04123306274414
0.4,1,228.05787467956543
0.44,1,228.0751633644104
0.48,1,228.0911681652069
0.51,0,228.108172416687
0.54,0,228.12521934509277
0.58,0,228.14177060127258
0.58,0,228.15818214416504
0.61,0,228.1751856803894
0.65,0,228.19118928909302
0.69,0,228.20819401741028
0.73,0,228.22519755363464
0.78,0,228.24220085144043
0.78,0,228.25920510292053
0.84,0,228.27620816230774
0.9,0,228.2922122478485
0.96,0,228.30921626091003
1.02,0,228.3262197971344
1.09,0,228.34322381019592
1.16,0,228.36022758483887
1.16,0,228.3762309551239
1.23,0,228.39323544502258
1.3,0,228.41025614738464
1.38,0,228.42724871635437
1.45,0,228.44425225257874
1.51,0,228.4612591266632
1.51,0,228.47758054733276
1.59,0,228.49460434913635
1.67,0,228.5111961364746
1.75,0,228.5282006263733
1.83,0,228.54520440101624
1.92,-1,228.5622091293335
1.92,-1,228.57921195030212
2.01,-1,228.5962154865265
2.1,-1,228.61221981048584
2.2,-1,228.6292233467102
2.31,-1,228.64622735977173
2.41,-1,228.6622302532196
2.41,-1,228.67923402786255
2.53,-1,228.6962375640869
2.65,-1,228.71324181556702
2.78,-1,228.73024487495422
2.92,-1,228.74725198745728
3.05,-1,228.7640721797943
3.19,-1,228.78107571601868
3.19,-1,228.7980797290802
3.34,-1,228.8150827884674
3.5,-1,228.8320872783661
3.66,-1,228.8490912914276
0.0,1,229.17330241203308
0.01,1,229.19065260887146
0.02,1,229.20716524124146
0.05,1,229.2244997024536
0.08,1,229.24143314361572
0.08,1,229.25742077827454
0.13,1,229.2746639251709
0.18,1,229.29144287109375
0.25,1,229.30843257904053
0.3,1,229.32543563842773
0.37,1,229.34247636795044
0.44,1,229.3594799041748
0.44,1,229.3764865398407
0.52,0,229.39317560195923
0.61,0,229.4101791381836
0.69,0,229.42718386650085
0.77,0,229.44418740272522
0.85,0,229.461190700531
0.85,0,229.47819447517395
0.92,0,229.49519848823547
0.99,0,229.51220631599426
1.05,0,229.5292103290558
1.11,0,229.54575872421265
1.17,0,229.56276273727417
1.22,0,229.57976651191711
1.22,0,229.59677052497864
1.27,0,229.6138036251068
1.32,0,229.63080739974976
1.37,0,229.6478111743927
1.41,0,229.66486239433289
1.45,0,229.681866645813
1.45,0,229.69887042045593
1.49,0,229.71607303619385
1.52,0,229.73207688331604
1.56,0,229.74908065795898
1.59,0,229.76608443260193
1.61,0,229.78308773040771
1.64,0,229.80009198188782
1.64,0,229.81709551811218
1.66,0,229.83409905433655
1.68,0,229.8506076335907
1.71,0,229.86761116981506
1.74,-1,229.884614944458
1.78,-1,229.9016194343567
1.78,-1,229.9182722568512
1.81,-1,229.93527626991272
1.83,-1,229.95227932929993
1.85,-1,229.9692826271057
1.88,-1,229.98628640174866
1.9,-1,230.0022909641266
1.9,-1,230.0192940235138
1.92,-1,230.03629803657532
1.94,-1,230.05280566215515
1.97,-1,230.06980967521667
2.0,-1,230.08681273460388
2.03,-1,230.1028172969818
2.06,-1,230.11981987953186
2.06,-1,230.13582396507263
2.1,-1,230.15383219718933
2.13,-1,230.1698362827301
2.17,-1,230.18684005737305
2.22,-1,230.20384407043457
2.26,-1,230.22136688232422
2.26,-1,230.2373707294464
2.31,-1,230.2553939819336
2.36,-1,230.27239799499512
2.41,-1,230.2894024848938
0.0,1,230.59764289855957
0.0,1,230.61464643478394
-0.01,1,230.6316511631012
-0.02,1,230.64865517616272
-0.04,1,230.66565895080566
-0.06,1,230.6826617717743
-0.06,1,230.69866561889648
-0.09,1,230.71622896194458
-0.12,1,230.73284697532654
-0.17,1,230.74985074996948
-0.22,1,230.76646661758423
-0.28,1,230.7834701538086
-0.35,1,230.80047416687012
-0.35,1,230.81721115112305
-0.43,1,230.8342146873474
-0.52,0,230.85021877288818
-0.62,0,230.8677270412445
-0.73,0,230.8847303390503
-0.85,0,230.90173387527466
-0.85,0,230.91831350326538
-0.98,0,230.93531680107117
-1.12,0,230.95132112503052
-1.27,0,230.9683244228363
-1.42,0,230.9853286743164
-1.59,0,231.00233244895935
-1.59,0,231.01887488365173
-1.77,0,231.03597497940063
-1.96,0,231.052978515625
-2.15,0,231.0704951286316
-2.36,-1,231.08649277687073
-2.55,-1,231.10311007499695
-2.74,-1,231.12011194229126
-2.74,-1,231.13611555099487
-2.92,-1,231.15312027931213
-3.09,-1,231.17013907432556
-3.25,-1,231.1871428489685
-3.42,-1,231.2041471004486
-3.59,-1,231.22115111351013
-3.59,-1,231.2371542453766
-3.74,-1,231.25415754318237
-3.9,-1,231.27116322517395
-4.06,-1,231.28816604614258
-4.23,-1,231.3041696548462
0.0,1,231.5983009338379
-0.01,1,231.61532354354858
-0.02,1,231.63133001327515
-0.05,1,231.6483335494995
-0.08,1,231.66476583480835
-0.12,1,231.68131256103516
-0.12,1,231.69831681251526
-0.18,1,231.71532082557678
-0.24,1,231.73132467269897
-0.31,1,231.74832820892334
-0.39,1,231.7653350830078
-0.48,1,231.78233885765076
-0.48,1,231.79834270477295
-0.58,0,231.81534671783447
-0.69,0,231.83235049247742
-0.8,0,231.84898400306702
-0.91,0,231.86598777770996
-1.04,0,231.88299179077148
-1.17,0,231.89999556541443
-1.17,0,231.91703581809998
-1.32,0,231.93403887748718
-1.48,0,231.95116543769836
-1.65,0,231.96716141700745
-1.82,0,231.9841651916504
-2.0,0,232.00133514404297
-2.0,0,232.0183389186859
-2.2,0,232.0351939201355
-2.41,-1,232.0521981716156
-2.62,-1,232.06920194625854
-2.83,-1,232.08620858192444
-3.05,-1,232.10321617126465
-3.26,-1,232.12022495269775
-3.26,-1,232.13622784614563
-3.49,-1,232.15423274040222
-3.72,-1,232.17023587226868
-3.95,-1,232.18723964691162
-4.19,-1,232.20424389839172
-4.43,-1,232.22125935554504
0.0,1,232.4995985031128
0.0,1,232.5161623954773
0.0,1,232.53270149230957
-0.01,1,232.5497055053711
-0.02,1,232.56629705429077
-0.05,1,232.58330082893372
-0.08,1,232.60030436515808
-0.08,1,232.6163079738617
-0.13,1,232.63331198692322
-0.18,1,232.65031552314758
-0.25,1,232.66731977462769
-0.3,1,232.68432307243347
-0.35,1,232.7013280391693
-0.35,1,232.71833109855652
-0.38,1,232.7353343963623
-0.41,1,232.7523386478424
-0.42,1,232.76934218406677
-0.43,1,232.78634595870972
-0.43,1,232.8033504486084
-0.43,1,232.81935334205627
-0.42,1,232.8363573551178
-0.39,1,232.85236144065857
-0.36,1,232.8693652153015
-0.32,1,232.88636994361877
-0.27,1,232.9023723602295
-0.27,1,232.91937613487244
-0.21,1,232.93638014793396
-0.14,1,232.95338368415833
-0.06,1,232.97038793563843
0.03,1,232.9873914718628
0.13,1,233.00439524650574
0.23,1,233.0213987827301
0.23,1,233.0384030342102
0.35,1,233.05540680885315
0.48,1,233.07241106033325
0.6,1,233.08841514587402
0.73,0,233.10541796684265
0.85,0,233.1224217414856
0.85,0,233.13842582702637
0.97,0,233.15542936325073
1.09,0,233.17245650291443
1.21,0,233.18945956230164
1.34,0,233.20646357536316
1.46,0,233.22246718406677
1.6,0,233.23947072029114
1.6,0,233.2554750442505
1.72,0,233.27247881889343
1.86,0,233.2894823551178
1.99,0,233.30648636817932
2.13,0,233.32349014282227
2.27,0,233.34049367904663
2.27,0,233.35749793052673
2.41,0,233.37450122833252
2.56,-1,233.3910095691681
2.71,-1,233.4083378314972
2.86,-1,233.42495703697205
3.02,-1,233.44196224212646
3.02,-1,233.45896434783936
3.18,-1,233.4759681224823
3.33,-1,233.4929723739624
3.49,-1,233.5099766254425
3.64,-1,233.52698063850403
3.8,-1,233.54398345947266
3.95,-1,233.56098794937134
3.95,-1,233.57799172401428
4.1,-1,233.5949947834015
4.25,-1,233.6115198135376
4.4,-1,233.62852358818054
0.0,1,233.93242168426514
0.0,1,233.94942569732666
0.01,1,233.9654290676117
0.01,1,233.9824333190918
0.01,1,233.99943709373474
0.02,1,234.01644015312195
0.03,1,234.03244423866272
0.05,1,234.04944777488708
0.06,1,234.06645226478577
0.08,1,234.08345580101013
0.09,1,234.09945917129517
0.09,1,234.11648535728455
0.09,1,234.1334900856018
0.07,1,234.14949369430542
0.05,1,234.1661036014557
0.02,1,234.1831076145172
0.0,1,234.20011162757874
0.0,1,234.21711492538452
-0.04,1,234.23411893844604
-0.09,1,234.25112342834473
-0.14,1,234.26858401298523
-0.2,1,234.28558778762817
-0.27,1,234.30259156227112
-0.34,1,234.31959581375122
-0.34,1,234.33659958839417
-0.43,1,234.35360288619995
-0.53,0,234.37019729614258
-0.64,0,234.38620138168335
-0.75,0,234.40320491790771
-0.87,0,234.42020869255066
-0.87,0,234.43621230125427
-1.01,0,234.45321679115295
-1.16,0,234.47022032737732
-1.3,0,234.487224817276
-1.45,0,234.5042281150818
-1.59,0,234.52123093605042
-1.59,0,234.5372347831726
-1.75,0,234.5542390346527
-1.9,0,234.57124376296997
-2.07,0,234.58824634552002
-2.24,0,234.60524988174438
-2.41,-1,234.6212546825409
-2.41,-1,234.6382577419281
-2.58,-1,234.6552610397339
-2.75,-1,234.67126560211182
-2.92,-1,234.6882688999176
-3.09,-1,234.7052731513977
-3.26,-1,234.72227692604065
-3.26,-1,234.73928046226501
-3.42,-1,234.75628447532654
-3.58,-1,234.77328872680664
-3.74,-1,234.7892918586731
-3.89,-1,234.80629587173462
-4.05,-1,234.82229948043823
-4.05,-1,234.83930349349976
-4.2,-1,234.85630702972412
0.0,1,235.1192662715912
0.0,1,235.13626837730408
-0.01,1,235.1532723903656
-0.01,1,235.17027592658997
-0.02,1,235.18627953529358
-0.03,1,235.2032835483551
-0.04,1,235.22028756141663
-0.04,1,235.237291097641
-0.05,1,235.25429487228394
-0.05,1,235.27129912376404
-0.05,1,235.28730249404907
-0.04,1,235.30430674552917
-0.03,1,235.32131099700928
-0.03,1,235.33731389045715
-0.01,1,235.355318069458
0.0,1,235.37132167816162
0.02,1,235.38832592964172
0.05,1,235.40432858467102
0.08,1,235.42133212089539
0.08,1,235.43833661079407
0.12,1,235.455340385437
0.16,1,235.47234416007996
0.21,1,235.48934817314148
0.26,1,235.50635170936584
0.32,1,235.52353358268738
0.38,1,235.53953742980957
0.38,1,235.55654168128967
0.45,1,235.57354545593262
0.53,0,235.59054899215698
0.62,0,235.60755276679993
0.71,0,235.62471842765808
0.82,0,235.64155077934265
0.82,0,235.65855503082275
0.94,0,235.6750204563141
1.06,0,235.6920244693756
1.2,0,235.70902800559998
1.34,0,235.7260320186615
1.5,0,235.7430362701416
1.66,0,235.76003980636597
1.66,0,235.7770435810089
1.82,0,235.794047832489
2.0,0,235.81027173995972
2.17,0,235.82726168632507
2.35,-1,235.84426546096802
2.54,-1,235.86126899719238
2.54,-1,235.87727284431458
2.73,-1,235.89427661895752
2.92,-1,235.91128396987915
3.12,-1,235.92828702926636
3.33,-1,235.94529128074646
3.54,-1,235.96229577064514
3.54,-1,235.97929859161377
3.75,-1,235.99630308151245
3.96,-1,236.0133068561554
4.18,-1,236.0303099155426
4.4,-1,236.04731512069702
0.0,1,236.34451365470886
0.0,1,236.36063075065613
0.0,1,236.37762594223022
-0.02,1,236.39463257789612
-0.03,1,236.41172432899475
-0.06,1,236.42872786521912
-0.08,1,236.44573187828064
-0.09,1,236.46273803710938
-0.11,1,236.47974157333374
-0.11,1,236.49674534797668
-0.12,1,236.5137495994568
-0.14,1,236.530752658844
-0.15,1,236.54739475250244
-0.17,1,236.56392002105713
-0.19,1,236.5809235572815
-0.19,1,236.59792613983154
-0.23,1,236.6149570941925
-0.27,1,236.63196086883545
-0.31,1,236.64896440505981
-0.37,1,236.6650562286377
-0.43,1,236.68205976486206
-0.43,1,236.69906377792358
-0.49,0,236.71619391441345
-0.57,0,236.7332010269165
-0.65,0,236.7502043247223
-0.74,0,236.76720809936523
-0.83,0,236.7842152118683
-0.93,0,236.80123496055603
-0.93,0,236.81822657585144
-1.04,0,236.83523106575012
-1.16,0,236.85223484039307
-1.27,0,236.8692376613617
-1.38,0,236.8862419128418
-1.5,0,236.90324592590332
-1.62,0,236.9202492237091
-1.62,0,236.93625330924988
-1.75,0,236.95325708389282
-1.89,0,236.97026109695435
-2.03,0,236.98726534843445
-2.18,-1,237.00426864624023
-2.34,-1,237.02127194404602
-2.34,-1,237.0372757911682
-2.51,-1,237.05427956581116
-2.69,-1,237.0712833404541
-2.88,-1,237.0882875919342
-3.07,-1,237.10529088974
-3.27,-1,237.12129426002502
-3.27,-1,237.13729882240295
-3.47,-1,237.15530228614807
-3.67,-1,237.17130517959595
-3.88,-1,237.18830943107605
-4.1,-1,237.20431280136108
-4.31,-1,237.22131752967834
0.0,1,237.5123839378357
0.01,1,237.5293881893158
0.02,1,237.5453917980194
0.05,1,237.56280422210693
0.08,1,237.57980751991272
0.08,1,237.59681177139282
0.13,1,237.61377930641174
0.18,1,237.63067483901978
0.24,1,237.64767813682556
0.28,1,237.66423201560974
0.33,1,237.68123650550842
0.33,1,237.6972393989563
0.36,1,237.71424388885498
0.39,1,237.73124814033508
0.41,1,237.74825167655945
0.43,1,237.76525568962097
0.45,1,237.78225898742676
0.45,1,237.79926300048828
0.46,1,237.81626629829407
0.46,1,237.83280444145203
0.47,1,237.8498079776764
0.47,0,237.86639165878296
0.47,0,237.88310170173645
0.47,0,237.90010499954224
0.47,0,237.91710901260376
0.47,0,237.93411207199097
0.47,0,237.95011591911316
0.48,0,237.9671347141266
0.49,0,237.98413825035095
0.5,0,238.0011429786682
0.5,0,238.01814579963684
0.51,0,238.03514957427979
0.53,0,238.0521547794342
0.55,0,238.06915760040283
0.57,0,238.08616185188293
0.6,0,238.10316491127014
0.62,0,238.11916851997375
0.62,0,238.13617825508118
0.67,0,238.1531822681427
0.72,0,238.16918516159058
0.77,0,238.18618869781494
0.84,0,238.20319437980652
0.91,0,238.22020840644836
0.91,0,238.2372121810913
1.0,0,238.2542154788971
1.1,0,238.2702193260193
1.21,0,238.2872235774994
1.32,0,238.30422711372375
1.44,0,238.32023072242737
1.44,0,238.33723402023315
1.58,0,238.35423803329468
1.72,0,238.37124252319336
1.87,-1,238.38824582099915
2.03,-1,238.40524983406067
2.19,-1,238.42225337028503
2.19,-1,238.43925786018372
2.38,-1,238.45626091957092
2.57,-1,238.47326493263245
2.76,-1,238.49026942253113
2.97,-1,238.5072717666626
3.18,-1,238.5242965221405
3.41,-1,238.54030013084412
3.41,-1,238.55730366706848
3.64,-1,238.57430768013
3.89,-1,238.59131145477295
4.14,-1,238.60731482505798
0.0,1,238.8981785774231
0.0,1,238.9151828289032
0.01,1,238.93218731880188
0.02,1,238.94919061660767
0.04,1,238.96619319915771
0.07,1,238.98319840431213
0.11,1,239.00020217895508
0.11,1,239.01720523834229
0.16,1,239.03420901298523
0.22,1,239.0512125492096
0.29,1,239.06723070144653
0.36,1,239.08423519134521
0.44,1,239.10123991966248
0.44,1,239.1182417869568
0.52,0,239.1352458000183
0.61,0,239.15224933624268
0.7,0,239.16927027702332
0.8,0,239.18527364730835
0.9,0,239.2022783756256
0.9,0,239.21928215026855
1.0,0,239.23628544807434
1.12,0,239.25229001045227
1.22,0,239.26929306983948
1.34,0,239.28629684448242
1.46,0,239.30330109596252
1.58,0,239.3203046321869
1.58,0,239.33730840682983
1.7,0,239.35431218147278
1.82,0,239.37131714820862
1.95,0,239.38831973075867
2.07,0,239.40432381629944
2.2,-1,239.4213285446167
2.2,-1,239.43733072280884
2.33,-1,239.45533514022827
2.47,-1,239.4713385105133
2.61,-1,239.48834228515625
2.76,-1,239.5053460597992
2.91,-1,239.5223512649536
2.91,-1,239.5393533706665
3.06,-1,239.55635833740234
3.2,-1,239.57336282730103
3.36,-1,239.58936500549316
3.51,-1,239.6063690185547
3.68,-1,239.62237310409546
3.68,-1,239.63937640190125
3.82,-1,239.65638065338135
3.98,-1,239.6733841896057
4.13,-1,239.69038820266724
0.0,1,239.92246985435486
0.0,1,239.9384732246399
0.01,1,239.95647811889648
0.02,1,239.97248125076294
0.04,1,239.9894859790802
0.06,1,240.00648856163025
0.08,1,240.02315282821655
0.11,1,240.0401566028595
0.11,1,240.0561604499817
0.14,1,240.07316422462463
0.18,1,240.09079003334045
0.22,1,240.10678672790527
0.27,1,240.1232717037201
0.32,1,240.14027428627014
0.32,1,240.1572780609131
0.37,1,240.17429995536804
0.44,1,240.19192242622375
0.5,0,240.2083113193512
0.57,0,240.2253155708313
0.65,0,240.24231934547424
0.65,0,240.2593231201172
0.73,0,240.27632641792297
0.81,0,240.29233026504517
0.9,0,240.30984926223755
1.0,0,240.32635736465454
1.09,0,240.34336113929749
1.18,0,240.36039996147156
1.18,0,240.37738847732544
1.29,0,240.39439225196838
1.39,0,240.41081833839417
1.5,0,240.4278221130371
1.62,0,240.44482612609863
1.74,0,240.46135258674622
1.74,0,240.47835612297058
1.87,0,240.49536037445068
2.01,0,240.51236391067505
2.15,-1,240.52936816215515
2.29,-1,240.54637169837952
2.43,-1,240.56337571144104
2.58,-1,240.5803792476654
2.58,-1,240.59738326072693
2.75,-1,240.61438727378845
2.92,-1,240.63139033317566
3.1,-1,240.6481533050537
3.29,-1,240.66515684127808
3.48,-1,240.68216180801392
3.48,-1,240.6981644630432
3.69,-1,240.71516847610474
3.91,-1,240.73217272758484
4.14,-1,240.74917578697205
4.37,-1,240.7661793231964
0.0,1,241.02260446548462
0.0,1,241.03924250602722
0.0,1,241.0562460422516
0.01,1,241.073251247406
0.02,1,241.08925414085388
0.03,1,241.1062569618225
0.04,1,241.12326097488403
0.05,1,241.1402657032013
0.05,1,241.1572687625885
0.07,1,241.17427253723145
0.09,1,241.19127774238586
0.11,1,241.20828008651733
0.14,1,241.2254011631012
0.16,1,241.2419114112854
0.16,1,241.25829195976257
0.2,1,241.2752947807312
0.23,1,241.29229950904846
0.27,1,241.30830240249634
0.3,1,241.3256871700287
0.34,1,241.34231066703796
0.34,1,241.3593146800995
0.39,1,241.37631940841675
0.43,1,241.39332175254822
0.48,1,241.41032576560974
0.53,0,241.4273293018341
0.58,0,241.444349527359
0.64,0,241.4613392353058
0.64,0,241.47834277153015
0.7,0,241.49534726142883
0.76,0,241.51236271858215
0.82,0,241.5283660888672
0.88,0,241.5453703403473
0.95,0,241.56237483024597
0.95,0,241.57937836647034
1.03,0,241.59638214111328
1.12,0,241.61238622665405
1.21,0,241.62938976287842
1.29,0,241.6463930606842
1.38,0,241.66341161727905
1.48,0,241.68041563034058
1.48,0,241.69741916656494
1.59,0,241.7144227027893
1.71,0,241.73042702674866
1.84,0,241.74743103981018
1.97,0,241.76443481445312
2.12,-1,241.7814381122589
2.12,-1,241.79844164848328
2.28,-1,241.8154456615448
2.45,-1,241.831449508667
2.62,-1,241.84845328330994
2.8,-1,241.86547255516052
2.99,-1,241.88147568702698
2.99,-1,241.89847993850708
3.18,-1,241.91548418998718
3.39,-1,241.93148708343506
3.6,-1,241.94849061965942
3.82,-1,241.9655101299286
4.04,-1,241.98251461982727
4.04,-1,241.9985179901123
4.25,-1,242.01552176475525
0.0,1,242.26758480072021
0.0,1,242.2835886478424
0.01,1,242.30059242248535
0.01,1,242.31759595870972
0.03,1,242.33459973335266
0.05,1,242.35160422325134
0.07,1,242.36860704421997
0.1,1,242.38561177253723
0.13,1,242.40261507034302
0.17,1,242.41961908340454
0.17,1,242.4366226196289
0.21,1,242.45362663269043
0.26,1,242.46963000297546
0.32,1,242.48663425445557
0.38,1,242.50363779067993
0.44,1,242.52024269104004
0.44,1,242.53724646568298
0.52,0,242.55425024032593
0.59,0,242.57125425338745
0.67,0,242.58725786209106
0.75,0,242.6042618751526
0.84,0,242.62126564979553
0.84,0,242.63726925849915
0.93,0,242.6542727947235
1.03,0,242.67127776145935
1.13,0,242.68828105926514
1.24,0,242.70528554916382
1.35,0,242.7212884426117
1.35,0,242.73829174041748
1.46,0,242.75529551506042
1.58,0,242.77229928970337
1.71,0,242.78830337524414
1.83,0,242.8053069114685
1.97,0,242.8223111629486
1.97,0,242.83931469917297
2.1,0,242.85631799697876
2.24,-1,242.87332344055176
2.38,-1,242.89032578468323
2.51,-1,242.90733075141907
2.64,-1,242.92435145378113
2.77,-1,242.9413547515869
2.77,-1,242.95835876464844
2.9,-1,242.97544956207275
3.04,-1,242.99145317077637
3.16,-1,243.0084581375122
3.3,-1,243.025461435318
3.43,-1,243.04246520996094
3.43,-1,243.05846905708313
3.58,-1,243.07547211647034
3.72,-1,243.09247589111328
3.87,-1,243.10848021507263
4.02,-1,243.12550711631775
0.0,1,243.3560826778412
0.0,1,243.37308740615845
0.01,1,243.3900899887085
0.02,1,243.40709328651428
0.04,1,243.4240972995758
0.06,1,243.44110250473022
0.06,1,243.45810556411743
0.09,1,243.47544741630554
0.12,1,243.49211287498474
0.16,1,243.50811648368835
0.2,1,243.52558588981628
0.24,1,243.5421757698059
0.24,1,243.55912828445435
0.29,1,243.5761320590973
0.35,1,243.59313559532166
0.41,1,243.60913968086243
0.47,1,243.6261429786682
0.54,0,243.64314699172974
0.61,0,243.66015076637268
0.61,0,243.67615461349487
0.69,0,243.69315814971924
0.78,0,243.71016192436218
0.86,0,243.7271659374237
0.96,0,243.74416971206665
1.05,0,243.76117300987244
1.05,0,243.77817797660828
1.16,0,243.79518055915833
1.26,0,243.8121840953827
1.36,0,243.82918858528137
1.47,0,243.84619283676147
1.58,0,243.86319613456726
1.69,0,243.88020062446594
1.69,0,243.8972041606903
1.81,0,243.91420793533325
1.93,0,243.93021154403687
2.06,0,243.94721484184265
2.19,-1,243.96421933174133
2.33,-1,243.98078799247742
2.33,-1,243.99679136276245
2.47,-1,244.01479578018188
2.62,-1,244.03087711334229
2.77,-1,244.0478799343109
2.93,-1,244.06439232826233
3.08,-1,244.081396818161
3.08,-1,244.0984001159668
3.21,-1,244.1154067516327
3.33,-1,244.13243317604065
3.45,-1,244.14943671226501
3.57,-1,244.16614413261414
3.68,-1,244.18314790725708
3.78,-1,244.20015215873718
3.78,-1,244.21715569496155
3.88,-1,244.23415899276733
0.0,1,244.50322198867798
0.0,1,244.52022647857666
0.0,1,244.53622913360596
0.01,1,244.55323338508606
0.03,1,244.570237159729
0.04,1,244.58724093437195
0.06,1,244.60424423217773
0.09,1,244.621248960495
0.09,1,244.63825273513794
0.12,1,244.655255317688
0.15,1,244.6722605228424
0.19,1,244.68926429748535
0.24,1,244.70626854896545
0.29,1,244.72327160835266
0.34,1,244.74027466773987
0.34,1,244.75627946853638
0.4,1,244.77328205108643
0.46,1,244.7902867794037
0.53,0,244.80628967285156
0.6,0,244.8232936859131
0.67,0,244.8402976989746
0.67,0,244.85730147361755
0.75,0,244.87430477142334
0.84,0,244.89030957221985
0.93,0,244.90731239318848
1.02,0,244.92431616783142
1.12,0,244.94152450561523
1.12,0,244.95852947235107
1.22,0,244.9755687713623
1.3,0,244.99253630638123
1.4,0,245.00954008102417
1.48,0,245.02558541297913
1.58,0,245.04254722595215
1.67,0,245.05955147743225
1.67,0,245.07655501365662
1.78,0,245.0935583114624
1.89,0,245.11056208610535
2.0,0,245.12756609916687
2.09,-1,245.1445701122284
2.18,-1,245.16159558296204
2.18,-1,245.1776192188263
2.25,-1,245.194678068161
2.33,-1,245.21172618865967
2.41,-1,245.22874784469604
2.49,-1,245.24475121498108
2.57,-1,245.26177072525024
2.57,-1,245.2787902355194
2.65,-1,245.29580926895142
2.74,-1,245.3128137588501
2.83,-1,245.32981753349304
2.92,-1,245.34682083129883
3.02,-1,245.36382412910461
3.11,-1,245.38082838058472
3.11,-1,245.39783215522766
3.22,-1,245.4146957397461
3.32,-1,245.43171644210815
3.43,-1,245.4477198123932
3.55,-1,245.46474504470825
0.0,1,245.72333121299744
0.0,1,245.74028253555298
0.0,1,245.7572784423828
0.02,1,245.7742829322815
0.03,1,245.79028606414795
0.05,1,245.80729055404663
0.08,1,245.82429456710815
0.1,1,245.84129762649536
0.1,1,245.85830116271973
0.14,1,245.87530493736267
0.18,1,245.89230871200562
0.22,1,245.90931248664856
0.27,1,245.92631673812866
0.32,1,245.9433205127716
0.37,1,245.96039652824402
0.37,1,245.97739100456238
0.43,1,245.99439454078674
0.5,1,246.0113980770111
0.57,0,246.02840209007263
0.64,0,246.045405626297
0.72,0,246.0624234676361
0.72,0,246.07942700386047
0.81,0,246.096431016922
0.9,0,246.11343455314636
0.99,0,246.12943840026855
1.08,0,246.14644241333008
1.17,0,246.16344594955444
1.27,0,246.18045020103455
1.27,0,246.1974537372589
1.38,0,246.21445727348328
1.49,0,246.23046135902405
1.6,0,246.247465133667
1.72,0,246.26446866989136
1.84,0,246.28147292137146
1.84,0,246.2984766960144
1.97,0,246.31548023223877
2.11,0,246.33148384094238
2.24,-1,246.34848809242249
2.39,-1,246.36544966697693
2.53,-1,246.38245272636414
2.53,-1,246.39919304847717
2.69,-1,246.41619753837585
2.84,-1,246.43320178985596
3.01,-1,246.45020484924316
3.17,-1,246.4672086238861
3.34,-1,246.4842131137848
3.52,-1,246.5012285709381
3.52,-1,246.51822185516357
3.7,-1,246.53522562980652
3.87,-1,246.55208253860474
4.04,-1,246.56914925575256
4.2,-1,246.58615279197693
0.0,1,246.83593273162842
0.0,1,246.8519275188446
0.01,1,246.86892437934875
0.01,1,246.88592791557312
0.02,1,246.90293669700623
0.03,1,246.91994047164917
0.03,1,246.93694472312927
0.04,1,246.95393538475037
0.06,1,246.97045803070068
0.08,1,246.9874620437622
0.1,1,247.00448036193848
0.12,1,247.02148413658142
0.12,1,247.03848814964294
0.15,1,247.05549120903015
0.17,1,247.07149529457092
0.2,1,247.08849954605103
0.24,1,247.10550260543823
0.27,1,247.12150740623474
0.27,1,247.13851070404053
0.31,1,247.15551471710205
0.35,1,247.17251801490784
0.39,1,247.1885211467743
0.43,1,247.20552611351013
0.48,1,247.22252941131592
0.48,1,247.23853302001953
0.53,0,247.2555365562439
0.58,0,247.27255868911743
0.64,0,247.28956246376038
0.69,0,247.305566072464
0.75,0,247.32256984710693
0.81,0,247.33957386016846
0.81,0,247.35557746887207
0.87,0,247.37358164787292
0.94,0,247.3895845413208
1.01,0,247.4065887928009
1.09,0,247.42359256744385
1.17,0,247.44059658050537
1.17,0,247.45659971237183
1.24,0,247.4736042022705
1.32,0,247.4906075000763
1.4,0,247.50761127471924
1.49,0,247.52461528778076
1.58,0,247.5406186580658
1.58,0,247.55762243270874
1.68,0,247.57462692260742
1.79,0,247.59229946136475
1.9,0,247.6086344718933
2.01,-1,247.62563753128052
2.11,-1,247.64264225959778
2.21,-1,247.65964603424072
2.21,-1,247.6766495704651
2.31,-1,247.69365334510803
2.41,-1,247.71017408370972
2.5,-1,247.72716689109802
2.59,-1,247.74417090415955
2.69,-1,247.76117491722107
2.69,-1,247.77817797660828
2.8,-1,247.79518222808838
2.91,-1,247.81218552589417
3.03,-1,247.82818961143494
3.15,-1,247.84519362449646
3.28,-1,247.86219763755798
3.28,-1,247.8792016506195
3.42,-1,247.8962049484253
3.56,-1,247.91320848464966
3.71,-1,247.93021249771118
0.0,1,248.15826320648193
0.0,1,248.1756796836853
0.01,1,248.19227170944214
0.02,1,248.20927500724792
0.04,1,248.22627878189087
0.06,1,248.24328231811523
0.07,1,248.26028609275818
0.07,1,248.2762906551361
0.09,1,248.29429411888123
0.12,1,248.310298204422
0.14,1,248.32680988311768
0.18,1,248.34383344650269
0.21,1,248.3603401184082
0.21,1,248.3773353099823
0.24,1,248.3933389186859
0.26,1,248.41125631332397
0.28,1,248.4272825717926
0.3,1,248.44427871704102
0.31,1,248.46128273010254
0.31,1,248.47829818725586
0.32,1,248.4953019618988
0.32,1,248.51130604743958
0.32,1,248.52830982208252
0.33,1,248.54531383514404
0.34,1,248.56231713294983
0.34,1,248.57932090759277
0.36,1,248.5963249206543
0.38,1,248.61332845687866
0.4,1,248.62933254241943
0.43,1,248.64633560180664
0.47,0,248.66333961486816
0.51,0,248.67934346199036
0.51,0,248.69634747505188
0.54,0,248.71335077285767
0.58,0,248.73035502433777
0.61,0,248.7473590373993
0.63,0,248.76436305046082
0.66,0,248.78136706352234
0.66,0,248.7983705997467
0.67,0,248.81537413597107
0.68,0,248.831378698349
0.69,0,248.84838199615479
0.69,0,248.86538529396057
0.69,0,248.88238954544067
0.69,0,248.89939284324646
0.69,0,248.9163966178894
0.7,0,248.93340063095093
0.72,0,248.9504041671753
0.73,0,248.9674084186554
0.73,0,248.9844126701355
0.74,0,249.00141668319702
0.74,0,249.01841950416565
0.76,0,249.0354449748993
0.78,0,249.0524275302887
0.81,0,249.06943130493164
0.84,0,249.08643460273743
0.87,0,249.10343861579895
0.91,0,249.12024641036987
0.91,0,249.13724970817566
0.95,0,249.1542525291443
0.98,0,249.17025589942932
1.01,0,249.18725967407227
1.04,0,249.2042636871338
1.06,0,249.2202672958374
1.06,0,249.2372715473175
1.07,0,249.25427532196045
1.08,0,249.27127981185913
1.09,0,249.28828310966492
1.1,0,249.30528736114502
1.11,0,249.32229137420654
1.11,0,249.3392949104309
1.12,0,249.35629773139954
1.11,0,249.3723020553589
1.11,-1,249.38930583000183
1.1,-1,249.4063093662262
1.08,-1,249.42331337928772
1.07,-1,249.44031715393066
1.07,-1,249.45632123947144
1.04,-1,249.4743251800537
1.01,-1,249.49032855033875
0.98,-1,249.50733280181885
0.94,-1,249.52433586120605
0.9,-1,249.54033970832825
0.9,-1,249.55734372138977
0.85,-1,249.57434701919556
0.79,-1,249.5913507938385
0.73,-1,249.60835480690002
0.67,-1,249.62579226493835
0.61,-1,249.64236330986023
0.61,-1,249.65936708450317
0.55,-1,249.67637085914612
0.48,-1,249.69337463378906
0.41,-1,249.70937824249268
0.34,-1,249.7263810634613
0.26,-1,249.74338507652283
0.18,-1,249.76039004325867
0.18,-1,249.77739334106445
0.11,-1,249.79439663887024
0.05,-1,249.81140089035034
-0.02,-1,249.82740378379822
-0.08,-1,249.84440803527832
-0.13,-1,249.86141300201416
-0.13,-1,249.87841653823853
-0.19,-1,249.89541935920715
-0.24,-1,249.91242384910583
-0.29,-1,249.9294273853302
-0.34,-1,249.94643115997314
0.0,1,250.20346903800964
0.0,1,250.22047305107117
0.0,1,250.2374768257141
0.02,1,250.2544810771942
0.03,1,250.27148485183716
0.05,1,250.28848910331726
0.08,1,250.30549120903015
0.1,1,250.32249760627747
0.14,1,250.33949971199036
0.14,1,250.3555040359497
0.18,1,250.37350869178772
0.22,1,250.38951134681702
0.27,1,250.40651488304138
0.32,1,250.42251896858215
0.38,1,250.43952226638794
0.38,1,250.45552587509155
0.44,1,250.4725296497345
0.5,1,250.48953318595886
0.56,0,250.5065369606018
0.63,0,250.52254056930542
0.7,0,250.5395450592041
0.7,0,250.55554819107056
0.78,0,250.57255220413208
0.86,0,250.58955597877502
0.94,0,250.6065595149994
1.02,0,250.6235635280609
1.09,0,250.64056754112244
1.09,0,250.65657091140747
1.16,0,250.67457485198975
1.23,0,250.69057846069336
1.29,0,250.70758199691772
1.34,0,250.7245864868164
1.38,0,250.74058961868286
1.38,0,250.75759410858154
1.4,0,250.7745521068573
1.42,0,250.79055643081665
1.44,0,250.80755972862244
1.46,0,250.82456374168396
1.48,0,250.84156727790833
1.48,0,250.85757184028625
1.49,0,250.87457537651062
1.5,0,250.89157915115356
1.52,0,250.90858244895935
1.54,0,250.92578864097595
1.56,0,250.94258975982666
1.58,0,250.95959448814392
1.58,0,250.9758586883545
1.61,0,250.99265098571777
1.63,-1,251.00960540771484
1.66,-1,251.02660870552063
1.7,-1,251.04361271858215
1.73,-1,251.06061625480652
1.73,-1,251.07762098312378
1.77,-1,251.09462428092957
1.81,-1,251.1116292476654
1.85,-1,251.1276319026947
1.89,-1,251.14463567733765
1.94,-1,251.161639213562
1.94,-1,251.1776430606842
1.98,-1,251.19464707374573
2.03,-1,251.21165013313293
2.08,-1,251.22865414619446
2.12,-1,251.24465799331665
2.17,-1,251.2616617679596
2.17,-1,251.2776653766632
2.22,-1,251.29467010498047
2.28,-1,251.3116738796234
2.33,-1,251.32867693901062
2.4,-1,251.34568095207214
2.46,-1,251.3626847267151
2.54,-1,251.37970066070557
0.0,1,251.64735317230225
0.0,1,251.66435742378235
0.01,1,251.68138647079468
0.01,1,251.69839143753052
0.02,1,251.71565866470337
0.04,1,251.73250007629395
0.05,1,251.74916124343872
0.08,1,251.7658462524414
0.11,1,251.7828652858734
0.16,1,251.80038022994995
0.16,1,251.81637835502625
0.2,1,251.8333821296692
0.25,1,251.85038542747498
0.3,1,251.8673894405365
0.35,1,251.88439416885376
0.41,1,251.9013979434967
0.41,1,251.91840434074402
0.46,1,251.9354076385498
0.52,0,251.951411485672
0.59,0,251.96841549873352
0.65,0,251.9854187965393
0.72,0,252.00242280960083
0.72,0,252.0179419517517
0.79,0,252.03494596481323
0.86,0,252.05194997787476
0.93,0,252.06895351409912
1.01,0,252.08595824241638
1.09,0,252.10296082496643
1.09,0,252.11897015571594
1.17,0,252.13597297668457
1.27,0,252.15297746658325
1.37,0,252.16898107528687
1.49,0,252.1859838962555
1.61,0,252.20298838615417
1.73,0,252.21999168395996
1.73,0,252.23699569702148
1.87,0,252.25399923324585
2.02,0,252.2710030078888
2.17,-1,252.28800773620605
2.32,-1,252.30501103401184
2.47,-1,252.32201552391052
2.47,-1,252.33801817893982
2.63,-1,252.3560230731964
2.79,-1,252.37302589416504
2.95,-1,252.39002990722656
3.12,-1,252.40603399276733
3.28,-1,252.42271208763123
3.45,-1,252.439715385437
3.45,-1,252.45571970939636
3.63,-1,252.47372388839722
3.82,-1,252.48972725868225
4.02,-1,252.50673055648804
4.22,-1,252.52373456954956
0.0,1,252.80502247810364
0.0,1,252.82202577590942
0.0,1,252.83802938461304
0.01,1,252.85503363609314
0.02,1,252.87203764915466
0.03,1,252.8890414237976
0.04,1,252.90604448318481
0.05,1,252.92204880714417
0.05,1,252.93905210494995
0.07,1,252.95605611801147
0.09,1,252.97305941581726
0.11,1,252.99006390571594
0.14,1,253.00606751441956
0.16,1,253.02307391166687
0.16,1,253.03907752037048
0.19,1,253.056081533432
0.23,1,253.07276034355164
0.26,1,253.08976364135742
0.3,1,253.10598635673523
0.34,1,253.12298893928528
0.38,1,253.13999342918396
0.38,1,253.15599632263184
0.43,1,253.174001455307
0.48,1,253.19000363349915
0.53,0,253.20700812339783
0.58,0,253.22401309013367
0.63,0,253.24101567268372
0.63,0,253.2570195198059
0.68,0,253.27402353286743
0.73,0,253.2910270690918
0.79,0,253.30791306495667
0.85,0,253.3249168395996
0.91,0,253.34260892868042
0.91,0,253.3589255809784
0.97,0,253.37592792510986
1.04,0,253.3929316997528
1.11,0,253.40893578529358
1.18,0,253.42612671852112
1.25,0,253.44185423851013
1.25,0,253.4588587284088
1.33,0,253.47586226463318
1.41,0,253.49274826049805
1.49,0,253.50875186920166
1.58,0,253.52626085281372
1.68,0,253.54376983642578
1.78,0,253.56076407432556
1.78,0,253.5777668952942
1.88,0,253.59520626068115
1.99,-1,253.61119890213013
2.11,-1,253.6282021999359
2.22,-1,253.64520573616028
2.35,-1,253.66192269325256
2.35,-1,253.67792654037476
2.48,-1,253.69493007659912
2.61,-1,253.71193408966064
2.75,-1,253.72844195365906
2.9,-1,253.74544620513916
3.05,-1,253.76244974136353
3.05,-1,253.77845358848572
3.22,-1,253.79545736312866
3.39,-1,253.8119478225708
3.56,-1,253.8289451599121
3.72,-1,253.84594798088074
3.88,-1,253.86295199394226
0.0,1,254.12712478637695
0.0,1,254.14412879943848
0.01,1,254.1611328125
0.01,1,254.1771364212036
0.01,1,254.19413995742798
0.02,1,254.2111439704895
0.04,1,254.22815108299255
0.05,1,254.24415493011475
0.07,1,254.2611587047577
0.07,1,254.27716255187988
0.09,1,254.29416632652283
0.11,1,254.3111708164215
0.13,1,254.32817721366882
0.16,1,254.34518122673035
0.19,1,254.3615846633911
0.19,1,254.37858295440674
0.22,1,254.39558601379395
0.25,1,254.4125907421112
0.29,1,254.42859435081482
0.33,1,254.44559812545776
0.37,1,254.4626021385193
0.42,1,254.4796061515808
0.42,1,254.49660968780518
0.46,1,254.5136137008667
0.51,0,254.53061747550964
0.57,0,254.54662108421326
0.62,0,254.56362509727478
0.68,0,254.58014059066772
0.68,0,254.59713768959045
0.74,0,254.61414122581482
0.8,0,254.63114476203918
0.86,0,254.6481487751007
0.93,0,254.6647548675537
1.0,0,254.68142342567444
1.0,0,254.69742679595947
1.05,0,254.71512937545776
1.1,0,254.73213481903076
1.15,0,254.7491385936737
1.21,0,254.7661964893341
1.26,0,254.78318905830383
1.31,0,254.80020451545715
1.31,0,254.81728434562683
1.36,0,254.83428764343262
1.4,0,254.85116386413574
1.44,0,254.8681936264038
1.48,0,254.88434553146362
1.5,0,254.90135216712952
1.5,0,254.9185230731964
1.52,0,254.935471534729
1.52,0,254.95211505889893
1.52,0,254.96911907196045
1.5,0,254.98612308502197
1.48,0,255.00312733650208
1.46,0,255.02013039588928
1.46,0,255.03713464736938
1.44,0,255.0541377067566
1.44,0,255.07014203071594
1.44,0,255.0871458053589
1.46,-1,255.1041488647461
1.48,-1,255.12115263938904
1.48,-1,255.13815665245056
1.51,-1,255.15516018867493
1.54,-1,255.17216444015503
1.57,-1,255.1891679763794
1.6,-1,255.2061722278595
1.62,-1,255.22317576408386
1.62,-1,255.23917961120605
1.63,-1,255.25618362426758
1.64,-1,255.2731876373291
1.65,-1,255.2901909351349
1.66,-1,255.3071961402893
1.68,-1,255.32390308380127
1.71,-1,255.3409068584442
1.71,-1,255.35791158676147
1.74,-1,255.37491464614868
1.77,-1,255.3919186592102
1.81,-1,255.408921957016
1.85,-1,255.42607951164246
1.89,-1,255.44292998313904
1.94,-1,255.45993375778198
1.94,-1,255.47609281539917
1.99,-1,255.49294137954712
2.05,-1,255.50994515419006
0.0,1,255.7620189189911
0.0,1,255.77802205085754
0.02,1,255.79502630233765
0.04,1,255.81203055381775
0.07,1,255.82903385162354
0.11,1,255.8460373878479
0.16,1,255.86304259300232
0.16,1,255.87904453277588
0.22,1,255.89605021476746
0.3,1,255.91305470466614
0.38,1,255.9300582408905
0.46,1,255.94706296920776
0.56,0,255.96420407295227
0.66,0,255.9812080860138
0.66,0,255.9972116947174
0.77,0,256.0150740146637
0.88,0,256.0310778617859
0.99,0,256.04808139801025
1.11,0,256.06489753723145
1.22,0,256.08190155029297
1.22,0,256.09890508651733
1.34,0,256.1159083843231
1.47,0,256.1329119205475
1.61,0,256.15101766586304
1.75,0,256.1670105457306
1.89,0,256.18401408195496
2.02,0,256.2010178565979
2.02,0,256.21802163124084
2.17,0,256.2350251674652
2.32,-1,256.2510290145874
2.47,-1,256.2680332660675
2.62,-1,256.28503680229187
2.77,-1,256.3020405769348
2.77,-1,256.31904435157776
2.93,-1,256.3360483646393
3.09,-1,256.3520519733429
3.25,-1,256.369056224823
3.42,-1,256.3860590457916
3.58,-1,256.402410030365
3.58,-1,256.41941380500793
3.75,-1,256.43641686439514
3.92,-1,256.45292019844055
4.1,-1,256.4699227809906
4.27,-1,256.486745595932
0.0,1,256.7395267486572
0.0,1,256.75653076171875
0.02,1,256.77353501319885
0.04,1,256.79053831100464
0.07,1,256.80754232406616
0.11,1,256.824068069458
0.16,1,256.84107184410095
0.16,1,256.85708498954773
0.22,1,256.87466835975647
0.3,1,256.89167165756226
0.38,1,256.90866112709045
0.46,1,256.926069021225
0.56,0,256.94266843795776
0.66,0,256.95967292785645
0.66,0,256.97644329071045
0.78,0,256.99368047714233
0.91,0,257.0096833705902
1.05,0,257.0266878604889
1.19,0,257.04426097869873
1.34,0,257.06098461151123
1.34,0,257.0769832134247
1.51,0,257.0935273170471
1.69,0,257.11118030548096
1.87,0,257.12769174575806
2.06,0,257.14420199394226
2.26,-1,257.16140723228455
2.26,-1,257.1784031391144
2.46,-1,257.1954071521759
2.66,-1,257.21196389198303
2.85,-1,257.22893357276917
3.04,-1,257.245929479599
3.22,-1,257.2629442214966
3.39,-1,257.27995204925537
3.39,-1,257.29695558547974
3.57,-1,257.3139593601227
3.76,-1,257.32996249198914
3.94,-1,257.3469662666321
4.12,-1,257.36397075653076
4.31,-1,257.3805356025696
0.0,1,257.6404092311859
0.0,1,257.65741324424744
0.01,1,257.6739344596863
0.03,1,257.69093775749207
0.05,1,257.70794105529785
0.07,1,257.7249457836151
0.1,1,257.74151253700256
0.1,1,257.75751423835754
0.14,1,257.77451825141907
0.18,1,257.79152154922485
0.22,1,257.80852603912354
0.27,1,257.82553029060364
0.31,1,257.84293508529663
0.31,1,257.8589391708374
0.36,1,257.8759431838989
0.41,1,257.8929464817047
0.46,1,257.9099509716034
0.52,0,257.9269542694092
0.59,0,257.9439580440521
0.66,0,257.96096205711365
0.66,0,257.97796511650085
0.73,0,257.99498867988586
0.81,0,258.01199293136597
0.9,0,258.02893900871277
0.98,0,258.0449516773224
1.08,0,258.0619559288025
1.08,0,258.0789773464203
1.17,0,258.09596610069275
1.26,0,258.112478017807
1.35,0,258.1294856071472
1.43,0,258.14622139930725
1.51,0,258.16322588920593
1.59,0,258.1792297363281
1.59,0,258.1962332725525
1.68,0,258.2132394313812
1.78,0,258.2302436828613
1.88,0,258.2462475299835
1.98,0,258.2632563114166
2.09,-1,258.28028106689453
2.09,-1,258.2972640991211
2.21,-1,258.3143129348755
2.33,-1,258.33131670951843
2.45,-1,258.3483211994171
2.58,-1,258.3649845123291
2.72,-1,258.3819878101349
2.72,-1,258.39899134635925
2.86,-1,258.4159948825836
3.01,-1,258.43199920654297
3.15,-1,258.44900274276733
3.3,-1,258.466007232666
3.45,-1,258.48301100730896
3.6,-1,258.49968004226685
3.6,-1,258.5163006782532
3.76,-1,258.53330659866333
3.92,-1,258.5503103733063
0.0,1,258.80748748779297
0.0,1,258.82439517974854
-0.01,1,258.8413987159729
-0.01,1,258.8584020137787
0.0,1,258.8751275539398
0.01,1,258.8927767276764
0.02,1,258.9091353416443
0.04,1,258.92570400238037
0.06,1,258.9427077770233
0.06,1,258.95871138572693
0.09,1,258.9764769077301
0.13,1,258.9932699203491
0.17,1,259.0097224712372
0.21,1,259.0267262458801
0.25,1,259.0437297821045
0.3,1,259.060733795166
0.3,1,259.07673740386963
0.36,1,259.0937411785126
0.42,1,259.1107451915741
0.49,1,259.1277494430542
0.56,0,259.1452600955963
0.63,0,259.16226291656494
0.63,0,259.1792664527893
0.68,0,259.1962707042694
0.74,0,259.21327471733093
0.79,0,259.23027873039246
0.83,0,259.24628162384033
0.88,0,259.26367378234863
0.92,0,259.28067684173584
0.92,0,259.2976803779602
0.96,0,259.31468510627747
1.01,0,259.3316888809204
1.06,0,259.34869265556335
1.11,0,259.3652129173279
1.17,0,259.38221645355225
1.17,0,259.39822030067444
1.24,0,259.4158296585083
1.31,0,259.4318335056305
1.38,0,259.44883704185486
1.46,0,259.4658405780792
1.54,0,259.48284435272217
1.63,0,259.49984765052795
1.63,0,259.5168523788452
1.72,0,259.5338559150696
1.82,0,259.5498597621918
1.92,0,259.5668625831604
2.01,-1,259.5838670730591
2.11,-1,259.6008710861206
2.11,-1,259.61787462234497
2.22,-1,259.6348774433136
2.32,-1,259.65188241004944
2.42,-1,259.6688849925995
2.51,-1,259.68588972091675
2.59,-1,259.70289397239685
2.67,-1,259.71989822387695
2.67,-1,259.7369010448456
2.77,-1,259.75390458106995
2.87,-1,259.7699091434479
2.97,-1,259.78691244125366
3.08,-1,259.8039162158966
3.19,-1,259.81992053985596
3.19,-1,259.8369233608246
3.31,-1,259.8539283275604
3.44,-1,259.8709316253662
3.57,-1,259.886935710907
0.0,1,260.1414339542389
0.0,1,260.1584379673004
0.02,1,260.1749815940857
0.04,1,260.19204664230347
0.07,1,260.20905017852783
0.11,1,260.2263011932373
0.16,1,260.24305844306946
0.22,1,260.26064014434814
0.22,1,260.2771427631378
0.29,1,260.2941505908966
0.37,1,260.3101546764374
0.46,1,260.327157497406
0.55,0,260.34416127204895
0.66,0,260.3606882095337
0.66,0,260.37728786468506
0.76,0,260.3944480419159
0.88,0,260.41145181655884
1.0,0,260.4284727573395
1.14,0,260.4454617500305
1.28,0,260.4624652862549
1.42,0,260.4794704914093
1.42,0,260.49647307395935
1.56,0,260.5134770870209
1.7,0,260.530481338501
1.83,0,260.54648518562317
1.96,0,260.5634891986847
2.09,0,260.58049273490906
2.09,0,260.59749603271484
2.23,-1,260.6143443584442
2.38,-1,260.6313486099243
2.53,-1,260.64835238456726
2.69,-1,260.6653561592102
2.86,-1,260.682359457016
2.86,-1,260.6993634700775
3.04,-1,260.7159652709961
3.23,-1,260.7329685688019
3.42,-1,260.749972820282
3.62,-1,260.76697611808777
3.83,-1,260.7839801311493
4.03,-1,260.8009841442108
4.03,-1,260.8179883956909
4.24,-1,260.8349931240082
4.45,-1,260.85199546813965
0.0,1,261.1085014343262
0.0,1,261.1257576942444
0.0,1,261.1434278488159
-0.01,1,261.15997648239136
-0.01,1,261.1762776374817
-0.02,1,261.19357442855835
-0.04,1,261.2095787525177
-0.06,1,261.226842880249
-0.09,1,261.24284625053406
-0.12,1,261.25985074043274
-0.12,1,261.2765188217163
-0.15,1,261.29374408721924
-0.2,1,261.3097484111786
-0.24,1,261.32660031318665
-0.29,1,261.34343361854553
-0.35,1,261.3604371547699
-0.35,1,261.3764069080353
-0.41,1,261.39341044425964
-0.47,1,261.41041469573975
-0.54,0,261.42731523513794
-0.62,0,261.4443190097809
-0.7,0,261.46139764785767
-0.7,0,261.4773874282837
-0.78,0,261.49439096450806
-0.87,0,261.51183581352234
-0.97,0,261.52874660491943
-1.06,0,261.5456624031067
-1.17,0,261.561940908432
-1.17,0,261.5789318084717
-1.28,0,261.5963547229767
-1.39,0,261.61226534843445
-1.51,0,261.62926054000854
-1.63,0,261.6462640762329
-1.76,0,261.6632676124573
-1.89,0,261.6802716255188
-1.89,0,261.6962752342224
-2.02,0,261.71427845954895
-2.15,-1,261.7302825450897
-2.28,-1,261.74728655815125
-2.41,-1,261.76385974884033
-2.55,-1,261.7808635234833
-2.55,-1,261.7978672981262
-2.68,-1,261.8148708343506
-2.8,-1,261.8308746814728
-2.93,-1,261.8478786945343
-3.04,-1,261.86488223075867
-3.16,-1,261.8818860054016
-3.16,-1,261.8988904953003
-3.26,-1,261.91589403152466
-3.37,-1,261.9328978061676
-3.47,-1,261.94990062713623
-3.58,-1,261.96690487861633
-3.7,-1,261.98390889167786
-3.81,-1,262.0009124279022
0.0,1,262.276483297348
0.0,1,262.2934880256653
-0.01,1,262.3104918003082
-0.02,1,262.3274953365326
-0.04,1,262.3441767692566
-0.06,1,262.3611743450165
-0.06,1,262.3771781921387
-0.09,1,262.39418172836304
-0.12,1,262.41071343421936
-0.16,1,262.4277205467224
-0.2,1,262.44471883773804
-0.24,1,262.46172285079956
-0.24,1,262.47872734069824
-0.29,1,262.49573040008545
-0.35,1,262.51273369789124
-0.41,1,262.52973890304565
-0.47,1,262.54674220085144
-0.53,0,262.56374526023865
-0.6,0,262.58074927330017
-0.6,0,262.5977530479431
-0.68,0,262.6147563457489
-0.76,0,262.6307611465454
-0.84,0,262.6477644443512
-0.91,0,262.66441535949707
-0.99,0,262.68142008781433
-0.99,0,262.6984224319458
-1.08,0,262.7150909900665
-1.17,0,262.73209500312805
-1.27,0,262.7490985393524
-1.37,0,262.7661020755768
-1.47,0,262.7831058502197
-1.58,0,262.80010986328125
-1.58,0,262.8161132335663
-1.7,0,262.8331172466278
-1.82,0,262.8501205444336
-1.94,0,262.8671245574951
-2.07,0,262.88412833213806
-2.19,-1,262.90013217926025
-2.19,-1,262.9171361923218
-2.3,-1,262.9341404438019
-2.4,-1,262.95114398002625
-2.49,-1,262.96814727783203
-2.58,-1,262.9851658344269
-2.66,-1,263.00217056274414
-2.66,-1,263.0191743373871
-2.73,-1,263.0361773967743
-2.79,-1,263.053181886673
-2.85,-1,263.0698301792145
-2.9,-1,263.08683371543884
-2.95,-1,263.10383796691895
-3.0,-1,263.1208415031433
-3.0,-1,263.1373522281647
-3.04,-1,263.15435457229614
-3.07,-1,263.17135787010193
-3.1,-1,263.18836212158203
-3.11,-1,263.205365896225
-3.13,-1,263.22136926651
0.0,1,263.4763650894165
-0.01,1,263.49316239356995
-0.02,1,263.5101652145386
-0.05,1,263.5266749858856
-0.08,1,263.5437021255493
-0.12,1,263.5606997013092
-0.12,1,263.57770323753357
-0.18,1,263.59461188316345
-0.24,1,263.6116292476654
-0.31,1,263.62763261795044
-0.39,1,263.6446373462677
-0.48,1,263.66164112091064
-0.48,1,263.678644657135
-0.58,0,263.69515585899353
-0.7,0,263.71215987205505
-0.82,0,263.7291638851166
-0.94,0,263.7461678981781
-1.08,0,263.76333475112915
-1.22,0,263.7803382873535
-1.22,0,263.79734206199646
-1.38,0,263.8138506412506
-1.55,0,263.8313584327698
-1.73,0,263.8473629951477
-1.91,0,263.86436700820923
-2.09,0,263.8813705444336
-2.09,0,263.8983747959137
-2.27,-1,263.91537833213806
-2.46,-1,263.9313814640045
-2.66,-1,263.94838666915894
-2.85,-1,263.96538949012756
-3.04,-1,263.98239398002625
-3.04,-1,263.99939703941345
-3.22,-1,264.0164005756378
-3.42,-1,264.0334048271179
-3.61,-1,264.05040860176086
-3.81,-1,264.0669538974762
-4.02,-1,264.08395743370056
-4.22,-1,264.10096168518066
-4.22,-1,264.11696434020996
-4.44,-1,264.1339681148529
0.0,1,264.3983418941498
-0.01,1,264.41531205177307
-0.02,1,264.432315826416
-0.05,1,264.44931864738464
-0.08,1,264.46577048301697
-0.12,1,264.4829225540161
-0.17,1,264.49956011772156
-0.17,1,264.51618456840515
-0.23,1,264.53318905830383
-0.3,1,264.5501928329468
-0.38,1,264.5671956539154
-0.47,1,264.58420062065125
-0.57,0,264.6012041568756
-0.57,0,264.61720728874207
-0.68,0,264.63521122932434
-0.8,0,264.65121507644653
-0.93,0,264.6682183742523
-1.06,0,264.6852226257324
-1.2,0,264.7022268772125
-1.2,0,264.7192301750183
-1.36,0,264.73623394966125
-1.52,0,264.7532408237457
-1.7,0,264.7702445983887
-1.88,0,264.78724813461304
-2.06,0,264.80425357818604
-2.26,-1,264.8212571144104
-2.26,-1,264.838259935379
-2.47,-1,264.8552634716034
-2.68,-1,264.87226819992065
-2.89,-1,264.88927125930786
-3.09,-1,264.90627551078796
-3.28,-1,264.92327880859375
-3.47,-1,264.94028306007385
-3.47,-1,264.9572865962982
-3.64,-1,264.97376704216003
-3.8,-1,264.9907703399658
-3.96,-1,265.00777435302734
-4.12,-1,265.02379631996155
-4.27,-1,265.04079937934875
0.0,1,265.2888548374176
0.01,1,265.30585861206055
0.02,1,265.3224346637726
0.02,1,265.3384382724762
0.06,1,265.35544204711914
0.1,1,265.3724453449249
0.14,1,265.38944959640503
0.2,1,265.406453371048
0.26,1,265.42309951782227
0.34,1,265.43978691101074
0.34,1,265.4557890892029
0.42,1,265.4727931022644
0.52,0,265.49034094810486
0.62,0,265.5063445568085
0.74,0,265.5233488082886
0.86,0,265.5403530597687
0.86,0,265.556355714798
0.99,0,265.57435965538025
1.14,0,265.590363740921
1.29,0,265.6073668003082
1.45,0,265.62437105178833
1.62,0,265.64137506484985
1.62,0,265.6583790779114
1.8,0,265.67538261413574
1.98,0,265.6923859119415
2.16,0,265.7093896865845
2.34,-1,265.7269186973572
2.53,-1,265.7432475090027
2.73,-1,265.75992584228516
2.73,-1,265.7766344547272
2.92,-1,265.7939338684082
3.12,-1,265.8099377155304
3.33,-1,265.82694149017334
3.55,-1,265.84394574165344
3.77,-1,265.86094856262207
3.77,-1,265.8779528141022
4.01,-1,265.8949565887451
4.26,-1,265.9119601249695
4.51,-1,265.9279637336731
0.0,1,266.1772003173828
0.01,1,266.19420433044434
0.02,1,266.21120858192444
0.05,1,266.2282121181488
0.08,1,266.2452161312103
0.12,1,266.26122879981995
0.12,1,266.27822613716125
0.16,1,266.29523062705994
0.21,1,266.3117461204529
0.26,1,266.3287434577942
0.32,1,266.34476256370544
0.39,1,266.3622901439667
0.39,1,266.379355430603
0.44,1,266.3956398963928
0.48,1,266.41326570510864
0.53,0,266.4302694797516
0.58,0,266.44727301597595
0.65,0,266.4642770290375
0.72,0,266.481281042099
0.72,0,266.49828457832336
0.79,0,266.5149812698364
0.86,0,266.53198504447937
0.95,0,266.54898858070374
1.04,0,266.5659935474396
1.15,0,266.5829963684082
1.26,0,266.59999990463257
1.26,0,266.6170039176941
1.38,0,266.6340072154999
1.52,0,266.65101170539856
1.66,0,266.66757249832153
1.81,0,266.68408036231995
1.97,0,266.70070457458496
1.97,0,266.7177085876465
2.14,0,266.734712600708
2.32,-1,266.75171637535095
2.5,-1,266.7687199115753
2.66,-1,266.78572392463684
2.82,-1,266.80272817611694
2.82,-1,266.8187310695648
2.98,-1,266.83573484420776
3.13,-1,266.85273909568787
3.29,-1,266.86932611465454
3.43,-1,266.8863298892975
3.57,-1,266.9033341407776
3.71,-1,266.92033886909485
3.71,-1,266.9373412132263
3.84,-1,266.95434522628784
3.96,-1,266.97134923934937
0.0,1,267.21159839630127
0.0,1,267.2281074523926
-0.01,1,267.24510526657104
-0.02,1,267.2621121406555
-0.02,1,267.27811670303345
-0.03,1,267.29612016677856
-0.04,1,267.3121237754822
-0.06,1,267.3291277885437
-0.08,1,267.3461320400238
-0.1,1,267.36264181137085
-0.13,1,267.3791673183441
-0.13,1,267.39617109298706
-0.17,1,267.41317486763
-0.21,1,267.4301791191101
-0.25,1,267.4471836090088
-0.3,1,267.4641869068146
-0.35,1,267.4811906814575
-0.35,1,267.49819445610046
-0.41,1,267.51519870758057
-0.48,1,267.53220224380493
-0.54,0,267.5492057800293
-0.62,0,267.5652093887329
-0.7,0,267.5822260379791
-0.7,0,267.59923005104065
-0.79,0,267.616233587265
-0.9,0,267.6332371234894
-1.0,0,267.6502408981323
-1.12,0,267.6672441959381
-1.23,0,267.68324851989746
-1.35,0,267.7002522945404
-1.35,0,267.71725702285767
-1.48,0,267.73425936698914
-1.62,0,267.7512638568878
-1.77,0,267.768266916275
-1.93,0,267.78527092933655
-2.09,0,267.80227541923523
-2.09,0,267.819278717041
-2.27,-1,267.8362829685211
-2.46,-1,267.85328674316406
-2.66,-1,267.86928963661194
-2.86,-1,267.88629364967346
-3.07,-1,267.90329813957214
-3.29,-1,267.9203016757965
-3.29,-1,267.93730545043945
-3.53,-1,267.9543092250824
-3.77,-1,267.9713134765625
-4.02,-1,267.9883162975311
-4.28,-1,268.00525522232056
-4.55,-1,268.0222587585449
0.0,1,268.26773977279663
0.0,1,268.28374338150024
-0.01,1,268.30074739456177
-0.01,1,268.31740069389343
-0.03,1,268.3344042301178
-0.05,1,268.350955247879
-0.07,1,268.3679585456848
-0.1,1,268.3849627971649
-0.13,1,268.40196681022644
-0.13,1,268.4189705848694
-0.17,1,268.43597507476807
-0.22,1,268.45197796821594
-0.26,1,268.46898198127747
-0.32,1,268.48598527908325
-0.37,1,268.50298953056335
-0.43,1,268.519567489624
-0.43,1,268.53657126426697
-0.5,1,268.55357575416565
-0.57,0,268.57009768486023
-0.65,0,268.5871021747589
-0.73,0,268.6041054725647
-0.81,0,268.6211097240448
-0.81,0,268.6377034187317
-0.9,0,268.65470695495605
-1.0,0,268.6717109680176
-1.1,0,268.68771481513977
-1.2,0,268.70471811294556
-1.31,0,268.7213649749756
-1.31,0,268.7380380630493
-1.44,0,268.75504207611084
-1.57,0,268.7720458507538
-1.71,0,268.7940504550934
-1.86,0,268.8070538043976
-2.01,0,268.82256150245667
-2.01,0,268.83917236328125
-2.18,-1,268.8561758995056
-2.36,-1,268.872683763504
-2.55,-1,268.88968777656555
-2.75,-1,268.9066915512085
-2.95,-1,268.9232454299927
-3.16,-1,268.94024991989136
-3.16,-1,268.95725321769714
-3.39,-1,268.9742567539215
-3.63,-1,268.99126052856445
-3.87,-1,269.0082643032074
-4.12,-1,269.0252721309662
-4.38,-1,269.0422761440277
-4.38,-1,269.0592794418335
-4.66,-1,269.075790643692
0.0,1,269.3233554363251
0.0,1,269.3393578529358
0.0,1,269.3563618659973
0.01,1,269.3733651638031
0.02,1,269.3903694152832
0.03,1,269.40737295150757
0.04,1,269.4243767261505
0.05,1,269.44138050079346
0.05,1,269.45738458633423
0.07,1,269.4743890762329
0.09,1,269.49139189720154
0.11,1,269.50839591026306
0.14,1,269.525399684906
0.16,1,269.5424027442932
0.16,1,269.55940675735474
0.19,1,269.57582688331604
0.22,1,269.5928008556366
0.26,1,269.6098048686981
0.29,1,269.62705302238464
0.33,1,269.6437101364136
0.37,1,269.66021752357483
0.37,1,269.6770169734955
0.42,1,269.6942253112793
0.46,1,269.71030139923096
0.51,0,269.72738456726074
0.56,0,269.7443883419037
0.61,0,269.76139187812805
0.61,0,269.7773952484131
0.67,0,269.79439973831177
0.73,0,269.81140327453613
0.79,0,269.8284070491791
0.84,0,269.8454110622406
0.89,0,269.86241459846497
0.89,0,269.8794186115265
0.94,0,269.89642214775085
0.98,0,269.91342639923096
1.02,0,269.93043279647827
1.06,0,269.9474368095398
1.11,0,269.96343970298767
1.17,0,269.98044419288635
1.17,0,269.99644947052
1.24,0,270.0144512653351
1.32,0,270.03045535087585
1.41,0,270.0474588871002
1.51,0,270.0644631385803
1.61,0,270.0814666748047
1.61,0,270.09847044944763
1.71,0,270.115473985672
1.82,0,270.1324830055237
1.94,0,270.1494858264923
2.05,-1,270.16648983955383
2.18,-1,270.1834943294525
2.3,-1,270.2004976272583
2.3,-1,270.21750116348267
2.44,-1,270.23425674438477
2.57,-1,270.2512605190277
2.71,-1,270.2682638168335
2.86,-1,270.28526759147644
3.0,-1,270.30227184295654
3.0,-1,270.3192756175995
3.16,-1,270.3362789154053
3.31,-1,270.3532831668854
3.46,-1,270.3702871799469
3.6,-1,270.3872902393341
3.75,-1,270.4032940864563
3.9,-1,270.4202983379364
0.0,1,270.66835379600525
0.01,1,270.6853575706482
0.02,1,270.70136070251465
0.02,1,270.71836519241333
0.06,1,270.7353687286377
0.1,1,270.75237250328064
0.14,1,270.7693762779236
0.18,1,270.78637981414795
0.23,1,270.80338406562805
0.23,1,270.81938767433167
0.28,1,270.8363926410675
0.33,1,270.853394985199
0.38,1,270.870019197464
0.44,1,270.88702273368835
0.5,1,270.90402603149414
0.56,0,270.9207158088684
0.56,0,270.93771982192993
0.62,0,270.9547231197357
0.69,0,270.97072768211365
0.76,0,270.9877305030823
0.83,0,271.0047342777252
0.9,0,271.02140378952026
0.9,0,271.03840684890747
0.97,0,271.0554111003876
1.06,0,271.0724139213562
1.15,0,271.08941769599915
1.25,0,271.1064214706421
1.36,0,271.1224250793457
1.36,0,271.13942885398865
1.48,0,271.15643286705017
1.61,0,271.1734366416931
1.74,0,271.18944025039673
1.86,0,271.2064440250397
1.98,0,271.2234237194061
2.1,0,271.24042677879333
2.1,0,271.2564311027527
2.24,-1,271.2734351158142
2.38,-1,271.2904386520386
2.53,-1,271.3064422607422
2.67,-1,271.3234462738037
2.81,-1,271.3404495716095
2.81,-1,271.3564534187317
2.95,-1,271.3734574317932
3.09,-1,271.39046120643616
3.23,-1,271.4074649810791
3.38,-1,271.42373609542847
3.52,-1,271.44074010849
3.52,-1,271.45674324035645
3.66,-1,271.47474694252014
3.8,-1,271.49075078964233
3.94,-1,271.5077545642853
0.0,1,271.7569181919098
0.0,1,271.7739107608795
-0.01,1,271.7909138202667
-0.02,1,271.8079180717468
-0.04,1,271.824476480484
-0.06,1,271.84148049354553
-0.06,1,271.85748386383057
-0.09,1,271.87548780441284
-0.12,1,271.8914911746979
-0.16,1,271.908495426178
-0.2,1,271.9254994392395
-0.25,1,271.9425024986267
-0.3,1,271.95950627326965
-0.3,1,271.9765102863312
-0.36,1,271.99377250671387
-0.42,1,272.00951766967773
-0.48,1,272.02701234817505
-0.55,0,272.0438449382782
-0.62,0,272.0605297088623
-0.62,0,272.07753324508667
-0.69,0,272.09453654289246
-0.77,0,272.1120550632477
-0.86,0,272.1280519962311
-0.94,0,272.1450562477112
-1.04,0,272.1620602607727
-1.04,0,272.17806339263916
-1.14,0,272.1950681209564
-1.24,0,272.2120711803436
-1.34,0,272.2280752658844
-1.44,0,272.2450785636902
-1.54,0,272.2615911960602
-1.54,0,272.2785906791687
-1.65,0,272.29559421539307
-1.77,0,272.31259846687317
-1.89,0,272.3296022415161
-2.01,0,272.34660625457764
-2.14,-1,272.36361050605774
-2.27,-1,272.3806140422821
-2.27,-1,272.3976180553436
-2.42,-1,272.41391921043396
-2.57,-1,272.4309232234955
-2.72,-1,272.4479274749756
-2.88,-1,272.46493101119995
-3.05,-1,272.48193550109863
-3.05,-1,272.4989387989044
-3.22,-1,272.51594281196594
-3.4,-1,272.53294563293457
-3.59,-1,272.54995012283325
-3.78,-1,272.56695318222046
-3.99,-1,272.5829575061798
-4.2,-1,272.59996151924133
0.0,1,272.84783387184143
0.0,1,272.8649249076843
-0.01,1,272.88192868232727
-0.01,1,272.8989324569702
-0.03,1,272.9158682823181
-0.06,1,272.9323766231537
-0.1,1,272.94938039779663
-0.14,1,272.9663836956024
-0.19,1,272.9833881855011
-0.25,1,273.0003914833069
-0.25,1,273.0173954963684
-0.32,1,273.03439927101135
-0.4,1,273.0504026412964
-0.48,1,273.0674066543579
-0.56,0,273.08441042900085
-0.64,0,273.10141587257385
-0.64,0,273.1179254055023
-0.72,0,273.13493156433105
-0.81,0,273.15194153785706
-0.9,0,273.1689453125
-1.0,0,273.1859493255615
-1.1,0,273.2029535770416
-1.2,0,273.219957113266
-1.2,0,273.23646545410156
-1.32,0,273.25346875190735
-1.44,0,273.27047300338745
-1.56,0,273.28748965263367
-1.7,0,273.3044967651367
-1.84,0,273.3214998245239
-1.84,0,273.3375039100647
-2.0,0,273.3545067310333
-2.16,0,273.3713707923889
-2.32,-1,273.38837456703186
-2.49,-1,273.4053783416748
-2.66,-1,273.42238187789917
-2.66,-1,273.4393861293793
-2.83,-1,273.45638942718506
-3.01,-1,273.473393201828
-3.19,-1,273.4903588294983
-3.37,-1,273.5063102245331
-3.56,-1,273.523313999176
-3.75,-1,273.54031801223755
-3.75,-1,273.5573220252991
-3.95,-1,273.5743260383606
-4.16,-1,273.5913293361664
-4.36,-1,273.60733342170715
0.0,1,273.8466987609863
-0.01,1,273.86373829841614
-0.02,1,273.8807420730591
-0.02,1,273.897745847702
-0.04,1,273.9146087169647
-0.06,1,273.9316306114197
-0.1,1,273.94863414764404
-0.14,1,273.96563816070557
-0.17,1,273.98264169692993
-0.17,1,273.99864530563354
-0.2,1,274.01564931869507
-0.24,1,274.03265285491943
-0.28,1,274.04965710639954
-0.33,1,274.0666604042053
-0.38,1,274.08368134498596
-0.44,1,274.10068583488464
-0.44,1,274.1166944503784
-0.51,0,274.13369846343994
-0.59,0,274.1507022380829
-0.68,0,274.1679356098175
-0.76,0,274.1839380264282
-0.86,0,274.2009427547455
-0.86,0,274.21794533729553
-0.96,0,274.2349503040314
-1.06,0,274.2519540786743
-1.18,0,274.2687382698059
-1.29,0,274.2857427597046
-1.41,0,274.3027455806732
-1.41,0,274.318749666214
-1.54,0,274.33575320243835
-1.67,0,274.3527569770813
-1.81,0,274.36976075172424
-1.95,0,274.3862702846527
-2.09,0,274.40327405929565
-2.24,-1,274.42027759552
-2.24,-1,274.43728160858154
-2.4,-1,274.4538879394531
-2.58,-1,274.47089314460754
-2.75,-1,274.4878959655762
-2.93,-1,274.5038995742798
-3.12,-1,274.52090334892273
-3.12,-1,274.5379283428192
-3.31,-1,274.554931640625
-3.5,-1,274.5717432498932
-3.7,-1,274.58857560157776
-3.88,-1,274.60572361946106
-4.07,-1,274.62192940711975
-4.07,-1,274.63842701911926
-4.26,-1,274.65507793426514
0.0,1,274.89214158058167
0.0,1,274.90914583206177
-0.01,1,274.9261496067047
-0.02,1,274.9431538581848
-0.04,1,274.9605269432068
-0.04,1,274.9770202636719
-0.06,1,274.99402499198914
-0.09,1,275.0098090171814
-0.12,1,275.02700090408325
-0.16,1,275.0438165664673
-0.2,1,275.06082010269165
-0.2,1,275.077823638916
-0.25,1,275.0943343639374
-0.3,1,275.1111443042755
-0.36,1,275.1286664009094
-0.42,1,275.14465856552124
-0.48,1,275.16217374801636
-0.48,1,275.1781716346741
-0.55,0,275.19517517089844
-0.62,0,275.2121798992157
-0.69,0,275.2291829586029
-0.77,0,275.24618673324585
-0.84,0,275.2631907463074
-0.92,0,275.2801949977875
-0.92,0,275.2971980571747
-1.0,0,275.3142023086548
-1.09,0,275.3302056789398
-1.18,0,275.34720945358276
-1.26,0,275.3642132282257
-1.34,0,275.38121724128723
-1.34,0,275.39722180366516
-1.41,0,275.4142246246338
-1.48,0,275.43122935295105
-1.57,0,275.44823241233826
-1.65,0,275.46523690223694
-1.72,0,275.48223972320557
-1.72,0,275.49824595451355
-1.78,0,275.5152497291565
-1.84,0,275.53277254104614
-1.89,0,275.5503509044647
-1.94,0,275.56679344177246
-1.99,-1,275.58350682258606
-2.04,-1,275.6005108356476
-2.04,-1,275.6175150871277
-2.1,-1,275.63451886177063
-2.14,-1,275.65152311325073
-2.18,-1,275.66852617263794
-2.22,-1,275.6855299472809
-2.26,-1,275.7025339603424
-2.3,-1,275.71953773498535
-2.3,-1,275.73554158210754
-2.34,-1,275.7525451183319
-2.38,-1,275.7695496082306
-2.41,-1,275.78656911849976
-2.44,-1,275.80357336997986
-2.47,-1,275.820604801178
-2.47,-1,275.83659625053406
-2.49,-1,275.853600025177
-2.51,-1,275.8706200122833
-2.53,-1,275.8876242637634
-2.55,-1,275.90462732315063
-2.56,-1,275.921644449234
-2.56,-1,275.9386477470398
-2.59,-1,275.955176115036
-2.62,-1,275.97226428985596
0.0,1,276.30791425704956
0.0,1,276.3248975276947
-0.01,1,276.3419015407562
-0.01,1,276.35790491104126
-0.03,1,276.37502670288086
-0.05,1,276.3920302391052
-0.07,1,276.40903401374817
-0.1,1,276.4263093471527
-0.13,1,276.44231390953064
-0.13,1,276.45876479148865
-0.17,1,276.47576808929443
-0.22,1,276.4927718639374
-0.26,1,276.50977635383606
-0.32,1,276.52643752098083
-0.37,1,276.5435266494751
-0.43,1,276.5604455471039
-0.43,1,276.5770802497864
-0.5,1,276.593957901001
-0.57,0,276.6099624633789
-0.65,0,276.6270020008087
-0.73,0,276.64396953582764
-0.81,0,276.660973072052
-0.81,0,276.6779770851135
-0.9,0,276.6949806213379
-1.0,0,276.711980342865
-1.1,0,276.7289843559265
-1.2,0,276.7460632324219
-1.31,0,276.76257061958313
-1.42,0,276.77957701683044
-1.42,0,276.7965819835663
-1.54,0,276.8135850429535
-1.67,0,276.83010935783386
-1.8,0,276.84709906578064
-1.93,0,276.86360692977905
-2.06,0,276.88061118125916
-2.06,0,276.8976149559021
-2.21,-1,276.9144332408905
-2.36,-1,276.93143820762634
-2.51,-1,276.94844102859497
-2.67,-1,276.9654448032379
-2.82,-1,276.98244857788086
-2.82,-1,276.9994523525238
-2.97,-1,277.0164563655853
-3.11,-1,277.0334599018097
-3.25,-1,277.0504631996155
-3.38,-1,277.0674674510956
-3.52,-1,277.0844717025757
-3.65,-1,277.1014771461487
-3.65,-1,277.1179847717285
-3.78,-1,277.13449335098267
-3.92,-1,277.1514980792999
-4.06,-1,277.16801166534424
0.0,1,277.3675711154938
0.0,1,277.38424944877625
-0.01,1,277.4002528190613
-0.01,1,277.4162564277649
-0.03,1,277.43426036834717
-0.05,1,277.4502637386322
-0.07,1,277.4672677516937
-0.1,1,277.48427152633667
-0.13,1,277.5012745857239
-0.13,1,277.5172781944275
-0.17,1,277.53428196907043
-0.22,1,277.5512869358063
-0.26,1,277.56829047203064
-0.32,1,277.58529448509216
-0.37,1,277.6022982597351
-0.37,1,277.61930108070374
-0.44,1,277.6363055706024
-0.5,0,277.65230917930603
-0.58,0,277.66931319236755
-0.65,0,277.68831729888916
-0.73,0,277.7033200263977
-0.82,0,277.72032475471497
-0.82,0,277.7363283634186
-0.91,0,277.75333189964294
-1.0,0,277.7693362236023
-1.1,0,277.7863390445709
-1.21,0,277.8033435344696
-1.32,0,277.82036566734314
-1.32,0,277.8368730545044
-1.43,0,277.85387659072876
-1.55,0,277.87039518356323
-1.68,0,277.88690400123596
-1.82,0,277.90392112731934
-1.96,0,277.92079997062683
-1.96,0,277.9378068447113
-2.1,0,277.95408725738525
-2.24,-1,277.9716987609863
-2.37,-1,277.9885799884796
-2.5,-1,278.00514960289
-2.64,-1,278.02215361595154
-2.64,-1,278.0391571521759
-2.77,-1,278.0561616420746
-2.9,-1,278.0731647014618
-3.04,-1,278.0901687145233
-3.19,-1,278.1071720123291
-3.33,-1,278.12417578697205
-3.46,-1,278.14017939567566
-3.46,-1,278.1571841239929
-3.6,-1,278.17418813705444
-3.74,-1,278.19119572639465
-3.88,-1,278.20820021629333
-4.04,-1,278.22420382499695
0.0,1,278.4842412471771
0.0,1,278.50124502182007
0.0,1,278.5172483921051
0.02,1,278.53525257110596
0.05,1,278.5522563457489
0.08,1,278.56926012039185
0.12,1,278.5862636566162
0.16,1,278.6032679080963
0.19,1,278.62028646469116
0.19,1,278.6372900009155
0.22,1,278.6542932987213
0.24,1,278.6702971458435
0.27,1,278.68730092048645
0.29,1,278.70430517196655
0.32,1,278.72130966186523
0.32,1,278.7383382320404
0.35,1,278.7553415298462
0.39,1,278.7723467350006
0.43,1,278.7883491516113
0.48,1,278.8053524494171
0.54,0,278.82235646247864
0.54,0,278.8393602371216
0.61,0,278.85636472702026
0.69,0,278.8733687400818
0.78,0,278.89037251472473
0.88,0,278.9073758125305
0.97,0,278.92438101768494
1.07,0,278.94138383865356
1.07,0,278.95738792419434
1.17,0,278.9743905067444
1.27,0,278.990394115448
1.39,0,279.00739884376526
1.51,0,279.02440214157104
1.65,0,279.04040598869324
1.65,0,279.0574097633362
1.77,0,279.0744140148163
1.89,0,279.0914170742035
2.01,0,279.10742020606995
2.13,-1,279.1244239807129
2.24,-1,279.14126086235046
2.24,-1,279.158264875412
2.35,-1,279.17526841163635
2.47,-1,279.1922721862793
2.57,-1,279.20827651023865
2.68,-1,279.2252790927887
2.78,-1,279.2422833442688
2.78,-1,279.2592873573303
2.87,-1,279.27629041671753
2.96,-1,279.2922942638397
3.04,-1,279.30929803848267
3.12,-1,279.3268086910248
3.2,-1,279.344131231308
3.27,-1,279.36081552505493
3.27,-1,279.37781977653503
3.35,-1,279.3943290710449
3.44,-1,279.4113337993622
3.53,-1,279.4283368587494
0.0,1,279.6842610836029
0.01,1,279.70026779174805
0.01,1,279.7172727584839
0.03,1,279.7342767715454
0.06,1,279.7512950897217
0.1,1,279.76828837394714
0.14,1,279.7851755619049
0.16,1,279.8011910915375
0.16,1,279.8181850910187
0.17,1,279.83518862724304
0.17,1,279.8521182537079
0.16,1,279.8681218624115
0.14,1,279.8850131034851
0.12,1,279.90201687812805
0.12,1,279.9186465740204
0.11,1,279.93517875671387
0.08,1,279.952184677124
0.07,1,279.9687316417694
0.06,1,279.98519563674927
0.05,1,280.0021994113922
0.05,1,280.0187075138092
0.02,1,280.0352156162262
-0.02,1,280.0522198677063
-0.06,1,280.0692229270935
-0.1,1,280.08622670173645
-0.13,1,280.10323095321655
-0.15,1,280.1202344894409
-0.15,1,280.13716864585876
-0.19,1,280.1541714668274
-0.24,1,280.1701748371124
-0.29,1,280.18717908859253
-0.35,1,280.2041826248169
-0.42,1,280.22118616104126
-0.42,1,280.23719024658203
-0.51,1,280.25419449806213
-0.6,0,280.2711977958679
-0.71,0,280.288202047348
-0.8,0,280.3052062988281
-0.9,0,280.3217144012451
-0.9,0,280.33822298049927
-1.02,0,280.3552269935608
-1.15,0,280.37223076820374
-1.28,0,280.3892345428467
-1.42,0,280.4052383899689
-1.57,0,280.422242641449
-1.57,0,280.43924593925476
-1.74,0,280.4562497138977
-1.91,0,280.47325348854065
-2.08,0,280.4892568588257
-2.25,0,280.5062606334686
-2.43,-1,280.5232660770416
-2.62,-1,280.5392680168152
-2.62,-1,280.5562722682953
-2.8,-1,280.5732755661011
-2.98,-1,280.58927965164185
-3.16,-1,280.6062841415405
-3.34,-1,280.62328720092773
-3.53,-1,280.64029121398926
-3.53,-1,280.65629506111145
-3.73,-1,280.6732985973358
-3.91,-1,280.6903021335602
-4.1,-1,280.7073063850403
-4.3,-1,280.7243103981018
-4.51,-1,280.7411551475525
0.0,1,280.9982039928436
0.0,1,281.01520681381226
-0.01,1,281.0312111377716
-0.02,1,281.048214673996
-0.02,1,281.0652184486389
-0.01,1,281.0825834274292
0.01,1,281.09958720207214
0.01,1,281.1165962219238
0.05,1,281.13359904289246
0.09,1,281.15060353279114
0.14,1,281.167111158371
0.2,1,281.18411564826965
0.26,1,281.20111870765686
0.26,1,281.2181234359741
0.34,1,281.2351269721985
0.43,1,281.25113129615784
0.53,0,281.2681345939636
0.64,0,281.28513836860657
0.75,0,281.30214262008667
0.75,0,281.3181462287903
0.88,0,281.3351490497589
1.02,0,281.3521537780762
1.17,0,281.3691568374634
1.32,0,281.385160446167
1.48,0,281.40216517448425
1.48,0,281.41816806793213
1.64,0,281.4351716041565
1.81,0,281.4521760940552
1.99,0,281.46917939186096
2.17,0,281.4860715866089
2.33,-1,281.503075838089
2.51,-1,281.52007937431335
2.51,-1,281.5370833873749
2.7,-1,281.55408692359924
2.89,-1,281.57109212875366
3.1,-1,281.5880949497223
3.3,-1,281.60509848594666
3.51,-1,281.62110233306885
3.51,-1,281.63810634613037
3.73,-1,281.6551094055176
3.94,-1,281.6721136569977
4.15,-1,281.6891174316406
4.36,-1,281.7061207294464
0.0,1,281.9631872177124
0.01,1,281.9801914691925
0.01,1,281.99621844291687
0.03,1,282.0132145881653
0.06,1,282.0302174091339
0.1,1,282.04722118377686
0.15,1,282.063729763031
0.21,1,282.08024501800537
0.21,1,282.09724140167236
0.27,1,282.114244222641
0.33,1,282.1312484741211
0.39,1,282.14782452583313
0.46,1,282.1643388271332
0.53,0,282.18134808540344
0.53,0,282.1983518600464
0.62,0,282.2153549194336
0.69,0,282.2319767475128
0.76,0,282.24898052215576
0.82,0,282.2654881477356
0.88,0,282.28268098831177
0.95,0,282.3001971244812
0.95,0,282.3162086009979
1.02,0,282.333212852478
1.09,0,282.3502175807953
1.16,0,282.36622047424316
1.23,0,282.38322472572327
1.31,0,282.40022826194763
1.31,0,282.417231798172
1.38,0,282.4342360496521
1.44,0,282.4512391090393
1.5,0,282.4678189754486
1.56,0,282.4851293563843
1.61,0,282.5021331310272
1.61,0,282.5191366672516
1.68,0,282.5361406803131
1.74,0,282.55314469337463
1.8,0,282.5701608657837
1.87,0,282.5871651172638
1.94,-1,282.60316824913025
2.03,-1,282.6201722621918
2.03,-1,282.6371760368347
2.12,-1,282.6541802883148
2.21,-1,282.67118406295776
2.3,-1,282.68818736076355
2.38,-1,282.70519161224365
2.46,-1,282.7221956253052
2.46,-1,282.73919916152954
2.55,-1,282.7562024593353
2.64,-1,282.77320623397827
2.74,-1,282.7892107963562
2.85,-1,282.80621457099915
2.97,-1,282.8232183456421
3.09,-1,282.8402214050293
3.09,-1,282.8572256565094
3.23,-1,282.87422943115234
3.38,-1,282.89123368263245
3.54,-1,282.90823769569397
3.7,-1,282.92524123191833
0.0,1,283.18519377708435
0.01,1,283.2022006511688
0.01,1,283.2188243865967
0.03,1,283.2358281612396
0.06,1,283.25190806388855
0.1,1,283.26890087127686
0.15,1,283.285325050354
0.21,1,283.3023290634155
0.21,1,283.3183319568634
0.28,1,283.3353359699249
0.36,1,283.3523395061493
0.45,1,283.36934304237366
0.54,0,283.3853476047516
0.65,0,283.40235114097595
0.65,0,283.4193546772003
0.77,0,283.436359167099
0.9,0,283.4523620605469
1.03,0,283.469366312027
1.18,0,283.4863693714142
1.33,0,283.50237345695496
1.33,0,283.5193772315979
1.5,0,283.53606843948364
1.67,0,283.55307149887085
1.86,0,283.57007575035095
2.05,0,283.5870792865753
2.25,-1,283.6040835380554
2.46,-1,283.62108755111694
2.46,-1,283.6370906829834
2.68,-1,283.6540949344635
2.91,-1,283.671098947525
3.15,-1,283.6881022453308
3.4,-1,283.70510625839233
3.66,-1,283.7221100330353
3.66,-1,283.73911356925964
3.92,-1,283.75572896003723
4.19,-1,283.7727334499359
4.46,-1,283.78973722457886
4.73,-1,283.8057405948639
0.0,1,284.074818611145
0.01,1,284.0913276672363
0.02,1,284.10833191871643
0.05,1,284.1253402233124
0.08,1,284.1413435935974
0.08,1,284.15734815597534
0.13,1,284.1753568649292
0.18,1,284.1913604736328
0.24,1,284.20836424827576
0.3,1,284.22536849975586
0.36,1,284.2423720359802
0.36,1,284.25937604904175
0.44,1,284.27638030052185
0.53,0,284.2933838367462
0.63,0,284.30938696861267
0.73,0,284.3263907432556
0.84,0,284.3433952331543
0.95,0,284.36039876937866
0.95,0,284.3774025440216
1.08,0,284.3942325115204
1.22,0,284.4112365245819
1.37,0,284.4276397228241
1.53,0,284.4442901611328
1.69,0,284.4612934589386
1.69,0,284.47773909568787
1.85,0,284.49430084228516
2.01,0,284.5113046169281
2.18,0,284.5283086299896
2.35,-1,284.54582118988037
2.53,-1,284.5618209838867
2.53,-1,284.5788245201111
2.71,-1,284.5953371524811
2.88,-1,284.6123411655426
3.05,-1,284.6293451786041
3.21,-1,284.6463487148285
3.37,-1,284.66335225105286
3.53,-1,284.6803562641144
3.53,-1,284.6973602771759
3.68,-1,284.71436381340027
3.82,-1,284.73137068748474
3.96,-1,284.7473738193512
4.09,-1,284.7643783092499
0.0,1,285.01963353157043
0.0,1,285.03563690185547
-0.02,1,285.0536415576935
-0.03,1,285.06964468955994
-0.04,1,285.08764839172363
-0.06,1,285.10365319252014
-0.08,1,285.12065601348877
-0.08,1,285.1366596221924
-0.1,1,285.1536636352539
-0.13,1,285.17066740989685
-0.15,1,285.18735003471375
-0.18,1,285.2043538093567
-0.2,1,285.22135829925537
-0.2,1,285.238361120224
-0.22,1,285.25536489486694
-0.23,1,285.27236914634705
-0.25,1,285.2893736362457
-0.26,1,285.3063762187958
-0.27,1,285.3223805427551
-0.27,1,285.3393838405609
-0.28,1,285.3563883304596
-0.28,1,285.37339186668396
-0.28,1,285.3903954029083
-0.28,1,285.40739941596985
-0.28,1,285.4244031906128
-0.28,1,285.4412202835083
-0.28,1,285.45722365379333
-0.27,1,285.47522735595703
-0.26,1,285.4912312030792
-0.25,1,285.50823497772217
-0.23,1,285.52523970603943
-0.2,1,285.54219484329224
-0.2,1,285.55919885635376
-0.18,1,285.5762023925781
-0.15,1,285.59320616722107
-0.12,1,285.610209941864
-0.1,1,285.62788701057434
-0.08,1,285.6441786289215
-0.08,1,285.66114115715027
-0.08,1,285.67751145362854
-0.07,1,285.6941475868225
-0.05,1,285.7112979888916
-0.02,1,285.7281563282013
0.01,1,285.7451593875885
0.05,1,285.76216411590576
0.05,1,285.7791745662689
0.11,1,285.79628014564514
0.18,1,285.8131911754608
0.25,1,285.83019733428955
0.33,1,285.84720039367676
0.39,1,285.8642053604126
0.46,1,285.88120913505554
0.46,1,285.8982126712799
0.54,1,285.9152162075043
0.62,1,285.931756734848
0.7,1,285.94876050949097
0.79,0,285.96576380729675
0.88,0,285.9872741699219
0.88,0,286.00127029418945
0.97,0,286.0162739753723
1.07,0,286.03329038619995
1.17,0,286.05055928230286
1.28,0,286.0670268535614
1.4,0,286.0840308666229
1.53,0,286.1010341644287
1.53,0,286.1180386543274
1.68,0,286.13504242897034
1.83,0,286.15104603767395
1.97,0,286.1680495738983
2.12,0,286.1850574016571
2.27,0,286.2020606994629
2.27,0,286.2190651893616
2.42,0,286.23607182502747
2.57,0,286.25307536125183
2.73,-1,286.27007961273193
2.89,-1,286.2870831489563
3.04,-1,286.304087638855
3.19,-1,286.3210914134979
3.19,-1,286.33809542655945
3.33,-1,286.35509848594666
3.47,-1,286.37210273742676
3.6,-1,286.3891065120697
3.73,-1,286.40611004829407
3.87,-1,286.4231140613556
4.01,-1,286.4406442642212
4.01,-1,286.45664834976196
4.16,-1,286.47465229034424
4.3,-1,286.4907853603363
4.45,-1,286.507771730423
4.6,-1,286.52477622032166
0.0,1,286.7901861667633
0.0,1,286.8071894645691
0.01,1,286.8241937160492
0.01,1,286.8411977291107
0.01,1,286.85820174217224
0.02,1,286.875205039978
0.03,1,286.8922085762024
0.05,1,286.9092128276825
0.06,1,286.92621636390686
0.08,1,286.9432201385498
0.1,1,286.96022367477417
0.1,1,286.97722816467285
0.13,1,286.9944941997528
0.16,1,287.01123571395874
0.19,1,287.0282392501831
0.22,1,287.0444197654724
0.26,1,287.06125020980835
0.26,1,287.0777328014374
0.31,1,287.09525775909424
0.36,1,287.111261844635
0.4,1,287.1282651424408
0.43,1,287.1450390815735
0.46,1,287.1613972187042
0.46,1,287.1780459880829
0.47,1,287.1950500011444
0.47,1,287.21105337142944
0.48,0,287.2280571460724
0.49,0,287.2450613975525
0.5,0,287.2610652446747
0.5,0,287.2780683040619
0.52,0,287.31007623672485
0.54,0,287.3280806541443
0.57,0,287.346084356308
0.59,0,287.36308789253235
0.62,0,287.3820924758911
0.65,0,287.3970956802368
0.68,0,287.4140989780426
0.68,0,287.43010234832764
0.72,0,287.44510650634766
0.76,0,287.462110042572
0.8,0,287.47832798957825
0.85,0,287.49411725997925
0.89,0,287.5091202259064
0.89,0,287.5252995491028
0.93,0,287.54130268096924
0.96,0,287.55630564689636
0.98,0,287.57331013679504
1.0,0,287.5893363952637
1.02,0,287.60534024238586
1.04,0,287.62057852745056
1.04,0,287.64008927345276
1.06,0,287.6570930480957
1.09,0,287.673095703125
1.12,0,287.68809962272644
1.14,0,287.7041027545929
1.16,0,287.72165727615356
1.16,0,287.7376596927643
1.16,0,287.7546660900116
1.15,0,287.7716689109802
1.13,0,287.78867411613464
1.1,0,287.80567812919617
1.07,0,287.82268142700195
1.07,0,287.8393654823303
1.04,0,287.85636925697327
1.01,0,287.87337255477905
0.98,0,287.8903765678406
0.97,0,287.9073808193207
0.95,0,287.9233844280243
0.94,0,287.94116497039795
0.94,0,287.95716857910156
0.93,0,287.97417283058167
0.93,0,287.99117708206177
0.93,-1,288.008180141449
0.94,-1,288.0251865386963
0.96,-1,288.0421905517578
0.96,-1,288.0581941604614
0.99,-1,288.07519793510437
1.03,-1,288.09250044822693
1.08,-1,288.1095039844513
1.14,-1,288.1255078315735
1.19,-1,288.142511844635
1.19,-1,288.1585159301758
1.26,-1,288.17552042007446
1.33,-1,288.19252347946167
1.41,-1,288.21052837371826
1.5,-1,288.2265303134918
1.6,-1,288.2433388233185
1.71,-1,288.25937485694885
1.71,-1,288.2763457298279
1.83,-1,288.2933497428894
1.96,-1,288.3103537559509
2.1,-1,288.3273575305939
2.24,-1,288.3442614078522
0.0,1,288.6656165122986
-0.01,1,288.6816203594208
-0.01,1,288.69762349128723
-0.03,1,288.7156276702881
-0.06,1,288.73163318634033
-0.1,1,288.74863839149475
-0.15,1,288.76564168930054
-0.21,1,288.7826452255249
-0.26,1,288.799649477005
-0.26,1,288.8165488243103
-0.32,1,288.8332133293152
-0.39,1,288.85021686553955
-0.47,1,288.8672206401825
-0.54,0,288.88422417640686
-0.62,0,288.90022802352905
-0.62,0,288.91723227500916
-0.7,0,288.9342384338379
-0.78,0,288.9512429237366
-0.85,0,288.967246055603
-0.94,0,288.98425030708313
-1.02,0,289.0012557506561
-1.02,0,289.0172574520111
-1.12,0,289.03426122665405
-1.23,0,289.0512652397156
-1.35,0,289.0682692527771
-1.47,0,289.08527302742004
-1.6,0,289.1022775173187
-1.6,0,289.1182794570923
-1.75,0,289.13628363609314
-1.91,0,289.15228724479675
-2.07,0,289.1692910194397
-2.23,-1,289.18629574775696
-2.39,-1,289.2032997608185
-2.54,-1,289.2203025817871
-2.54,-1,289.2363066673279
-2.68,-1,289.2533104419708
-2.82,-1,289.27031445503235
-2.97,-1,289.2873215675354
-3.12,-1,289.30432534217834
-3.27,-1,289.32133078575134
-3.27,-1,289.33833360671997
-3.42,-1,289.3553378582001
-3.56,-1,289.3713412284851
-3.71,-1,289.3883488178253
-3.85,-1,289.4053511619568
-3.98,-1,289.42135524749756
0.0,1,289.67802929878235
-0.01,1,289.695050239563
-0.02,1,289.7120532989502
-0.05,1,289.72905707359314
-0.07,1,289.7460606098175
-0.09,1,289.76306438446045
-0.11,1,289.7800679206848
-0.11,1,289.796071767807
-0.12,1,289.81407594680786
-0.14,1,289.8300790786743
-0.17,1,289.84708309173584
-0.21,1,289.8640868663788
-0.26,1,289.8800904750824
-0.26,1,289.8960943222046
-0.32,1,289.91409850120544
-0.39,1,289.9301016330719
-0.47,1,289.94710540771484
-0.55,0,289.9641103744507
-0.65,0,289.9811131954193
-0.65,0,289.99711656570435
-0.76,0,290.01412057876587
-0.88,0,290.03112626075745
-1.0,0,290.04813146591187
-1.13,0,290.0651352405548
-1.26,0,290.08114099502563
-1.26,0,290.0981447696686
-1.4,0,290.11514806747437
-1.55,0,290.1321678161621
-1.7,0,290.14917254447937
-1.86,0,290.1661751270294
-2.02,0,290.1831843852997
-2.18,0,290.2001886367798
-2.18,0,290.21719193458557
-2.36,-1,290.2342143058777
-2.53,-1,290.25021958351135
-2.7,-1,290.2672212123871
-2.86,-1,290.28422570228577
-3.02,-1,290.3012306690216
-3.02,-1,290.31723499298096
-3.19,-1,290.33524107933044
-3.34,-1,290.35224533081055
-3.49,-1,290.3692488670349
-3.62,-1,290.3862557411194
-3.76,-1,290.4032733440399
-3.89,-1,290.42027711868286
-3.89,-1,290.4372808933258
-4.02,-1,290.4542989730835
0.0,1,290.6770906448364
0.0,1,290.6945974826813
0.01,1,290.71109795570374
0.01,1,290.72872972488403
0.02,1,290.7447283267975
0.03,1,290.76173305511475
0.03,1,290.7777531147003
0.03,1,290.7948067188263
0.03,1,290.81182384490967
0.03,1,290.82943964004517
0.03,1,290.84520196914673
0.01,1,290.86220502853394
0.01,1,290.87820863723755
-0.01,1,290.89521193504333
-0.04,1,290.9122166633606
-0.07,1,290.92922019958496
-0.12,1,290.9462239742279
-0.17,1,290.96322751045227
-0.23,1,290.9805340766907
-0.23,1,290.9965193271637
-0.3,1,291.01352310180664
-0.39,1,291.03052711486816
-0.46,1,291.0475318431854
-0.55,0,291.0645351409912
-0.64,0,291.0815386772156
-0.64,0,291.0985426902771
-0.75,0,291.1155457496643
-0.86,0,291.1325500011444
-0.99,0,291.14955377578735
-1.12,0,291.1655578613281
-1.26,0,291.182564496994
-1.41,0,291.19956827163696
-1.41,0,291.2165720462799
-1.56,0,291.2337222099304
-1.72,0,291.2497260570526
-1.89,0,291.26672983169556
-2.06,0,291.2837324142456
-2.23,-1,291.30073499679565
-2.23,-1,291.3172438144684
-2.4,-1,291.3342499732971
-2.58,-1,291.35173082351685
-2.76,-1,291.36872911453247
-2.94,-1,291.38525581359863
-3.13,-1,291.4022595882416
-3.13,-1,291.4192633628845
-3.32,-1,291.4362668991089
-3.52,-1,291.45327043533325
-3.72,-1,291.4701793193817
-3.92,-1,291.48657393455505
-4.11,-1,291.50357842445374
-4.3,-1,291.5205819606781
0.0,1,291.7442321777344
-0.01,1,291.7613070011139
-0.01,1,291.77800130844116
-0.03,1,291.79524326324463
-0.06,1,291.8115179538727
-0.1,1,291.82825088500977
-0.13,1,291.8450758457184
-0.16,1,291.8620796203613
-0.16,1,291.8790833950043
-0.2,1,291.8960871696472
-0.23,1,291.9130916595459
-0.28,1,291.9300949573517
-0.32,1,291.9468755722046
-0.37,1,291.96388053894043
-0.43,1,291.98088359832764
-0.43,1,291.99688816070557
-0.5,0,292.01389145851135
-0.58,0,292.03090620040894
-0.67,0,292.0479009151459
-0.77,0,292.06490540504456
-0.88,0,292.08191323280334
-0.88,0,292.0989167690277
-1.0,0,292.1159210205078
-1.13,0,292.13261795043945
-1.27,0,292.1495966911316
-1.41,0,292.16660046577454
-1.57,0,292.1832437515259
-1.73,0,292.2002115249634
-1.73,0,292.21620535850525
-1.91,0,292.2331006526947
-2.09,0,292.2501142024994
-2.29,-1,292.267112493515
-2.49,-1,292.2841205596924
-2.7,-1,292.30112862586975
-2.7,-1,292.3171319961548
-2.91,-1,292.33413577079773
-3.11,-1,292.3511459827423
-3.31,-1,292.36814975738525
-3.52,-1,292.3841562271118
-3.74,-1,292.4012756347656
-3.74,-1,292.4174373149872
-3.97,-1,292.4342758655548
-4.22,-1,292.45127987861633
-4.46,-1,292.46828413009644
0.0,1,292.70120215415955
0.0,1,292.71720838546753
0.01,1,292.7351315021515
0.02,1,292.7511394023895
0.05,1,292.76814341545105
0.08,1,292.7851493358612
0.11,1,292.80215430259705
0.11,1,292.8191571235657
0.15,1,292.8361608982086
0.19,1,292.85316467285156
0.24,1,292.8691682815552
0.29,1,292.8861722946167
0.34,1,292.9031763076782
0.4,1,292.920179605484
0.4,1,292.93718338012695
0.47,1,292.9541871547699
0.55,0,292.9704132080078
0.63,0,292.98740673065186
0.73,0,293.0042197704315
0.83,0,293.021404504776
0.83,0,293.0381078720093
0.95,0,293.0551116466522
1.07,0,293.07111525535583
1.21,0,293.0881187915802
1.35,0,293.1051218509674
1.49,0,293.12212586402893
1.49,0,293.1391296386719
1.65,0,293.1561334133148
1.8,0,293.17286586761475
1.96,0,293.1898696422577
2.13,0,293.20687341690063
2.29,-1,293.223876953125
2.47,-1,293.24078917503357
2.47,-1,293.2577929496765
2.65,-1,293.2747962474823
2.84,-1,293.29180097579956
3.03,-1,293.30880427360535
3.23,-1,293.3258080482483
3.43,-1,293.34281516075134
3.63,-1,293.3598189353943
3.63,-1,293.37682342529297
3.84,-1,293.39383006095886
4.05,-1,293.4108338356018
4.26,-1,293.4281311035156
4.47,-1,293.4448413848877
0.0,1,293.6697723865509
0.0,1,293.68660497665405
0.01,1,293.7026083469391
0.01,1,293.71961212158203
0.01,1,293.7363543510437
0.01,1,293.7533583641052
0.01,1,293.7703626155853
0.0,1,293.78636622428894
-0.02,1,293.80337166786194
-0.04,1,293.8203766345978
-0.04,1,293.83638429641724
-0.08,1,293.8533880710602
-0.13,1,293.86939096450806
-0.18,1,293.8863956928253
-0.25,1,293.9033989906311
-0.32,1,293.9204030036926
-0.32,1,293.93742513656616
-0.41,1,293.9540071487427
-0.5,1,293.97101068496704
-0.61,0,293.9885313510895
-0.72,0,294.0055351257324
-0.84,0,294.02253890037537
-0.84,0,294.0390977859497
-0.98,0,294.05610036849976
-1.12,0,294.0731043815613
-1.27,0,294.0891077518463
-1.43,0,294.1061134338379
-1.6,0,294.12311482429504
-1.78,0,294.140118598938
-1.78,0,294.1561233997345
-1.97,0,294.1731262207031
-2.17,0,294.19014954566956
-2.36,-1,294.20715403556824
-2.56,-1,294.22315740585327
-2.77,-1,294.2401614189148
-2.77,-1,294.2561876773834
-2.99,-1,294.2731909751892
-3.22,-1,294.2901945114136
-3.45,-1,294.3061988353729
-3.69,-1,294.32320189476013
-3.93,-1,294.3402056694031
-3.93,-1,294.35620975494385
-4.18,-1,294.3732132911682
-4.43,-1,294.39021706581116
-4.68,-1,294.4072210788727
0.0,1,294.6674942970276
0.0,1,294.68450117111206
-0.01,1,294.701514005661
-0.01,1,294.71851778030396
0.0,1,294.73559284210205
0.01,1,294.7515962123871
0.04,1,294.76859998703003
0.07,1,294.78528118133545
0.11,1,294.802285194397
0.11,1,294.8192882537842
0.14,1,294.83629155158997
0.17,1,294.8522958755493
0.19,1,294.86929965019226
0.21,1,294.88630294799805
0.23,1,294.90330743789673
0.24,1,294.9193105697632
0.24,1,294.9363148212433
0.24,1,294.9533181190491
0.24,1,294.96932196617126
0.24,1,294.9863259792328
0.24,1,295.00332951545715
0.24,1,295.0203330516815
0.24,1,295.03734064102173
0.24,1,295.0543444156647
0.25,1,295.0713472366333
0.26,1,295.0883514881134
0.27,1,295.1053557395935
0.28,1,295.12236046791077
0.28,1,295.1383638381958
0.29,1,295.15536665916443
0.31,1,295.17237067222595
0.33,1,295.1893742084503
0.35,1,295.20637822151184
0.38,1,295.2233829498291
0.4,1,295.24038577079773
0.4,1,295.2573902606964
0.42,1,295.27422285079956
0.45,0,295.2912266254425
0.48,0,295.3072302341461
0.51,0,295.32423400878906
0.53,0,295.3412380218506
0.53,0,295.3582420349121
0.54,0,295.3752453327179
0.54,0,295.391250371933
0.55,0,295.4082534313202
0.55,0,295.4252574443817
0.56,0,295.44126057624817
0.56,0,295.4582645893097
0.58,0,295.47526812553406
0.6,0,295.4922721385956
0.62,0,295.5092759132385
0.65,0,295.5262794494629
0.67,0,295.5422828197479
0.67,0,295.5592875480652
0.7,0,295.5762906074524
0.73,0,295.59329438209534
0.77,0,295.610298871994
0.8,0,295.6273019313812
0.84,0,295.6440999507904
0.88,0,295.6615877151489
0.88,0,295.67711067199707
0.91,0,295.6947786808014
0.94,0,295.7114362716675
0.97,0,295.72842741012573
1.01,0,295.7452709674835
1.06,0,295.762886762619
1.06,0,295.7788841724396
1.1,0,295.79588866233826
1.15,0,295.8128921985626
1.2,0,295.82989525794983
1.25,0,295.84689950942993
1.31,0,295.8634068965912
1.36,0,295.8804111480713
1.36,0,295.8964149951935
1.42,-1,295.91394662857056
1.48,-1,295.9309501647949
1.54,-1,295.94795417785645
1.61,-1,295.9649577140808
1.68,-1,295.9819612503052
1.68,-1,295.9979658126831
1.74,-1,296.0159695148468
1.8,-1,296.0324900150299
1.85,-1,296.04949378967285
1.89,-1,296.0664978027344
1.92,-1,296.08259105682373
1.96,-1,296.0995943546295
1.96,-1,296.11610651016235
1.98,-1,296.13311076164246
1.99,-1,296.15011405944824
1.99,-1,296.1671178340912
1.99,-1,296.1841399669647
1.98,-1,296.20014452934265
1.98,-1,296.2166528701782
1.95,-1,296.23365664482117
1.91,-1,296.2506604194641
1.87,-1,296.267715215683
0.0,1,296.49135875701904
0.0,1,296.50836181640625
0.01,1,296.5253689289093
0.02,1,296.542373418808
0.02,1,296.55837631225586
0.04,1,296.5753803253174
0.07,1,296.59238386154175
0.1,1,296.60838770866394
0.13,1,296.6253914833069
0.16,1,296.64241075515747
0.16,1,296.65941429138184
0.21,1,296.6764180660248
0.26,1,296.6934218406677
0.31,1,296.7104253768921
0.36,1,296.7264289855957
0.42,1,296.74343252182007
0.49,1,296.76043701171875
0.49,1,296.7764403820038
0.56,0,296.7934443950653
0.64,0,296.8104479312897
0.72,0,296.8274517059326
0.8,0,296.8449230194092
0.89,0,296.861524105072
0.89,0,296.8783531188965
0.98,0,296.8948359489441
1.08,0,296.9118411540985
1.19,0,296.9288444519043
1.3,0,296.9454438686371
1.41,0,296.96244764328003
1.41,0,296.97845101356506
1.53,0,296.9964554309845
1.65,0,297.01245951652527
1.77,0,297.02946305274963
1.9,0,297.0464663505554
2.04,0,297.06247067451477
2.18,-1,297.079473733902
2.18,-1,297.09647727012634
2.32,-1,297.1134822368622
2.47,-1,297.13048696517944
2.63,-1,297.14748978614807
2.78,-1,297.1644926071167
2.94,-1,297.18149971961975
2.94,-1,297.1985037326813
3.1,-1,297.21550703048706
3.27,-1,297.2322361469269
3.43,-1,297.2492399215698
3.6,-1,297.2662434577942
3.77,-1,297.2833905220032
3.94,-1,297.3003945350647
3.94,-1,297.3173975944519
4.12,-1,297.334401845932
0.0,1,297.56923604011536
0.0,1,297.5862400531769
0.01,1,297.60224413871765
0.01,1,297.61925077438354
0.03,1,297.63650393486023
0.05,1,297.65252232551575
0.07,1,297.6695261001587
0.1,1,297.68611001968384
0.14,1,297.7031133174896
0.19,1,297.72011709213257
0.19,1,297.7361214160919
0.26,1,297.7531249523163
0.33,1,297.77012848854065
0.41,1,297.7871325016022
0.5,1,297.80413699150085
0.59,0,297.8211410045624
0.59,0,297.838143825531
0.7,0,297.85514783859253
0.82,0,297.87215185165405
0.95,0,297.8891558647156
1.08,0,297.90616250038147
1.21,0,297.9231662750244
1.34,0,297.9401695728302
1.34,0,297.9561734199524
1.49,0,297.97317719459534
1.64,0,297.9901809692383
1.79,0,298.0066900253296
1.94,0,298.02369475364685
2.1,0,298.03970098495483
2.1,0,298.0562708377838
2.28,-1,298.0732755661011
2.46,-1,298.09027910232544
2.66,-1,298.10728335380554
2.86,-1,298.1242871284485
3.06,-1,298.14131474494934
3.06,-1,298.1573226451874
3.29,-1,298.1743276119232
3.52,-1,298.19133162498474
3.75,-1,298.2073349952698
3.99,-1,298.22433853149414
4.23,-1,298.2413423061371
4.23,-1,298.2573459148407
4.46,-1,298.27434968948364
0.0,1,298.50240111351013
0.0,1,298.5194046497345
-0.02,1,298.5364112854004
-0.03,1,298.5524146556854
-0.03,1,298.56941771507263
-0.03,1,298.58642530441284
-0.04,1,298.6034290790558
-0.04,1,298.62043261528015
-0.04,1,298.63744044303894
-0.05,1,298.65445613861084
-0.06,1,298.6714606285095
-0.08,1,298.6884665489197
-0.1,1,298.70546984672546
-0.13,1,298.722473859787
-0.13,1,298.7390830516815
-0.16,1,298.7560863494873
-0.2,1,298.7720904350281
-0.24,1,298.7890934944153
-0.29,1,298.8060972690582
-0.34,1,298.8235626220703
-0.39,1,298.84029626846313
-0.39,1,298.8567957878113
-0.45,1,298.8735704421997
-0.52,0,298.8906800746918
-0.59,0,298.9075925350189
-0.67,0,298.9236145019531
-0.75,0,298.9406359195709
-0.75,0,298.9566400051117
-0.84,0,298.9746594429016
-0.94,0,298.99115347862244
-1.04,0,299.0071578025818
-1.14,0,299.02401542663574
-1.24,0,299.041109085083
-1.24,0,299.05811285972595
-1.36,0,299.0751187801361
-1.48,0,299.0921268463135
-1.6,0,299.1091306209564
-1.72,0,299.1251382827759
-1.85,0,299.1429753303528
-1.99,0,299.1599998474121
-1.99,0,299.17602157592773
-2.13,-1,299.193208694458
-2.28,-1,299.21021270751953
-2.43,-1,299.2266581058502
-2.58,-1,299.2434136867523
-2.74,-1,299.2604169845581
-2.74,-1,299.2766809463501
-2.91,-1,299.2936854362488
-3.08,-1,299.3106894493103
-3.26,-1,299.32709765434265
-3.44,-1,299.3439824581146
-3.62,-1,299.36098623275757
-3.62,-1,299.3779902458191
-3.81,-1,299.39499402046204
-4.01,-1,299.411997795105
-4.22,-1,299.42824816703796
0.0,1,299.669748544693
0.0,1,299.68625664711
0.0,1,299.70326042175293
0.01,1,299.72026443481445
0.01,1,299.7362678050995
0.03,1,299.75427198410034
0.04,1,299.7712757587433
0.05,1,299.78827953338623
0.05,1,299.80528354644775
0.05,1,299.82228779792786
0.05,1,299.8392915725708
0.04,1,299.856294631958
0.01,1,299.8722987174988
-0.02,1,299.88930201530457
-0.06,1,299.90630626678467
-0.11,1,299.9233100414276
-0.16,1,299.9403142929077
-0.16,1,299.95631766319275
-0.21,1,299.97332096099854
-0.26,1,299.99032497406006
-0.33,1,300.00732946395874
-0.38,1,300.02433252334595
-0.45,1,300.0413534641266
-0.45,1,300.05735659599304
-0.53,0,300.0753610134125
-0.62,0,300.0913646221161
-0.71,0,300.10836815834045
-0.8,0,300.1243722438812
-0.9,0,300.14137625694275
-0.9,0,300.1583790779114
-0.99,0,300.17538356781006
-1.08,0,300.19238662719727
-1.18,0,300.20939016342163
-1.29,0,300.22639441490173
-1.4,0,300.2433981895447
-1.4,0,300.259402513504
-1.51,0,300.2764060497284
-1.63,0,300.2934100627899
-1.76,0,300.31041407585144
-1.88,0,300.32741689682007
-2.02,0,300.3442280292511
-2.15,0,300.3612320423126
-2.15,0,300.3784523010254
-2.3,-1,300.39524030685425
-2.44,-1,300.41224336624146
-2.6,-1,300.42855501174927
-2.75,-1,300.4453091621399
-2.91,-1,300.46225476264954
-2.91,-1,300.4783227443695
-3.08,-1,300.49526166915894
-3.25,-1,300.5122663974762
-3.43,-1,300.529269695282
-3.61,-1,300.5462734699249
-3.79,-1,300.56327724456787
-3.98,-1,300.580281496048
-3.98,-1,300.596284866333
-4.18,-1,300.61328887939453
0.0,1,300.83735513687134
0.0,1,300.85435819625854
-0.01,1,300.87136220932007
-0.02,1,300.888365983963
-0.04,1,300.9043695926666
-0.05,1,300.9213740825653
-0.05,1,300.93837785720825
-0.04,1,300.9553804397583
-0.02,1,300.972384929657
0.0,1,300.9893891811371
0.03,1,301.0063922405243
0.07,1,301.02334904670715
0.12,1,301.0403518676758
0.12,1,301.0573558807373
0.18,1,301.07427072525024
0.26,1,301.0912744998932
0.34,1,301.10727858543396
0.42,1,301.12428736686707
0.52,0,301.14129090309143
0.52,0,301.15729331970215
0.63,0,301.17429757118225
0.75,0,301.19131779670715
0.88,0,301.2083206176758
1.02,0,301.22532892227173
1.16,0,301.2423446178436
1.16,0,301.2583487033844
1.32,0,301.2753527164459
1.49,0,301.29235577583313
1.66,0,301.30935978889465
1.85,0,301.32594776153564
2.04,0,301.34248423576355
2.22,0,301.3594882488251
2.22,0,301.3764913082123
2.42,-1,301.39349484443665
2.63,-1,301.41049909591675
2.84,-1,301.4275026321411
3.06,-1,301.4445068836212
3.27,-1,301.4617655277252
3.27,-1,301.47851824760437
3.47,-1,301.4955224990845
3.67,-1,301.51183104515076
3.85,-1,301.5287263393402
4.03,-1,301.545254945755
4.19,-1,301.5622580051422
4.19,-1,301.57926392555237
4.35,-1,301.59631085395813
0.0,1,301.86045932769775
0.0,1,301.8774631023407
0.0,1,301.8944673538208
0.0,1,301.911808013916
0.0,1,301.92841625213623
-0.01,1,301.9453043937683
-0.02,1,301.9623086452484
-0.02,1,301.97931265830994
-0.04,1,301.99631929397583
-0.05,1,302.01332354545593
-0.07,1,302.03032660484314
-0.08,1,302.0473325252533
-0.08,1,302.0633339881897
-0.09,1,302.08038210868835
-0.09,1,302.0973744392395
-0.08,1,302.1143796443939
-0.07,1,302.13138365745544
-0.06,1,302.1483862400055
-0.04,1,302.1653895378113
-0.02,1,302.1824097633362
-0.02,1,302.1984133720398
0.01,1,302.2154178619385
0.05,1,302.2324392795563
0.08,1,302.24944376945496
0.1,1,302.26644682884216
0.13,1,302.28346991539
0.14,1,302.30047392845154
0.14,1,302.3174777030945
0.15,1,302.3344807624817
0.17,1,302.35148525238037
0.19,1,302.36848855018616
0.21,1,302.3854932785034
0.23,1,302.4024965763092
0.26,1,302.4195029735565
0.26,1,302.4365072250366
0.27,1,302.4535105228424
0.29,1,302.47051453590393
0.3,1,302.48751854896545
0.3,1,302.5045220851898
0.31,1,302.52152919769287
0.31,1,302.53803753852844
0.29,1,302.5550410747528
0.27,1,302.57104444503784
0.25,1,302.58804845809937
0.23,1,302.6050522327423
0.21,1,302.62205624580383
0.21,1,302.6390595436096
0.17,1,302.6560640335083
0.12,1,302.67306756973267
0.06,1,302.69007110595703
0.0,1,302.70707511901855
-0.06,1,302.72351932525635
-0.14,1,302.74052381515503
-0.14,1,302.7565269470215
-0.22,1,302.77353048324585
-0.31,1,302.7905340194702
-0.41,1,302.80754232406616
-0.51,1,302.8245460987091
-0.62,0,302.8420555591583
-0.62,0,302.8580596446991
-0.73,0,302.8750629425049
-0.85,0,302.8920667171478
-0.97,0,302.90907073020935
-1.11,0,302.9260742664337
-1.24,0,302.94307804107666
-1.36,0,302.9602527618408
-1.36,0,302.97725915908813
-1.48,0,302.99431705474854
-1.6,0,303.01032280921936
-1.72,0,303.02732729911804
-1.85,0,303.0444781780243
-1.98,0,303.0610921382904
-1.98,0,303.07809686660767
-2.13,0,303.09510016441345
-2.29,0,303.1121037006378
-2.45,-1,303.12810707092285
-2.62,-1,303.1451110839844
-2.79,-1,303.1621789932251
-2.79,-1,303.17811918258667
-2.98,-1,303.19512248039246
-3.16,-1,303.21212697029114
-3.35,-1,303.22913098335266
-3.54,-1,303.2451333999634
-3.73,-1,303.26213788986206
-3.73,-1,303.2781414985657
-3.93,-1,303.2952878475189
-4.14,-1,303.31214928627014
-4.34,-1,303.3291528224945
-4.56,-1,303.34615659713745
0.0,1,303.594144821167
-0.01,1,303.61114835739136
-0.02,1,303.62815284729004
-0.05,1,303.6451828479767
-0.08,1,303.66216111183167
-0.08,1,303.6781642436981
-0.12,1,303.69516706466675
-0.15,1,303.71217155456543
-0.18,1,303.72968769073486
-0.2,1,303.7461986541748
-0.24,1,303.7622022628784
-0.24,1,303.77920603752136
-0.29,1,303.7962236404419
-0.34,1,303.8132276535034
-0.41,1,303.8302311897278
-0.47,1,303.8472340106964
-0.54,0,303.8642382621765
-0.62,0,303.88026762008667
-0.62,0,303.89726185798645
-0.7,0,303.9142653942108
-0.78,0,303.930269241333
-0.87,0,303.94727301597595
-0.94,0,303.96427726745605
-1.03,0,303.9812808036804
-1.03,0,303.99828481674194
-1.1,0,304.01528811454773
-1.18,0,304.0312919616699
-1.27,0,304.04829573631287
-1.36,0,304.06530022621155
-1.45,0,304.0823175907135
-1.45,0,304.09932136535645
-1.56,0,304.1163263320923
-1.66,0,304.13332891464233
-1.78,0,304.1503324508667
-1.89,0,304.16733717918396
-2.01,0,304.18434047698975
-2.14,-1,304.2013440132141
-2.14,-1,304.2183482646942
-2.27,-1,304.2353518009186
-2.4,-1,304.25135946273804
-2.54,-1,304.2683629989624
-2.69,-1,304.2853670120239
-2.84,-1,304.30237007141113
-2.84,-1,304.3183741569519
-3.0,-1,304.33537793159485
-3.17,-1,304.3523819446564
-3.35,-1,304.36938548088074
-3.54,-1,304.3854043483734
-3.74,-1,304.40240836143494
-3.74,-1,304.4194121360779
-3.95,-1,304.4364311695099
-4.17,-1,304.4524350166321
0.0,1,304.7284965515137
-0.01,1,304.7455153465271
-0.02,1,304.7620816230774
-0.02,1,304.778523683548
-0.06,1,304.7955446243286
-0.1,1,304.81254839897156
-0.14,1,304.8285686969757
-0.2,1,304.8455729484558
-0.26,1,304.8619441986084
-0.26,1,304.87858033180237
-0.33,1,304.8956093788147
-0.4,1,304.9126136302948
-0.47,1,304.9296176433563
-0.54,0,304.9466350078583
-0.61,0,304.9626386165619
-0.7,0,304.97965574264526
-0.7,0,304.99567890167236
-0.79,0,305.01368284225464
-0.89,0,305.0296869277954
-1.0,0,305.04670667648315
-1.11,0,305.0637102127075
-1.23,0,305.08071398735046
-1.23,0,305.09776973724365
-1.36,0,305.1148157119751
-1.49,0,305.131863117218
-1.62,0,305.1478855609894
-1.76,0,305.16491293907166
-1.91,0,305.1821482181549
-1.91,0,305.1981506347656
-2.06,0,305.21547055244446
-2.22,-1,305.23248314857483
-2.37,-1,305.24903297424316
-2.52,-1,305.26603722572327
-2.66,-1,305.28204131126404
-2.66,-1,305.2990446090698
-2.8,-1,305.31604862213135
-2.93,-1,305.33305263519287
-3.06,-1,305.3500564098358
-3.19,-1,305.3670599460602
-3.32,-1,305.38406324386597
-3.46,-1,305.4010682106018
-3.46,-1,305.4180717468262
-3.6,-1,305.43507504463196
-3.73,-1,305.45107889175415
-3.86,-1,305.4680826663971
-3.99,-1,305.48508644104004
0.0,1,305.75099778175354
0.0,1,305.76800417900085
0.01,1,305.7850077152252
0.02,1,305.8020119667053
0.02,1,305.8190152645111
0.04,1,305.8360195159912
0.07,1,305.8520233631134
0.1,1,305.8690266609192
0.13,1,305.8860340118408
0.16,1,305.90303897857666
0.16,1,305.91904282569885
0.18,1,305.9360513687134
0.19,1,305.9530556201935
0.2,1,305.9690589904785
0.21,1,305.98606300354004
0.22,1,306.0030663013458
0.21,1,306.02007031440735
0.21,1,306.03708696365356
0.19,1,306.0540907382965
0.16,1,306.0710959434509
0.13,1,306.08809900283813
0.08,1,306.10510301589966
0.03,1,306.1221058368683
0.03,1,306.1391108036041
-0.04,1,306.15611362457275
-0.11,1,306.17211842536926
-0.2,1,306.1891212463379
-0.29,1,306.2061257362366
-0.39,1,306.2229826450348
-0.5,1,306.23956990242004
-0.5,1,306.25557351112366
-0.62,0,306.27357745170593
-0.75,0,306.29008650779724
-0.89,0,306.3070902824402
-1.04,0,306.32431626319885
-1.2,0,306.3413209915161
-1.2,0,306.357323884964
-1.35,0,306.3743271827698
-1.52,0,306.39133167266846
-1.69,0,306.4083352088928
-1.86,0,306.42534136772156
-2.03,0,306.4423463344574
-2.03,0,306.4583492279053
-2.22,0,306.47535276412964
-2.42,-1,306.49235701560974
-2.63,-1,306.50935983657837
-2.85,-1,306.52636766433716
-3.07,-1,306.54237151145935
-3.07,-1,306.5583744049072
-3.31,-1,306.5763783454895
-3.56,-1,306.5923833847046
-3.8,-1,306.60938692092896
-4.06,-1,306.6258795261383
-4.31,-1,306.6426875591278
-4.57,-1,306.65969133377075
-4.57,-1,306.6766948699951
-4.84,-1,306.6936984062195
0.0,1,306.9400715827942
0.0,1,306.95707511901855
-0.01,1,306.97407937049866
-0.02,1,306.991082906723
-0.04,1,307.00808691978455
-0.07,1,307.0250904560089
-0.11,1,307.04209446907043
-0.11,1,307.0590982437134
-0.16,1,307.0761020183563
-0.22,1,307.093106508255
-0.28,1,307.109614610672
-0.36,1,307.12561678886414
-0.44,1,307.14262104034424
-0.44,1,307.1586253643036
-0.52,0,307.1766333580017
-0.6,0,307.19263648986816
-0.67,0,307.20964002609253
-0.74,0,307.22633147239685
-0.81,0,307.2433354854584
-0.87,0,307.2599058151245
-0.87,0,307.276912689209
-0.94,0,307.2934362888336
-1.0,0,307.3105809688568
-1.06,0,307.327584028244
-1.12,0,307.3444378376007
-1.18,0,307.36144161224365
-1.18,0,307.37744545936584
-1.24,0,307.3944652080536
-1.29,0,307.41215682029724
-1.36,0,307.42847299575806
-1.42,0,307.4454913139343
-1.49,0,307.4614951610565
-1.49,0,307.4784998893738
-1.57,0,307.49552035331726
-1.65,0,307.51216197013855
-1.73,0,307.52852845191956
-1.8,0,307.545533657074
-1.87,0,307.5625355243683
-1.94,0,307.5800552368164
-1.94,0,307.59604811668396
-2.0,-1,307.61305141448975
-2.06,-1,307.6300551891327
-2.13,-1,307.6470592021942
-2.2,-1,307.66406297683716
-2.28,-1,307.6810669898987
-2.28,-1,307.6970829963684
-2.38,-1,307.7150778770447
-2.49,-1,307.73108172416687
-2.6,-1,307.74808406829834
-2.72,-1,307.76508021354675
-2.85,-1,307.7810842990875
-2.85,-1,307.79808735847473
-3.0,-1,307.8150918483734
-3.15,-1,307.8320953845978
-3.31,-1,307.84909892082214
-3.47,-1,307.8661034107208
-3.65,-1,307.8831069469452
-3.83,-1,307.9001705646515
0.0,1,308.1412432193756
0.0,1,308.15824604034424
-0.02,1,308.1752498149872
-0.04,1,308.1922550201416
-0.07,1,308.2082579135895
-0.11,1,308.2252616882324
-0.16,1,308.2422652244568
-0.16,1,308.25826930999756
-0.22,1,308.2752730846405
-0.3,1,308.29227685928345
-0.38,1,308.30928111076355
-0.46,1,308.32628440856934
-0.56,0,308.34328866004944
-0.66,0,308.3602569103241
-0.66,0,308.3762607574463
-0.78,0,308.39326524734497
-0.91,0,308.41026854515076
-1.05,0,308.42727279663086
-1.19,0,308.44430899620056
-1.34,0,308.4613130092621
-1.34,0,308.47832894325256
-1.51,0,308.4953200817108
-1.69,0,308.5123245716095
-1.87,0,308.5283281803131
-2.06,0,308.5456974506378
-2.25,-1,308.562335729599
-2.25,-1,308.57934165000916
-2.46,-1,308.59636092185974
-2.66,-1,308.61336517333984
-2.86,-1,308.63036942481995
-3.07,-1,308.64737272262573
-3.28,-1,308.66437673568726
-3.49,-1,308.6813795566559
-3.49,-1,308.6983845233917
-3.7,-1,308.7153880596161
-3.9,-1,308.7313916683197
-4.1,-1,308.7483947277069
-4.29,-1,308.7653992176056
-4.48,-1,308.7824034690857
0.0,1,308.97644901275635
-0.01,1,308.9934730529785
-0.02,1,309.0099539756775
-0.05,1,309.02646350860596
-0.07,1,309.0434672832489
-0.1,1,309.06047081947327
-0.1,1,309.0774748325348
-0.13,1,309.0944781303406
-0.17,1,309.1114819049835
-0.22,1,309.12748527526855
-0.27,1,309.1439619064331
-0.34,1,309.16096472740173
-0.34,1,309.1769688129425
-0.39,1,309.1939730644226
-0.44,1,309.21097588539124
-0.49,1,309.22798013687134
-0.54,0,309.24498438835144
-0.59,0,309.2609877586365
-0.59,0,309.277991771698
-0.66,0,309.2945213317871
-0.73,0,309.31152534484863
-0.82,0,309.3285286426544
-0.91,0,309.34562587738037
-1.01,0,309.3625361919403
-1.01,0,309.37853956222534
-1.12,0,309.3955748081207
-1.25,0,309.41254806518555
-1.38,0,309.4295518398285
-1.52,0,309.4465551376343
-1.67,0,309.4635591506958
-1.81,0,309.48056268692017
-1.81,0,309.4975666999817
-1.96,0,309.51457047462463
-2.13,0,309.53110456466675
-2.3,-1,309.5481026172638
-2.48,-1,309.56510758399963
-2.67,-1,309.58211064338684
-2.67,-1,309.59911489486694
-2.87,-1,309.6161184310913
-3.08,-1,309.6331219673157
-3.3,-1,309.6501257419586
-3.53,-1,309.6671302318573
-3.77,-1,309.68413376808167
-4.01,-1,309.70113801956177
-4.01,-1,309.71814131736755
-4.27,-1,309.7351450920105
-4.54,-1,309.7521493434906
0.0,1,309.98671078681946
-0.01,1,310.0038912296295
-0.02,1,310.0199227333069
-0.02,1,310.0369267463684
-0.06,1,310.05393052101135
-0.1,1,310.07093381881714
-0.14,1,310.08693742752075
-0.2,1,310.10394167900085
-0.26,1,310.1209456920624
-0.26,1,310.136949300766
-0.34,1,310.1549563407898
-0.43,1,310.1709609031677
-0.53,0,310.1879644393921
-0.63,0,310.20496892929077
-0.74,0,310.2219727039337
-0.74,0,310.2389757633209
-0.87,0,310.25597977638245
-1.01,0,310.27298307418823
-1.15,0,310.2899899482727
-1.3,0,310.30699396133423
-1.46,0,310.32399725914
-1.63,0,310.34100127220154
-1.63,0,310.35800528526306
-1.79,0,310.3750088214874
-1.94,0,310.3920133113861
-2.09,0,310.4090166091919
-2.24,-1,310.42602038383484
-2.38,-1,310.4430239200592
-2.51,-1,310.4600279331207
-2.51,-1,310.4770317077637
-2.64,-1,310.49403619766235
-2.76,-1,310.5110397338867
-2.88,-1,310.5280427932739
-3.0,-1,310.5453956127167
-3.12,-1,310.5623767375946
-3.12,-1,310.57905411720276
-3.25,-1,310.59605836868286
-3.38,-1,310.6123266220093
-3.52,-1,310.6290669441223
-3.66,-1,310.64606976509094
-3.8,-1,310.66307377815247
-3.95,-1,310.6800775527954
0.0,1,310.9486417770386
-0.01,1,310.965646982193
-0.02,1,310.98264932632446
-0.05,1,310.9996528625488
-0.05,1,311.0166597366333
-0.09,1,311.03316926956177
-0.14,1,311.0501732826233
-0.19,1,311.0671772956848
-0.26,1,311.0841817855835
-0.33,1,311.10118532180786
-0.33,1,311.1171877384186
-0.42,1,311.1341965198517
-0.51,0,311.1512005329132
-0.62,0,311.16820335388184
-0.72,0,311.1852135658264
-0.84,0,311.2022166252136
-0.84,0,311.2192208766937
-0.97,0,311.2362244129181
-1.11,0,311.2527325153351
-1.25,0,311.2697911262512
-1.38,0,311.2867953777313
-1.51,0,311.3037989139557
-1.63,0,311.3208029270172
-1.63,0,311.3373119831085
-1.75,0,311.35431933403015
-1.86,0,311.37167382240295
-1.97,0,311.3886775970459
-2.08,0,311.405681848526
-2.21,-1,311.4226882457733
-2.34,-1,311.43969202041626
-2.34,-1,311.4566957950592
-2.49,-1,311.473699092865
-2.64,-1,311.4907031059265
-2.81,-1,311.50770831108093
-2.98,-1,311.5237135887146
-3.15,-1,311.54071736335754
-3.15,-1,311.55672097206116
-3.34,-1,311.5745723247528
-3.53,-1,311.5905764102936
-3.73,-1,311.60757994651794
-3.94,-1,311.62458419799805
-4.16,-1,311.64158844947815
-4.16,-1,311.6575915813446
-4.39,-1,311.67459511756897
0.0,1,311.9105429649353
-0.01,1,311.92737650871277
-0.02,1,311.9433789253235
-0.05,1,311.960382938385
-0.05,1,311.97738790512085
-0.09,1,311.99439096450806
-0.14,1,312.0103950500488
-0.19,1,312.02739810943604
-0.26,1,312.0444025993347
-0.33,1,312.06140542030334
-0.33,1,312.07841062545776
-0.4,1,312.0954132080078
-0.48,1,312.11241722106934
-0.57,0,312.12942266464233
-0.66,0,312.14652609825134
-0.77,0,312.16342854499817
-0.88,0,312.1804325580597
-0.88,0,312.1974368095398
-1.01,0,312.21444034576416
-1.14,0,312.2314443588257
-1.29,0,312.2474479675293
-1.44,0,312.2644519805908
-1.6,0,312.28145599365234
-1.6,0,312.29745960235596
-1.78,0,312.31446290016174
-1.96,0,312.3314678668976
-2.15,0,312.3484733104706
-2.35,-1,312.36547660827637
-2.56,-1,312.38148164749146
-2.56,-1,312.39848709106445
-2.78,-1,312.4154939651489
-3.02,-1,312.4324972629547
-3.26,-1,312.4495017528534
-3.5,-1,312.4665050506592
-3.76,-1,312.4835088253021
-4.02,-1,312.50051283836365
-4.02,-1,312.517516374588
-4.3,-1,312.5345208644867
-4.59,-1,312.55052399635315
0.0,1,312.800035238266
0.0,1,312.8160388469696
-0.02,1,312.8330433368683
-0.04,1,312.85005044937134
-0.07,1,312.86605405807495
-0.11,1,312.8830578327179
-0.16,1,312.900062084198
-0.16,1,312.91706585884094
-0.22,1,312.93406915664673
-0.3,1,312.9501259326935
-0.38,1,312.9674861431122
-0.46,1,312.9845495223999
-0.56,0,313.00157165527344
-0.56,0,313.0181522369385
-0.67,0,313.03515696525574
-0.79,0,313.05216002464294
-0.92,0,313.06916427612305
-1.06,0,313.08616876602173
-1.2,0,313.10317397117615
-1.35,0,313.12017846107483
-1.35,0,313.13718605041504
-1.52,0,313.15419030189514
-1.68,0,313.17019414901733
-1.83,0,313.1869146823883
-1.99,0,313.20442271232605
-2.14,0,313.2214267253876
-2.14,0,313.2374310493469
-2.28,-1,313.2554349899292
-2.41,-1,313.2714385986328
-2.53,-1,313.28844261169434
-2.64,-1,313.30489230155945
-2.76,-1,313.32189655303955
-2.76,-1,313.3389000892639
-2.9,-1,313.35590386390686
-3.02,-1,313.3719081878662
-3.14,-1,313.3894715309143
-3.27,-1,313.4060583114624
-3.38,-1,313.4230623245239
-3.49,-1,313.4400658607483
-3.49,-1,313.4570701122284
-3.58,-1,313.4735779762268
-3.67,-1,313.4905812740326
-3.74,-1,313.5075852870941
0.0,1,313.732652425766
0.0,1,313.74965715408325
0.01,1,313.7666606903076
0.02,1,313.783664226532
0.04,1,313.80066776275635
0.04,1,313.81767177581787
0.06,1,313.83467507362366
0.09,1,313.850679397583
0.12,1,313.8676826953888
0.16,1,313.8846869468689
0.2,1,313.90169048309326
0.2,1,313.91869473457336
0.25,1,313.93569827079773
0.3,1,313.9517025947571
0.35,1,313.968709230423
0.4,1,313.9857134819031
0.45,1,314.002717256546
0.5,0,314.0197243690491
0.5,0,314.03672790527344
0.56,0,314.05373191833496
0.62,0,314.07073521614075
0.7,0,314.08773946762085
0.77,0,314.10474252700806
0.85,0,314.12102937698364
0.85,0,314.1370196342468
0.94,0,314.15402245521545
1.02,0,314.1711046695709
1.11,0,314.18803668022156
1.2,0,314.2050404548645
1.3,0,314.2220447063446
1.3,0,314.23904752731323
1.4,0,314.2560520172119
1.52,0,314.2720556259155
1.64,0,314.28909158706665
1.77,0,314.3060953617096
1.91,0,314.32309889793396
2.05,0,314.3397889137268
2.05,0,314.356791973114
2.22,-1,314.37379574775696
2.39,-1,314.39079999923706
2.56,-1,314.40780329704285
2.75,-1,314.4238076210022
2.94,-1,314.44081139564514
2.94,-1,314.4568145275116
3.15,-1,314.4738185405731
3.37,-1,314.49082255363464
3.6,-1,314.50782680511475
3.83,-1,314.52482986450195
4.07,-1,314.54083371162415
4.07,-1,314.5568370819092
4.33,-1,314.5738408565521
4.58,-1,314.5908455848694
0.0,1,314.8338644504547
0.0,1,314.85086846351624
0.01,1,314.8678753376007
0.01,1,314.8848788738251
0.02,1,314.9018828868866
0.02,1,314.9188861846924
0.03,1,314.9358899593353
0.05,1,314.95289421081543
0.06,1,314.9699008464813
0.08,1,314.9869050979614
0.1,1,315.00391006469727
0.12,1,315.0209126472473
0.12,1,315.03791642189026
0.14,1,315.0549201965332
0.15,1,315.0711908340454
0.15,1,315.0887517929077
0.14,1,315.10475611686707
0.12,1,315.12175965309143
0.12,1,315.13776206970215
0.1,1,315.1547658443451
0.08,1,315.1717698574066
0.06,1,315.18877363204956
0.05,1,315.2052867412567
0.03,1,315.2222902774811
0.03,1,315.23829340934753
0.02,1,315.2552971839905
0.0,1,315.27230072021484
-0.02,1,315.2893044948578
-0.06,1,315.30566596984863
-0.09,1,315.322669506073
-0.12,1,315.33967328071594
-0.12,1,315.3566770553589
-0.15,1,315.37313079833984
-0.19,1,315.3901343345642
-0.22,1,315.40713810920715
-0.25,1,315.4241421222687
-0.3,1,315.4411458969116
-0.3,1,315.4581501483917
-0.34,1,315.4751534461975
-0.37,1,315.4911572933197
-0.4,1,315.5081615447998
-0.43,1,315.525164604187
-0.45,1,315.54216861724854
-0.45,1,315.55917263031006
-0.46,1,315.57617712020874
-0.47,1,315.59354066848755
-0.47,1,315.60954427719116
-0.47,1,315.62654876708984
-0.47,1,315.64355182647705
-0.46,1,315.66055631637573
-0.46,1,315.6775598526001
-0.45,1,315.69456338882446
-0.44,1,315.71161913871765
-0.43,1,315.72862339019775
-0.42,1,315.7456269264221
-0.41,1,315.7626316547394
-0.41,1,315.77863478660583
-0.41,1,315.7956383228302
-0.41,1,315.81164288520813
-0.41,1,315.82864594459534
-0.41,1,315.8451552391052
-0.4,1,315.86258149147034
-0.4,1,315.87857460975647
-0.39,1,315.8950848579407
-0.37,1,315.91267943382263
-0.36,1,315.9301714897156
-0.35,1,315.94621539115906
-0.34,1,315.9631345272064
-0.33,1,315.98013830184937
-0.33,1,315.99614238739014
-0.33,1,316.01314544677734
-0.34,0,316.03014945983887
-0.36,0,316.0471534729004
-0.38,0,316.06415724754333
-0.41,0,316.0811607837677
-0.41,0,316.09818387031555
-0.45,0,316.1151719093323
-0.49,0,316.1317093372345
-0.54,0,316.14873337745667
-0.59,0,316.1647741794586
-0.65,0,316.1817955970764
-0.65,0,316.1988117694855
-0.69,0,316.21583104133606
-0.73,0,316.2328507900238
-0.77,0,316.250376701355
-0.81,0,316.2663915157318
-0.84,0,316.2832896709442
-0.88,0,316.3003795146942
-0.88,0,316.31737184524536
-0.92,0,316.33437848091125
-0.96,0,316.351389169693
-1.02,0,316.36849641799927
-1.08,0,316.38543939590454
-1.14,0,316.40244340896606
-1.14,0,316.419447183609
-1.2,0,316.43645119667053
-1.25,0,316.45245480537415
-1.29,0,316.4694585800171
-1.34,0,316.4864625930786
-1.38,0,316.5030539035797
-1.42,-1,316.5200574398041
-1.42,-1,316.5370650291443
-1.47,-1,316.5540683269501
-1.51,-1,316.5700719356537
-1.55,-1,316.5870761871338
-1.58,-1,316.6040794849396
-1.63,-1,316.62108302116394
-1.63,-1,316.6370871067047
-1.66,-1,316.6540913581848
-1.7,-1,316.6710948944092
-1.73,-1,316.6880986690521
-1.75,-1,316.7051022052765
-1.78,-1,316.7216103076935
-1.78,-1,316.7376136779785
-1.8,-1,316.75461745262146
-1.82,-1,316.7716212272644
-1.85,-1,316.7886252403259
-1.89,-1,316.8056287765503
-1.93,-1,316.82213950157166
-1.93,-1,316.8381767272949
-1.97,-1,316.8551845550537
-2.02,-1,316.8719036579132
-2.08,-1,316.8888957500458
0.0,1,317.1341001987457
0.0,1,317.1511027812958
-0.01,1,317.16810750961304
-0.02,1,317.1851108074188
-0.04,1,317.2021150588989
-0.04,1,317.2181189060211
-0.06,1,317.23512530326843
-0.09,1,317.2521288394928
-0.12,1,317.2691459655762
-0.16,1,317.2861497402191
-0.2,1,317.30315375328064
-0.24,1,317.32015776634216
-0.24,1,317.3371613025665
-0.29,1,317.3541646003723
-0.34,1,317.3711688518524
-0.39,1,317.3877782821655
-0.45,1,317.4047820568085
-0.51,0,317.4217870235443
-0.51,0,317.4387900829315
-0.58,0,317.45579409599304
-0.66,0,317.4727976322174
-0.74,0,317.48980164527893
-0.82,0,317.5068051815033
-0.9,0,317.5238094329834
-0.98,0,317.540812253952
-0.98,0,317.5578167438507
-1.06,0,317.57482051849365
-1.13,0,317.59082412719727
-1.2,0,317.60782742500305
-1.27,0,317.62483191490173
-1.34,0,317.6418356895447
-1.34,0,317.65783882141113
-1.43,0,317.6748425960541
-1.53,0,317.6918468475342
-1.64,0,317.7088499069214
-1.76,0,317.72585463523865
-1.88,0,317.74185848236084
-1.88,0,317.7578616142273
-2.02,0,317.7748656272888
-2.17,-1,317.79186940193176
-2.33,-1,317.8088729381561
-2.49,-1,317.8253812789917
-2.66,-1,317.84207129478455
-2.66,-1,317.8590748310089
-2.85,-1,317.87607860565186
-3.04,-1,317.8924741744995
-3.22,-1,317.90947794914246
-3.4,-1,317.9261703491211
-3.59,-1,317.9421739578247
-3.59,-1,317.9591774940491
-3.79,-1,317.97574520111084
-4.0,-1,317.99232959747314
-4.22,-1,318.0089342594147
0.0,1,318.2340350151062
0.01,1,318.25096464157104
0.02,1,318.2676057815552
0.05,1,318.2846097946167
0.08,1,318.3015868663788
0.08,1,318.3185908794403
0.12,1,318.33559465408325
0.17,1,318.3516135215759
0.23,1,318.36863827705383
0.3,1,318.3856554031372
0.37,1,318.4026589393616
0.44,1,318.4196627140045
0.44,1,318.4366776943207
0.5,1,318.4536850452423
0.56,0,318.47022342681885
0.61,0,318.48727536201477
0.65,0,318.5042450428009
0.69,0,318.5212519168854
0.69,0,318.53725576400757
0.74,0,318.5542588233948
0.79,0,318.5712637901306
0.86,0,318.5878915786743
0.93,0,318.60489535331726
1.02,0,318.6218993663788
1.02,0,318.63842487335205
1.11,0,318.655428647995
1.22,0,318.6724328994751
1.33,0,318.6894361972809
1.46,0,318.706440448761
1.58,0,318.7234437465668
1.71,0,318.7404477596283
1.71,0,318.7574517726898
1.84,0,318.77445554733276
1.97,0,318.79163432121277
2.1,0,318.80763721466064
2.23,-1,318.82464146614075
2.36,-1,318.8416452407837
2.36,-1,318.8576490879059
2.49,-1,318.8746528625488
2.62,-1,318.89165687561035
2.75,-1,318.90865993499756
2.87,-1,318.92566418647766
2.99,-1,318.9426681995392
2.99,-1,318.9586720466614
3.09,-1,318.97567558288574
3.19,-1,318.99268341064453
3.27,-1,319.00868701934814
3.35,-1,319.02569127082825
3.43,-1,319.0426948070526
3.49,-1,319.05969882011414
3.49,-1,319.07570242881775
3.55,-1,319.0937068462372
0.0,1,319.3347611427307
-0.01,1,319.3517642021179
-0.02,1,319.3682761192322
-0.05,1,319.3848009109497
-0.08,1,319.4018051624298
-0.08,1,319.4188086986542
-0.12,1,319.43581199645996
-0.15,1,319.4528315067291
-0.19,1,319.4698383808136
-0.22,1,319.48684215545654
-0.25,1,319.50384616851807
-0.28,1,319.52084970474243
-0.28,1,319.5378534793854
-0.3,1,319.55485677719116
-0.32,1,319.57186126708984
-0.34,1,319.5878643989563
-0.36,1,319.60486817359924
-0.38,1,319.6208724975586
-0.38,1,319.6378765106201
-0.39,1,319.6548795700073
-0.4,1,319.6711106300354
-0.41,1,319.68810176849365
-0.41,1,319.7051205635071
-0.42,1,319.7221269607544
-0.42,1,319.7381341457367
-0.42,1,319.7554476261139
-0.42,1,319.77189803123474
-0.41,1,319.7888879776001
-0.41,1,319.80579805374146
-0.4,1,319.8228015899658
-0.39,1,319.83980560302734
-0.39,1,319.85680985450745
-0.37,1,319.8738126754761
-0.36,1,319.88981676101685
-0.34,1,319.9066643714905
-0.32,1,319.9236674308777
-0.29,1,319.94067096710205
-0.29,1,319.9566750526428
-0.26,1,319.9736785888672
-0.23,1,319.99068236351013
-0.2,1,320.00768637657166
-0.16,1,320.02469062805176
-0.12,1,320.04169750213623
-0.12,1,320.05770111083984
-0.09,1,320.07470440864563
-0.08,1,320.0916359424591
-0.07,1,320.1076285839081
-0.05,1,320.1246314048767
-0.04,1,320.1416401863098
-0.04,1,320.15802121162415
-0.03,1,320.1750240325928
-0.02,1,320.1915476322174
-0.01,1,320.20854473114014
0.01,1,320.2255485057831
0.03,1,320.24210929870605
0.03,1,320.2591128349304
0.06,1,320.2761163711548
0.09,1,320.2931203842163
0.13,1,320.3091242313385
0.17,1,320.3261284828186
0.2,1,320.34313225746155
0.23,1,320.3601357936859
0.23,1,320.37613916397095
0.26,1,320.39314699172974
0.29,1,320.4101493358612
0.31,1,320.4271538257599
0.32,1,320.4431576728821
0.33,1,320.4601604938507
0.33,1,320.4771659374237
0.32,1,320.4941682815552
0.3,1,320.5111720561981
0.27,0,320.5281765460968
0.23,0,320.54509711265564
0.2,0,320.56210064888
0.2,0,320.5781047344208
0.17,0,320.5948238372803
0.15,0,320.6118280887604
0.11,0,320.6288321018219
0.08,0,320.64583563804626
0.05,0,320.6628394126892
0.05,0,320.6788430213928
0.03,0,320.6958465576172
0.02,0,320.711852312088
0.01,0,320.72885489463806
0.0,0,320.74621510505676
-0.01,0,320.76293683052063
-0.01,0,320.7798662185669
-0.01,0,320.79610800743103
0.0,0,320.81287360191345
0.01,0,320.82987689971924
0.03,0,320.84688115119934
0.05,0,320.8638844490051
0.07,0,320.8808879852295
0.07,0,320.8968918323517
0.11,0,320.9138958454132
0.13,0,320.93089985847473
0.16,0,320.9479031562805
0.18,0,320.9649078845978
0.19,0,320.981910943985
0.19,0,320.99891567230225
0.2,0,321.0159192085266
0.2,0,321.032922744751
0.2,0,321.0499265193939
0.2,0,321.0669300556183
0.19,0,321.0839340686798
0.19,0,321.10093808174133
0.19,0,321.1179413795471
0.19,0,321.1349449157715
0.19,0,321.15194869041443
0.18,-1,321.16895270347595
0.16,-1,321.1859564781189
0.14,-1,321.202960729599
0.12,-1,321.2199640274048
0.12,-1,321.23696780204773
0.09,-1,321.2539715766907
0.06,-1,321.2709758281708
0.03,-1,321.2879798412323
0.0,-1,321.3049831390381
-0.03,-1,321.32198691368103
-0.03,-1,321.33799147605896
-0.07,-1,321.35499453544617
-0.1,-1,321.3709981441498
-0.13,-1,321.3880021572113
-0.17,-1,321.4050061702728
-0.22,-1,321.42201042175293
-0.22,-1,321.43856501579285
-0.29,-1,321.4555687904358
-0.35,-1,321.4725730419159
-0.41,-1,321.48886489868164
-0.46,-1,321.5058686733246
0.0,1,321.746454000473
0.0,1,321.76405930519104
0.01,1,321.7800576686859
0.01,1,321.79706168174744
0.01,1,321.8140652179718
0.02,1,321.8310685157776
0.04,1,321.8480727672577
0.04,1,321.8640761375427
0.05,1,321.88162636756897
0.05,1,321.89763045310974
0.06,1,321.9146337509155
0.06,1,321.9316375255585
0.07,1,321.9486424922943
0.08,1,321.96564650535583
0.09,1,321.982786655426
0.09,1,321.99879002571106
0.11,1,322.015793800354
0.13,1,322.0327978134155
0.15,1,322.0494043827057
0.16,1,322.0664300918579
0.19,1,322.0834333896637
0.22,1,322.10043835639954
0.22,1,322.1174409389496
0.27,1,322.1344497203827
0.32,1,322.1514551639557
0.39,1,322.1674573421478
0.46,1,322.1839852333069
0.54,0,322.20098972320557
0.54,0,322.21799302101135
0.64,0,322.23499727249146
0.73,0,322.25200176239014
0.83,0,322.2690050601959
0.94,0,322.2860085964203
1.04,0,322.30301237106323
1.14,0,322.3200161457062
1.14,0,322.3370201587677
1.22,0,322.3540232181549
1.29,0,322.3700273036957
1.36,0,322.38703060150146
1.44,0,322.4040484428406
1.53,0,322.4200520515442
1.53,0,322.4370563030243
1.61,0,322.454078912735
1.68,0,322.47008204460144
1.74,0,322.4870855808258
1.8,0,322.50408959388733
1.85,0,322.5210928916931
1.85,0,322.5370967388153
1.88,0,322.5541009902954
1.9,0,322.57110476493835
1.92,-1,322.58810806274414
1.93,-1,322.60511207580566
1.93,-1,322.6221168041229
1.93,-1,322.63912057876587
1.91,-1,322.6561233997345
1.89,-1,322.67312717437744
1.86,-1,322.6891312599182
1.82,-1,322.7061347961426
1.77,-1,322.7231390476227
1.72,-1,322.7401785850525
1.72,-1,322.75717639923096
1.68,-1,322.7741801738739
1.63,-1,322.7901837825775
1.58,-1,322.80718779563904
1.53,-1,322.824191570282
1.48,-1,322.84119868278503
1.48,-1,322.85720229148865
1.43,-1,322.8752062320709
1.38,-1,322.89120984077454
1.33,-1,322.9082136154175
1.29,-1,322.92521715164185
1.24,-1,322.94222474098206
1.24,-1,322.9582281112671
1.2,-1,322.97623229026794
1.17,-1,322.99223613739014
1.13,-1,323.00923919677734
1.1,-1,323.02624559402466
1.06,-1,323.0422513484955
1.06,-1,323.0588231086731
1.04,-1,323.0758273601532
1.01,-1,323.09283423423767
0.99,-1,323.1093554496765
0.97,-1,323.12635946273804
0.95,-1,323.1433629989624
0.0,1,323.4054753780365
0.0,1,323.422479391098
0.01,1,323.43970012664795
0.01,1,323.45670652389526
0.01,1,323.4737288951874
0.02,1,323.49025774002075
0.04,1,323.5067663192749
0.05,1,323.5237855911255
0.07,1,323.540803194046
0.07,1,323.5578212738037
0.09,1,323.57483983039856
0.1,1,323.5913746356964
0.11,1,323.60838174819946
0.13,1,323.62464928627014
0.15,1,323.6416528224945
0.15,1,323.6576566696167
0.16,1,323.67466044425964
0.16,1,323.69178795814514
0.16,1,323.7082986831665
0.15,1,323.7253019809723
0.14,1,323.74230551719666
0.14,1,323.75830912590027
0.13,1,323.77531385421753
0.12,1,323.79231667518616
0.1,1,323.80932092666626
0.09,1,323.82527565956116
0.09,1,323.84175300598145
0.09,1,323.8587565422058
0.08,1,323.87575936317444
0.09,1,323.8928952217102
0.09,1,323.9105076789856
0.1,1,323.92650270462036
0.12,1,323.9435076713562
0.13,1,323.96051001548767
0.13,1,323.97651410102844
0.15,1,323.9935178756714
0.15,1,324.0105218887329
0.15,1,324.0265254974365
0.14,1,324.04352927207947
0.14,1,324.0600390434265
0.14,1,324.07704305648804
0.14,1,324.0940463542938
0.13,1,324.11092734336853
0.11,1,324.13092279434204
0.09,1,324.14892745018005
0.06,1,324.1619300842285
0.06,1,324.17793345451355
0.01,1,324.1949374675751
-0.05,1,324.211941242218
-0.11,1,324.22894644737244
-0.18,1,324.24594926834106
-0.26,1,324.262953042984
-0.35,1,324.27995681762695
-0.35,1,324.29696011543274
-0.46,1,324.3139646053314
-0.57,1,324.33096837997437
-0.69,0,324.34797167778015
-0.82,0,324.36497592926025
-0.95,0,324.38198018074036
-0.95,0,324.3989837169647
-1.08,0,324.4159870147705
-1.21,0,324.4319911003113
-1.34,0,324.4489953517914
-1.47,0,324.46599817276
-1.59,0,324.48300218582153
-1.59,0,324.49900579452515
-1.71,0,324.5159342288971
-1.83,0,324.53293776512146
-1.95,0,324.5499415397644
-2.06,0,324.5669460296631
-2.17,0,324.58394956588745
-2.28,0,324.6009545326233
-2.28,0,324.616956949234
-2.39,0,324.6339604854584
-2.49,-1,324.6509644985199
-2.59,-1,324.66796827316284
-2.69,-1,324.68497228622437
-2.79,-1,324.70197558403015
-2.79,-1,324.7189803123474
-2.89,-1,324.73598313331604
-2.98,-1,324.7529876232147
-3.07,-1,324.76999139785767
-3.16,-1,324.78699564933777
-3.24,-1,324.8039996623993
-3.34,-1,324.82100224494934
-3.34,-1,324.83748388290405
-3.45,-1,324.8544874191284
-3.56,-1,324.8714919090271
-3.69,-1,324.88849544525146
-3.82,-1,324.90549898147583
-3.97,-1,324.9220633506775
-4.12,-1,324.9396741390228
0.0,1,325.18194818496704
0.0,1,325.1979558467865
-0.02,1,325.21496081352234
-0.04,1,325.2319893836975
-0.07,1,325.2489719390869
-0.11,1,325.26597905158997
-0.16,1,325.2828879356384
-0.22,1,325.2998914718628
-0.22,1,325.3165330886841
-0.29,1,325.3338828086853
-0.37,1,325.34988594055176
-0.46,1,325.3668909072876
-0.55,0,325.383882522583
-0.66,0,325.40021324157715
-0.66,0,325.41720628738403
-0.78,0,325.43433809280396
-0.9,0,325.4503421783447
-1.04,0,325.46734619140625
-1.18,0,325.48434925079346
-1.34,0,325.50135374069214
-1.34,0,325.51835680007935
-1.49,0,325.53520798683167
-1.66,0,325.5522119998932
-1.83,0,325.5682156085968
-2.0,0,325.58521938323975
-2.17,0,325.6022231578827
-2.17,0,325.61922693252563
-2.33,-1,325.63623118400574
-2.48,-1,325.6532347202301
-2.63,-1,325.67023849487305
-2.78,-1,325.687242269516
-2.92,-1,325.70424580574036
-3.06,-1,325.72125005722046
-3.06,-1,325.7372534275055
-3.2,-1,325.75425720214844
-3.34,-1,325.77126145362854
-3.47,-1,325.7882647514343
-3.6,-1,325.8052682876587
-3.74,-1,325.8222723007202
-3.74,-1,325.8382759094238
-3.87,-1,325.85527992248535
-4.0,-1,325.8722834587097
0.0,1,326.11484694480896
-0.01,1,326.1319212913513
-0.02,1,326.1489133834839
-0.05,1,326.165917634964
-0.08,1,326.18292021751404
-0.12,1,326.199923992157
-0.12,1,326.21694326400757
-0.18,1,326.2339470386505
-0.24,1,326.25095081329346
-0.31,1,326.2679662704468
-0.38,1,326.2849705219269
-0.47,1,326.30197501182556
-0.47,1,326.31897830963135
-0.57,0,326.3359818458557
-0.68,0,326.35298562049866
-0.79,0,326.36998987197876
-0.92,0,326.38699316978455
-1.05,0,326.40399718284607
-1.19,0,326.4210011959076
-1.19,0,326.4380042552948
-1.33,0,326.45500802993774
-1.49,0,326.4710156917572
-1.65,0,326.4880220890045
-1.82,0,326.50502610206604
-2.0,0,326.5220296382904
-2.0,0,326.5390338897705
-2.19,0,326.5560390949249
-2.38,-1,326.57205748558044
-2.57,-1,326.5890636444092
-2.76,-1,326.6060674190521
-2.94,-1,326.6230719089508
-3.13,-1,326.63970160484314
-3.13,-1,326.65670585632324
-3.3,-1,326.67370867729187
-3.48,-1,326.69071316719055
-3.65,-1,326.70771646499634
-3.83,-1,326.7237231731415
-4.0,-1,326.74124932289124
-4.0,-1,326.7572524547577
-4.16,-1,326.77484011650085
-4.33,-1,326.7918436527252
0.0,1,327.0497555732727
-0.01,1,327.06675958633423
-0.02,1,327.0837633609772
-0.05,1,327.1007671356201
-0.05,1,327.1167747974396
-0.09,1,327.1347780227661
-0.14,1,327.15078616142273
-0.19,1,327.16778898239136
-0.26,1,327.1847927570343
-0.33,1,327.2017970085144
-0.33,1,327.21880054473877
-0.42,1,327.2356975078583
-0.51,0,327.2522072792053
-0.62,0,327.26920986175537
-0.73,0,327.28621339797974
-0.85,0,327.30321764945984
-0.98,0,327.32022166252136
-0.98,0,327.3372287750244
-1.11,0,327.3541371822357
-1.25,0,327.37114095687866
-1.39,0,327.38714504241943
-1.54,0,327.40416145324707
-1.68,0,327.4211654663086
-1.68,0,327.4377017021179
-1.82,0,327.45521211624146
-1.96,0,327.47163009643555
-2.11,0,327.4892067909241
-2.26,-1,327.50621032714844
-2.41,-1,327.5222144126892
-2.41,-1,327.5387692451477
-2.59,-1,327.5557904243469
-2.75,-1,327.5732991695404
-2.91,-1,327.59045028686523
-3.06,-1,327.607439994812
-3.2,-1,327.62434005737305
-3.34,-1,327.6415979862213
-3.34,-1,327.6570026874542
-3.46,-1,327.6750063896179
-3.57,-1,327.69101071357727
-3.67,-1,327.7080132961273
-3.76,-1,327.72501707077026
-3.86,-1,327.74202156066895
0.0,1,328.0056252479553
0.0,1,328.022629737854
0.01,1,328.03963327407837
0.01,1,328.0566370487213
0.03,1,328.0736405849457
0.05,1,328.0906445980072
0.07,1,328.1076486110687
0.09,1,328.12465143203735
0.1,1,328.1411621570587
0.1,1,328.1581664085388
0.09,1,328.1751699447632
0.07,1,328.19168066978455
0.05,1,328.2086844444275
0.02,1,328.22568821907043
-0.01,1,328.241694688797
-0.01,1,328.25869846343994
-0.03,1,328.2757022380829
-0.06,1,328.29289174079895
-0.1,1,328.30989623069763
-0.14,1,328.3258993625641
-0.19,1,328.34290313720703
-0.24,1,328.35990715026855
-0.24,1,328.375910282135
-0.28,1,328.39291429519653
-0.32,1,328.4099180698395
-0.36,1,328.42692160606384
-0.39,1,328.4428734779358
-0.43,1,328.4598779678345
-0.43,1,328.4768810272217
-0.47,1,328.4938852787018
-0.52,0,328.5108890533447
-0.57,0,328.52789330482483
-0.62,0,328.5438950061798
-0.66,0,328.5608992576599
-0.66,0,328.5769021511078
-0.7,0,328.5939061641693
-0.74,0,328.6109092235565
-0.78,0,328.62791323661804
-0.84,0,328.64444184303284
-0.9,0,328.6614465713501
-0.9,0,328.67744970321655
-0.98,0,328.69519209861755
-1.06,0,328.7121961116791
-1.15,0,328.729199886322
-1.24,0,328.74675250053406
-1.34,0,328.7632067203522
-1.45,0,328.7802109718323
-1.45,0,328.7968170642853
-1.58,0,328.8137152194977
-1.71,0,328.8302228450775
-1.85,0,328.8472263813019
-2.0,0,328.8642301559448
-2.16,-1,328.88123416900635
-2.16,-1,328.8982379436493
-2.34,-1,328.9152412414551
-2.52,-1,328.9322226047516
-2.71,-1,328.94922614097595
-2.91,-1,328.9662296772003
-3.11,-1,328.983234167099
-3.33,-1,329.00023889541626
-3.33,-1,329.0172417163849
-3.56,-1,329.03369545936584
-3.79,-1,329.05069875717163
-4.04,-1,329.0677034854889
-4.29,-1,329.0846972465515
-4.54,-1,329.10192584991455
0.0,1,329.3617033958435
0.0,1,329.3786187171936
-0.02,1,329.3956949710846
-0.02,1,329.41270303726196
-0.03,1,329.4298851490021
-0.03,1,329.44694995880127
-0.04,1,329.4633777141571
-0.06,1,329.4799566268921
-0.06,1,329.49670696258545
-0.09,1,329.51396441459656
-0.13,1,329.52996802330017
-0.17,1,329.5469722747803
-0.22,1,329.56397581100464
-0.28,1,329.5809795856476
-0.28,1,329.5979835987091
-0.35,1,329.6149868965149
-0.42,1,329.6319913864136
-0.51,0,329.648898601532
-0.6,0,329.6657531261444
-0.7,0,329.6820456981659
-0.7,0,329.6990373134613
-0.79,0,329.7160403728485
-0.88,0,329.7330448627472
-0.96,0,329.7490482330322
-1.04,0,329.76605248451233
-1.13,0,329.7830550670624
-1.21,0,329.8000602722168
-1.21,0,329.81606340408325
-1.3,0,329.8330669403076
-1.41,0,329.8500711917877
-1.52,0,329.86707520484924
-1.64,0,329.8840787410736
-1.77,0,329.90108466148376
-1.77,0,329.91708612442017
-1.91,0,329.9345951080322
-2.06,0,329.95159935951233
-2.21,-1,329.96860337257385
-2.38,-1,329.98529529571533
-2.54,-1,330.00229930877686
-2.54,-1,330.0193030834198
-2.69,-1,330.036306142807
-2.84,-1,330.0523097515106
-3.0,-1,330.06931376457214
-3.15,-1,330.0863175392151
-3.3,-1,330.1033225059509
-3.45,-1,330.1203248500824
-3.45,-1,330.1368336677551
-3.59,-1,330.1538383960724
-3.72,-1,330.170841217041
-3.87,-1,330.1874580383301
-4.01,-1,330.2044620513916
0.0,1,330.47290086746216
0.0,1,330.4898889064789
0.01,1,330.50689339637756
0.0,1,330.52389669418335
-0.01,1,330.5409004688263
-0.01,1,330.5579044818878
-0.03,1,330.57490849494934
-0.07,1,330.5919120311737
-0.11,1,330.6084198951721
-0.15,1,330.6254243850708
-0.21,1,330.6424276828766
-0.21,1,330.65843081474304
-0.27,1,330.6754517555237
-0.33,1,330.69273829460144
-0.4,1,330.70924735069275
-0.48,1,330.7262508869171
-0.56,0,330.7436990737915
-0.64,0,330.7602083683014
-0.64,0,330.7772123813629
-0.73,0,330.7942156791687
-0.82,0,330.81121945381165
-0.91,0,330.82822370529175
-1.0,0,330.8452272415161
-1.1,0,330.86123180389404
-1.1,0,330.87823581695557
-1.21,0,330.89523816108704
-1.32,0,330.91224217414856
-1.43,0,330.9292459487915
-1.55,0,330.94624972343445
-1.67,0,330.9634778499603
-1.8,0,330.9802579879761
-1.8,0,330.99698877334595
-1.93,0,331.01363587379456
-2.07,0,331.03026843070984
-2.22,-1,331.04727244377136
-2.38,-1,331.0642759799957
-2.55,-1,331.0802803039551
-2.55,-1,331.0972843170166
-2.73,-1,331.11428785324097
-2.92,-1,331.13129138946533
-3.12,-1,331.1473171710968
-3.32,-1,331.1642985343933
-3.54,-1,331.18181467056274
-3.54,-1,331.1978144645691
-3.77,-1,331.21481704711914
-4.01,-1,331.231885433197
-4.25,-1,331.2488799095154
-4.5,-1,331.2658836841583
0.0,1,331.52994537353516
-0.01,1,331.5469563007355
-0.02,1,331.5639524459839
-0.05,1,331.5815613269806
-0.05,1,331.5975592136383
-0.09,1,331.61456322669983
-0.14,1,331.6315667629242
-0.19,1,331.64857029914856
-0.26,1,331.66557478904724
-0.32,1,331.68257880210876
-0.4,1,331.6997489929199
-0.4,1,331.7162735462189
-0.48,1,331.73327684402466
-0.57,0,331.75028109550476
-0.66,0,331.7672851085663
-0.76,0,331.78428888320923
-0.86,0,331.8012926578522
-0.86,0,331.8172957897186
-0.96,0,331.8352999687195
-1.06,0,331.8513038158417
-1.16,0,331.8683075904846
-1.26,0,331.8853108882904
-1.36,0,331.9023151397705
-1.36,0,331.91931915283203
-1.47,0,331.93632221221924
-1.58,0,331.95332646369934
-1.69,0,331.9693305492401
-1.82,0,331.98633337020874
-1.95,0,332.00333762168884
-2.09,0,332.0203413963318
-2.09,0,332.0373454093933
-2.24,-1,332.0543489456177
-2.39,-1,332.0713529586792
-2.55,-1,332.08786129951477
-2.72,-1,332.1038661003113
-2.9,-1,332.12086963653564
-2.9,-1,332.13837909698486
-3.08,-1,332.1553828716278
-3.28,-1,332.1713864803314
-3.48,-1,332.18877840042114
-3.69,-1,332.205783367157
-3.9,-1,332.22278666496277
-4.1,-1,332.2401330471039
-4.1,-1,332.25713634490967
-4.31,-1,332.27414059638977
0.0,1,332.54670000076294
-0.01,1,332.5632395744324
-0.02,1,332.58024406433105
-0.02,1,332.5972476005554
-0.06,1,332.6142511367798
-0.1,1,332.63125467300415
-0.14,1,332.64825892448425
-0.2,1,332.66526317596436
-0.26,1,332.6822667121887
-0.26,1,332.6982705593109
-0.34,1,332.7152736186981
-0.43,1,332.73227763175964
-0.52,0,332.7492814064026
-0.62,0,332.76628518104553
-0.73,0,332.78328919410706
-0.83,0,332.80029368400574
-0.83,0,332.81629633903503
-0.93,0,332.833300113678
-1.02,0,332.85030484199524
-1.12,0,332.867308139801
-1.23,0,332.88420605659485
-1.34,0,332.90121054649353
-1.34,0,332.9182140827179
-1.45,0,332.93521785736084
-1.57,0,332.9522211551666
-1.68,0,332.9692244529724
-1.79,0,332.9862291812897
-1.9,0,333.0032334327698
-2.02,0,333.02023673057556
-2.02,0,333.0371525287628
-2.14,-1,333.0541582107544
-2.28,-1,333.07116055488586
-2.42,-1,333.08867287635803
-2.58,-1,333.1056764125824
-2.74,-1,333.12268018722534
-2.89,-1,333.1397068500519
-2.89,-1,333.1557333469391
-3.05,-1,333.17373728752136
-3.21,-1,333.1897406578064
-3.36,-1,333.20674538612366
-3.51,-1,333.22374844551086
-3.66,-1,333.23975229263306
-3.66,-1,333.2567558288574
-3.84,-1,333.27375984191895
-4.01,-1,333.2907643318176
-4.17,-1,333.30776739120483
0.0,1,333.5749406814575
-0.01,1,333.5919454097748
-0.02,1,333.60894775390625
-0.05,1,333.6249520778656
-0.07,1,333.6425564289093
-0.1,1,333.6595604419708
-0.1,1,333.67587447166443
-0.14,1,333.6928799152374
-0.19,1,333.70938777923584
-0.25,1,333.7263913154602
-0.32,1,333.74269676208496
-0.38,1,333.7597005367279
-0.38,1,333.7757041454315
-0.47,1,333.79271125793457
-0.56,0,333.80971455574036
-0.66,0,333.8267180919647
-0.77,0,333.8427221775055
-0.88,0,333.859726190567
-0.88,0,333.87572979927063
-0.99,0,333.8933849334717
-1.1,0,333.9103879928589
-1.2,0,333.9263916015625
-1.29,0,333.9433958530426
-1.38,0,333.960401058197
-1.38,0,333.9764029979706
-1.48,0,333.99340748786926
-1.57,0,334.01041054725647
-1.67,0,334.0274147987366
-1.76,0,334.04441809654236
-1.85,0,334.0614221096039
-1.85,0,334.0784261226654
-1.94,0,334.09543013572693
-2.03,0,334.11243319511414
-2.14,-1,334.1294369697571
-2.25,-1,334.1459493637085
-2.36,-1,334.1629524230957
-2.36,-1,334.17895698547363
-2.5,-1,334.1959602832794
-2.63,-1,334.2129650115967
-2.77,-1,334.2290439605713
-2.91,-1,334.2469506263733
-3.07,-1,334.2635567188263
-3.23,-1,334.280561208725
-3.23,-1,334.297287940979
-3.39,-1,334.31429147720337
-3.56,-1,334.3313055038452
-3.73,-1,334.34830260276794
-3.9,-1,334.3653061389923
-4.07,-1,334.3823139667511
0.0,1,334.65270590782166
-0.01,1,334.6697096824646
-0.02,1,334.68648886680603
-0.05,1,334.70349311828613
-0.08,1,334.7204966545105
-0.08,1,334.73776936531067
-0.13,1,334.7542772293091
-0.18,1,334.7712814807892
-0.24,1,334.7882866859436
-0.31,1,334.80428886413574
-0.39,1,334.8212933540344
-0.39,1,334.83769512176514
-0.47,1,334.8552052974701
-0.56,0,334.8712091445923
-0.65,0,334.88821387290955
-0.76,0,334.905216217041
-0.87,0,334.92222118377686
-0.87,0,334.93872904777527
-0.98,0,334.9552574157715
-1.1,0,334.972261428833
-1.22,0,334.9892656803131
-1.33,0,335.0062687397003
-1.44,0,335.02327251434326
-1.54,0,335.04027676582336
-1.54,0,335.05728030204773
-1.64,0,335.07428431510925
-1.74,0,335.0912883281708
-1.83,0,335.11329317092896
-1.91,0,335.1272964477539
-1.99,0,335.14229941368103
-1.99,0,335.15830659866333
-2.07,0,335.1753101348877
-2.14,-1,335.1923143863678
-2.2,-1,335.209059715271
-2.27,-1,335.2260630130768
-2.32,-1,335.2423677444458
-2.32,-1,335.25837111473083
-2.37,-1,335.2763752937317
-2.43,-1,335.29237842559814
-2.5,-1,335.30938267707825
-2.57,-1,335.3253860473633
-2.64,-1,335.3423902988434
-2.64,-1,335.3593940734863
-2.72,-1,335.37639713287354
-2.8,-1,335.3924014568329
-2.88,-1,335.4094054698944
-2.97,-1,335.42640948295593
-3.06,-1,335.4434127807617
-3.16,-1,335.4604158401489
-3.16,-1,335.476420879364
-3.27,-1,335.4935429096222
-3.39,-1,335.51054668426514
-3.52,-1,335.5275504589081
0.0,1,335.79759883880615
-0.01,1,335.8146028518677
-0.02,1,335.8316071033478
-0.05,1,335.8486108779907
-0.08,1,335.86561465263367
-0.12,1,335.8826177120209
-0.12,1,335.89862155914307
-0.18,1,335.9161322116852
-0.24,1,335.93313550949097
-0.31,1,335.9501395225525
-0.39,1,335.96714305877686
-0.48,1,335.98414874076843
-0.58,0,336.0011537075043
-0.58,0,336.0171582698822
-0.69,0,336.0351617336273
-0.81,0,336.0511665344238
-0.94,0,336.0681688785553
-1.06,0,336.0856783390045
-1.2,0,336.1022439002991
-1.2,0,336.1182482242584
-1.35,0,336.1352524757385
-1.49,0,336.15225553512573
-1.65,0,336.1692588329315
-1.81,0,336.1852626800537
-1.97,0,336.20269203186035
-2.12,0,336.2196958065033
-2.12,0,336.23669958114624
-2.28,-1,336.2537033557892
-2.43,-1,336.27070665359497
-2.58,-1,336.2877633571625
-2.74,-1,336.30476689338684
-2.9,-1,336.32177090644836
-2.9,-1,336.33877444267273
-3.07,-1,336.3557782173157
-3.25,-1,336.3727824687958
-3.44,-1,336.38978600502014
-3.63,-1,336.40679001808167
-3.84,-1,336.422874212265
-4.05,-1,336.4399034976959
-4.05,-1,336.4558582305908
-4.28,-1,336.47288823127747
-4.5,-1,336.49007987976074
0.0,1,336.7430377006531
-0.01,1,336.760041475296
-0.01,1,336.77704548835754
-0.03,1,336.794061422348
-0.06,1,336.8110656738281
-0.09,1,336.8275752067566
-0.13,1,336.84357833862305
-0.17,1,336.86058259010315
-0.17,1,336.8775863647461
-0.23,1,336.8945896625519
-0.29,1,336.91159415245056
-0.36,1,336.927597284317
-0.44,1,336.9446005821228
-0.53,0,336.9616048336029
-0.53,0,336.97860836982727
-0.64,0,336.9956121444702
-0.74,0,337.0126156806946
-0.85,0,337.0296211242676
-0.97,0,337.0466241836548
-1.08,0,337.0636281967163
-1.21,0,337.0812499523163
-1.21,0,337.0972487926483
-1.34,0,337.11425161361694
-1.46,0,337.13177132606506
-1.58,0,337.147766828537
-1.7,0,337.16527676582336
-1.81,0,337.1817989349365
-1.81,0,337.19779109954834
-1.93,0,337.2147948741913
-2.05,0,337.2307975292206
-2.17,-1,337.24827241897583
-2.28,-1,337.2652769088745
-2.39,-1,337.28228092193604
-2.39,-1,337.29928517341614
-2.5,-1,337.31597805023193
-2.61,-1,337.33286452293396
-2.73,-1,337.35016918182373
-2.86,-1,337.36616349220276
-3.0,-1,337.3831660747528
-3.15,-1,337.399169921875
-3.15,-1,337.4161739349365
-3.31,-1,337.43268179893494
-3.48,-1,337.4496865272522
-3.66,-1,337.466689825058
-3.84,-1,337.4838659763336
-4.04,-1,337.50038027763367
-4.04,-1,337.5173804759979
-4.24,-1,337.534384727478
0.0,1,337.78773641586304
-0.01,1,337.8051688671112
-0.02,1,337.8221871852875
-0.02,1,337.839191198349
-0.06,1,337.8561944961548
-0.1,1,337.87219882011414
-0.14,1,337.8897063732147
-0.2,1,337.9062149524689
-0.26,1,337.9232189655304
-0.34,1,337.94022274017334
-0.34,1,337.95724081993103
-0.42,1,337.97424364089966
-0.52,0,337.9912483692169
-0.62,0,338.0082516670227
-0.71,0,338.02525544166565
-0.82,0,338.0422685146332
-0.82,0,338.0591633319855
-0.94,0,338.0761663913727
-1.06,0,338.09217047691345
-1.2,0,338.1091732978821
-1.34,0,338.1261773109436
-1.5,0,338.1431818008423
-1.66,0,338.16018533706665
-1.66,0,338.17618894577026
-1.82,0,338.1931929588318
-1.98,0,338.2097656726837
-2.15,0,338.2267701625824
-2.31,-1,338.2432985305786
-2.46,-1,338.2603063583374
-2.46,-1,338.27631187438965
-2.62,-1,338.2933211326599
-2.77,-1,338.31033968925476
-2.92,-1,338.3273096084595
-3.06,-1,338.34331727027893
-3.2,-1,338.3603353500366
-3.2,-1,338.3763303756714
-3.34,-1,338.3933346271515
-3.5,-1,338.4102623462677
-3.66,-1,338.427259683609
-3.83,-1,338.4442641735077
-4.01,-1,338.4612674713135
-4.01,-1,338.4772710800171
-4.2,-1,338.49427461624146
0.0,1,338.7540099620819
0.0,1,338.77102422714233
-0.01,1,338.7880234718323
-0.03,1,338.80486536026
-0.05,1,338.8218696117401
-0.05,1,338.83887243270874
-0.09,1,338.85587668418884
-0.14,1,338.87188053131104
-0.2,1,338.8885178565979
-0.26,1,338.9055223464966
-0.33,1,338.9225261211395
-0.4,1,338.939560174942
-0.4,1,338.95606899261475
-0.5,1,338.9730725288391
-0.6,0,338.99007654190063
-0.7,0,339.0070798397064
-0.82,0,339.0240840911865
-0.94,0,339.04059982299805
-0.94,0,339.05811047554016
-1.08,0,339.07511472702026
-1.23,0,339.0916237831116
-1.39,0,339.1086275577545
-1.55,0,339.12463188171387
-1.72,0,339.1416347026825
-1.72,0,339.1581485271454
-1.91,0,339.1751515865326
-2.11,0,339.19215536117554
-2.31,-1,339.2091646194458
-2.52,-1,339.2261686325073
-2.74,-1,339.24218678474426
-2.74,-1,339.2581932544708
-2.98,-1,339.2751998901367
-3.22,-1,339.2922031879425
-3.48,-1,339.30920696258545
-3.74,-1,339.32621145248413
-4.0,-1,339.3422293663025
-4.0,-1,339.359233379364
-4.29,-1,339.37623739242554
-4.57,-1,339.3932406902313
0.0,1,339.6443121433258
-0.01,1,339.661315202713
-0.01,1,339.67731857299805
-0.03,1,339.6943233013153
-0.06,1,339.71132612228394
-0.1,1,339.72833037376404
-0.15,1,339.7453420162201
-0.21,1,339.7613379955292
-0.21,1,339.7783410549164
-0.28,1,339.7953453063965
-0.36,1,339.8123495578766
-0.45,1,339.8288583755493
-0.54,0,339.84586238861084
-0.64,0,339.8628661632538
-0.74,0,339.87986946105957
-0.74,0,339.8965232372284
-0.85,0,339.9137473106384
-0.96,0,339.9305307865143
-1.07,0,339.94753408432007
-1.19,0,339.96404457092285
-1.31,0,339.9810485839844
-1.31,0,339.99717950820923
-1.43,0,340.0140564441681
-1.56,0,340.03067803382874
-1.69,0,340.04768109321594
-1.82,0,340.06468510627747
-1.95,0,340.081889629364
-1.95,0,340.0988812446594
-2.07,0,340.11539816856384
-2.19,-1,340.13239455223083
-2.31,-1,340.1493990421295
-2.42,-1,340.1664025783539
-2.54,-1,340.18340611457825
-2.65,-1,340.20052433013916
-2.65,-1,340.2175180912018
-2.77,-1,340.23452162742615
-2.88,-1,340.25103068351746
-3.01,-1,340.26803398132324
-3.13,-1,340.28403782844543
-3.25,-1,340.3010444641113
-3.25,-1,340.3180482387543
-3.38,-1,340.33505177497864
-3.51,-1,340.3520574569702
-3.65,-1,340.3680613040924
-3.8,-1,340.3845705986023
-3.95,-1,340.4020802974701
0.0,1,340.6566879749298
-0.01,1,340.67370867729187
-0.02,1,340.69074511528015
-0.05,1,340.70677971839905
-0.08,1,340.7238175868988
-0.12,1,340.7408676147461
-0.12,1,340.7578845024109
-0.18,1,340.77481508255005
-0.24,1,340.7913451194763
-0.31,1,340.808598279953
-0.39,1,340.82513666152954
-0.48,1,340.8421399593353
-0.48,1,340.8580138683319
-0.58,0,340.87501764297485
-0.7,0,340.8920216560364
-0.82,0,340.90902519226074
-0.94,0,340.92502903938293
-1.08,0,340.94203305244446
-1.08,0,340.95803928375244
-1.22,0,340.97504329681396
-1.37,0,340.99204754829407
-1.52,0,341.009051322937
-1.68,0,341.0260558128357
-1.84,0,341.04305839538574
-1.84,0,341.05906224250793
-2.02,0,341.0760657787323
-2.2,0,341.093070268631
-2.4,-1,341.1100730895996
-2.59,-1,341.12707686424255
-2.79,-1,341.14308190345764
-2.98,-1,341.1600844860077
-2.98,-1,341.1760890483856
-3.19,-1,341.19309186935425
-3.4,-1,341.21009945869446
-3.6,-1,341.2271032333374
-3.79,-1,341.24410700798035
-3.98,-1,341.26011323928833
-3.98,-1,341.27711725234985
-4.15,-1,341.2941219806671
-4.32,-1,341.310124874115
0.0,1,341.5681941509247
0.0,1,341.5852122306824
0.01,1,341.6022164821625
0.01,1,341.61922001838684
0.03,1,341.6362385749817
0.05,1,341.65324234962463
0.07,1,341.6702461242676
0.1,1,341.6872670650482
0.13,1,341.70427083969116
0.16,1,341.721275806427
0.16,1,341.73727798461914
0.18,1,341.7542824745178
0.2,1,341.77128744125366
0.21,1,341.78828978538513
0.21,1,341.8052933216095
0.21,1,341.82229804992676
0.21,1,341.8393144607544
0.18,1,341.8563184738159
0.15,1,341.8723225593567
0.12,1,341.8893256187439
0.07,1,341.906329870224
0.02,1,341.9233341217041
-0.03,1,341.94033765792847
-0.03,1,341.95634150505066
-0.08,1,341.97334480285645
-0.11,1,341.99034905433655
-0.15,1,342.00735306739807
-0.18,1,342.02435660362244
-0.2,1,342.0413599014282
-0.2,1,342.057363986969
-0.23,1,342.07536792755127
-0.26,1,342.15938663482666
-0.4,1,342.17239022254944
-0.4,1,342.1863868236542
-0.45,1,342.1993885040283
-0.5,1,342.2134165763855
-0.57,0,342.2294201850891
-0.63,0,342.2464234828949
-0.7,0,342.26242685317993
-0.7,0,342.2794306278229
-0.75,0,342.296434879303
-0.81,0,342.31407856941223
-0.86,0,342.3307147026062
-0.93,0,342.34644651412964
-0.99,0,342.36344933509827
-1.04,0,342.3806300163269
-1.04,0,342.3974578380585
-1.1,0,342.41446137428284
-1.15,0,342.43079113960266
-1.2,0,342.44749903678894
-1.25,0,342.4644720554352
-1.29,0,342.4814760684967
-1.29,0,342.4974796772003
-1.36,0,342.51448345184326
-1.43,0,342.53148770332336
-1.5,0,342.5484917163849
-1.59,0,342.5654957294464
-1.68,0,342.58249855041504
-1.79,0,342.6000213623047
-1.79,0,342.6160137653351
-1.88,0,342.633017539978
-1.98,0,342.65002155303955
-2.07,-1,342.6670253276825
-2.16,-1,342.68403148651123
-2.25,-1,342.70050406455994
-2.25,-1,342.717493057251
-2.35,-1,342.7344968318939
-2.46,-1,342.75050044059753
-2.58,-1,342.76750445365906
-2.7,-1,342.7838852405548
-2.84,-1,342.800888299942
-2.84,-1,342.81782031059265
-2.99,-1,342.8348708152771
-3.14,-1,342.8516938686371
-3.3,-1,342.86868834495544
-3.45,-1,342.88586831092834
-3.6,-1,342.902685880661
-3.75,-1,342.9196891784668
-3.75,-1,342.93685722351074
-3.9,-1,342.95336985588074
0.0,1,343.21373414993286
0.0,1,343.2307388782501
-0.01,1,343.2477421760559
-0.02,1,343.2647633552551
-0.03,1,343.28127098083496
-0.03,1,343.29827427864075
-0.03,1,343.31527876853943
-0.02,1,343.33179211616516
0.0,1,343.34879064559937
0.01,1,343.36579418182373
0.03,1,343.3817980289459
0.03,1,343.3988013267517
0.05,1,343.41580533981323
0.08,1,343.43180894851685
0.1,1,343.4488127231598
0.13,1,343.4653215408325
0.16,1,343.48183703422546
0.16,1,343.4988338947296
0.2,1,343.51534390449524
0.23,1,343.53234791755676
0.27,1,343.5493516921997
0.31,1,343.56635570526123
0.35,1,343.5823595523834
0.35,1,343.5993630886078
0.4,1,343.6160845756531
0.45,1,343.63308787345886
0.51,0,343.6500916481018
0.58,0,343.66676568984985
0.66,0,343.68377017974854
0.75,0,343.70077419281006
0.75,0,343.7177777290344
0.85,0,343.73478150367737
0.96,0,343.7512888908386
1.08,0,343.768292427063
1.2,0,343.78480219841003
1.34,0,343.80180644989014
1.34,0,343.8188097476959
1.49,0,343.83583402633667
1.65,0,343.8523437976837
1.81,0,343.86934781074524
1.97,0,343.8863515853882
2.13,0,343.9033553600311
2.3,-1,343.9203586578369
2.3,-1,343.937362909317
2.47,-1,343.9543662071228
2.64,-1,343.9713695049286
2.81,-1,343.98837399482727
2.97,-1,344.0053780078888
3.12,-1,344.0223822593689
3.12,-1,344.0383849143982
3.26,-1,344.0553891658783
3.4,-1,344.07239294052124
3.54,-1,344.08939695358276
3.67,-1,344.10640025138855
3.79,-1,344.1234037876129
3.91,-1,344.1404085159302
3.91,-1,344.15741658210754
4.04,-1,344.17642188072205
0.0,1,344.4253873825073
-0.01,1,344.44187116622925
-0.01,1,344.459379196167
-0.03,1,344.47638297080994
-0.06,1,344.4923861026764
-0.1,1,344.5093903541565
-0.15,1,344.52639412879944
-0.2,1,344.54339814186096
-0.24,1,344.5604016780853
-0.24,1,344.57740569114685
-0.29,1,344.59441018104553
-0.35,1,344.6114134788513
-0.42,1,344.62841796875
-0.48,1,344.64542174339294
-0.54,0,344.6613726615906
-0.54,0,344.67737650871277
-0.62,0,344.69538044929504
-0.71,0,344.71158170700073
-0.8,0,344.7280902862549
-0.89,0,344.745094537735
-0.98,0,344.762099981308
-0.98,0,344.7781038284302
-1.07,0,344.7961075305939
-1.16,0,344.81211161613464
-1.25,0,344.82911467552185
-1.35,0,344.8461186885834
-1.44,0,344.8631227016449
-1.54,0,344.8801271915436
-1.54,0,344.8976306915283
-1.65,0,344.91413402557373
-1.76,0,344.93113827705383
-1.89,0,344.9477651119232
-2.02,0,344.96459317207336
-2.15,-1,344.9815981388092
-2.15,-1,344.99760127067566
-2.31,-1,345.01460433006287
-2.47,-1,345.03161215782166
-2.64,-1,345.048615694046
-2.81,-1,345.0656199455261
-2.97,-1,345.0826234817505
-3.13,-1,345.1001441478729
-3.13,-1,345.11613941192627
-3.28,-1,345.1331419944763
-3.42,-1,345.1491467952728
-3.56,-1,345.16655564308167
-3.71,-1,345.1835603713989
-3.87,-1,345.1995635032654
-3.87,-1,345.21656799316406
-4.05,-1,345.233571767807
0.0,1,345.4696247577667
-0.01,1,345.48662781715393
-0.02,1,345.5036201477051
-0.05,1,345.5206241607666
-0.05,1,345.53762793540955
-0.09,1,345.55463194847107
-0.14,1,345.57163548469543
-0.19,1,345.58763885498047
-0.26,1,345.60464334487915
-0.33,1,345.6216461658478
-0.33,1,345.63765025138855
-0.42,1,345.6546542644501
-0.51,0,345.671658039093
-0.62,0,345.68866205215454
-0.73,0,345.7056658267975
-0.85,0,345.72266912460327
-0.85,0,345.7391769886017
-0.98,0,345.7561843395233
-1.13,0,345.7731873989105
-1.28,0,345.78919076919556
-1.44,0,345.8061947822571
-1.61,0,345.82319831848145
-1.78,0,345.84020233154297
-1.78,0,345.8562059402466
-1.98,0,345.8732101917267
-2.18,0,345.89021372795105
-2.37,-1,345.9072172641754
-2.58,-1,345.9242215156555
-2.77,-1,345.9412453174591
-2.77,-1,345.958233833313
-2.99,-1,345.9752380847931
-3.21,-1,345.9913122653961
-3.44,-1,346.00830578804016
-3.68,-1,346.02527618408203
-3.92,-1,346.04155015945435
-3.92,-1,346.0585389137268
-4.18,-1,346.0755431652069
-4.44,-1,346.09210419654846
-4.7,-1,346.10910844802856
0.0,1,346.34918212890625
0.0,1,346.3651854991913
-0.02,1,346.38218927383423
-0.02,1,346.3991930484772
-0.02,1,346.41619753837585
-0.03,1,346.43320202827454
-0.03,1,346.45020508766174
-0.04,1,346.4672119617462
-0.04,1,346.484215259552
-0.03,1,346.5012195110321
-0.03,1,346.5182228088379
-0.02,1,346.53522658348083
-0.01,1,346.55223059654236
0.0,1,346.5692343711853
0.0,1,346.5862383842468
-0.01,1,346.60324239730835
-0.03,1,346.620245218277
-0.03,1,346.63724970817566
-0.05,1,346.65425395965576
-0.07,1,346.6712574958801
-0.11,1,346.68826127052307
-0.15,1,346.705265045166
-0.19,1,346.72226881980896
-0.19,1,346.7392728328705
-0.25,1,346.75627875328064
-0.32,1,346.7732834815979
-0.4,1,346.79028725624084
-0.49,1,346.8072900772095
-0.58,0,346.8232970237732
-0.68,0,346.84030055999756
-0.68,0,346.8573040962219
-0.8,0,346.87430810928345
-0.92,0,346.8903114795685
-1.05,0,346.90731549263
-1.19,0,346.92431902885437
-1.33,0,346.9413356781006
-1.33,0,346.95801281929016
-1.49,0,346.974604845047
-1.65,0,346.9911141395569
-1.8,0,347.0081193447113
-1.97,0,347.02512407302856
-2.13,0,347.04212737083435
-2.13,0,347.0591342449188
-2.28,-1,347.07564520835876
-2.43,-1,347.092648267746
-2.57,-1,347.1096520423889
-2.71,-1,347.1256721019745
-2.83,-1,347.14267659187317
-2.83,-1,347.15867948532104
-2.94,-1,347.17650532722473
-3.05,-1,347.19350934028625
-3.14,-1,347.21012687683105
-3.23,-1,347.22713136672974
-3.3,-1,347.2441351413727
-3.37,-1,347.2611382007599
-3.37,-1,347.2771430015564
-3.43,-1,347.2941460609436
-3.48,-1,347.31114959716797
-3.53,-1,347.32715678215027
-3.58,-1,347.34416103363037
0.0,1,347.5807328224182
0.0,1,347.59773683547974
0.01,1,347.6147406101227
0.02,1,347.6317443847656
0.02,1,347.64874815940857
0.02,1,347.6647529602051
0.02,1,347.68175649642944
0.02,1,347.697758436203
0.02,1,347.7152681350708
0.01,1,347.73227190971375
0.0,1,347.7502646446228
-0.02,1,347.7662739753723
-0.05,1,347.78326749801636
-0.09,1,347.8002710342407
-0.09,1,347.8172755241394
-0.14,1,347.8342800140381
-0.18,1,347.85128259658813
-0.23,1,347.8682870864868
-0.27,1,347.8852903842926
-0.32,1,347.90129590034485
-0.32,1,347.91830015182495
-0.35,1,347.93530321121216
-0.39,1,347.95130681991577
-0.42,1,347.9683110713959
-0.46,1,347.98531460762024
-0.48,1,348.00231885910034
-0.48,1,348.0193223953247
-0.53,0,348.0363256931305
-0.58,0,348.05310130119324
-0.63,0,348.06910490989685
-0.68,0,348.0861086845398
-0.72,0,348.10311365127563
-0.77,0,348.12011671066284
-0.77,0,348.13611936569214
-0.81,0,348.153124332428
-0.86,0,348.1701271533966
-0.9,0,348.18713092803955
-0.95,0,348.2041356563568
-0.99,0,348.22013902664185
-0.99,0,348.2361421585083
-1.04,0,348.2531490325928
-1.1,0,348.27015376091003
-1.15,0,348.2871570587158
-1.2,0,348.30416440963745
-1.25,0,348.3211691379547
-1.25,0,348.33817195892334
-1.29,0,348.3551752567291
-1.33,0,348.37117886543274
-1.37,0,348.38818359375
-1.41,0,348.40518712997437
-1.45,0,348.42219138145447
-1.45,0,348.43819427490234
-1.48,0,348.45519828796387
-1.51,0,348.47220253944397
-1.54,0,348.48920583724976
-1.56,0,348.5062212944031
-1.59,0,348.523225069046
-1.61,0,348.54022884368896
-1.61,0,348.55724930763245
-1.64,-1,348.574254989624
-1.67,-1,348.5902590751648
-1.72,-1,348.60726284980774
-1.76,-1,348.6242661476135
-1.81,-1,348.6402702331543
-1.81,-1,348.65727400779724
-1.86,-1,348.674277305603
-1.93,-1,348.6902816295624
-1.99,-1,348.70728850364685
-2.06,-1,348.7242922782898
-2.12,-1,348.7412955760956
-2.12,-1,348.7573001384735
-2.19,-1,348.7743036746979
-2.27,-1,348.7913074493408
-2.35,-1,348.80831360816956
-2.43,-1,348.8253173828125
-2.52,-1,348.842321395874
-2.52,-1,348.8593282699585
-2.62,-1,348.8763325214386
-2.72,-1,348.89333605766296
-2.81,-1,348.91033959388733
-2.91,-1,348.9273450374603
0.0,1,349.16138982772827
0.0,1,349.1773931980133
0.0,1,349.1953971385956
0.0,1,349.21194434165955
-0.01,1,349.22894835472107
-0.03,1,349.245952129364
-0.05,1,349.2619662284851
-0.05,1,349.27798414230347
-0.08,1,349.2960059642792
-0.13,1,349.31224250793457
-0.18,1,349.32924723625183
-0.23,1,349.3462543487549
-0.3,1,349.36326003074646
-0.37,1,349.37926387786865
-0.37,1,349.39626836776733
-0.46,1,349.41304063796997
-0.56,0,349.43004393577576
-0.67,0,349.4460482597351
-0.78,0,349.4630525112152
-0.9,0,349.48005533218384
-0.9,0,349.4970598220825
-1.03,0,349.51413917541504
-1.15,0,349.53014302253723
-1.27,0,349.54745864868164
-1.38,0,349.5641543865204
-1.49,0,349.58015727996826
-1.49,0,349.59716153144836
-1.62,0,349.6144881248474
-1.74,0,349.6311688423157
-1.87,0,349.64717292785645
-2.01,0,349.66417598724365
-2.16,0,349.6811800003052
-2.16,0,349.6975841522217
-2.31,-1,349.71518778800964
-2.46,-1,349.73219203948975
-2.63,-1,349.74919533729553
-2.8,-1,349.7661991119385
-2.99,-1,349.783203125
-3.17,-1,349.8002202510834
-3.17,-1,349.81621384620667
-3.34,-1,349.8342180252075
-3.52,-1,349.85024189949036
-3.69,-1,349.8672287464142
-3.86,-1,349.88423204421997
-4.04,-1,349.90123558044434
-4.04,-1,349.9172396659851
-4.23,-1,349.93524384498596
0.0,1,350.1943049430847
-0.01,1,350.21131229400635
-0.02,1,350.2283158302307
-0.05,1,350.245325088501
-0.07,1,350.26132893562317
-0.07,1,350.27833223342896
-0.09,1,350.2953357696533
-0.1,1,350.31233954429626
-0.12,1,350.3293447494507
-0.13,1,350.34634709358215
-0.14,1,350.3633508682251
-0.15,1,350.3803553581238
-0.15,1,350.3963587284088
-0.17,1,350.4133629798889
-0.19,1,350.4303665161133
-0.21,1,350.4478108882904
-0.24,1,350.46437406539917
-0.27,1,350.48137855529785
-0.27,1,350.4983811378479
-0.3,1,350.51538586616516
-0.34,1,350.5313892364502
-0.38,1,350.54839301109314
-0.43,1,350.56539726257324
-0.47,1,350.58240032196045
-0.47,1,350.5994038581848
-0.52,0,350.61640763282776
-0.57,0,350.6334128379822
-0.62,0,350.6507263183594
-0.67,0,350.66771268844604
-0.73,0,350.68471670150757
-0.8,0,350.70171999931335
-0.8,0,350.71872425079346
-0.86,0,350.7352316379547
-0.9,0,350.7522361278534
-0.95,0,350.76923966407776
-1.0,0,350.78624296188354
-1.07,0,350.80228447914124
-1.07,0,350.8192882537842
-1.14,0,350.8362925052643
-1.23,0,350.8522951602936
-1.32,0,350.8692991733551
-1.43,0,350.88630294799805
-1.54,0,350.903279542923
-1.65,0,350.9202835559845
-1.65,0,350.93728733062744
-1.79,0,350.9537568092346
-1.93,0,350.97076058387756
-2.08,-1,350.9877643585205
-2.24,-1,351.0047688484192
-2.4,-1,351.02177238464355
-2.4,-1,351.0387759208679
-2.59,-1,351.0557792186737
-2.78,-1,351.07278323173523
-2.97,-1,351.08978724479675
-3.18,-1,351.1067912578583
-3.38,-1,351.1237943172455
-3.6,-1,351.1407980918884
-3.6,-1,351.15680623054504
-3.82,-1,351.17380928993225
-4.06,-1,351.1908130645752
-4.3,-1,351.2079803943634
0.0,1,351.46105432510376
0.0,1,351.47705841064453
-0.02,1,351.4940617084503
-0.04,1,351.5110652446747
-0.06,1,351.5280690193176
-0.08,1,351.54462599754333
-0.11,1,351.5621771812439
-0.11,1,351.5791816711426
-0.14,1,351.59568977355957
-0.18,1,351.6126940250397
-0.23,1,351.62969756126404
-0.29,1,351.6457009315491
-0.35,1,351.6627049446106
-0.41,1,351.6797091960907
-0.41,1,351.6967124938965
-0.47,1,351.7137336730957
-0.53,0,351.72973704338074
-0.59,0,351.74674129486084
-0.65,0,351.7637450695038
-0.7,0,351.7812850475311
-0.7,0,351.7977521419525
-0.76,0,351.8147602081299
-0.81,0,351.8307638168335
-0.87,0,351.847767829895
-0.92,0,351.8647711277008
-0.97,0,351.88177585601807
-0.97,0,351.89790654182434
-1.03,0,351.9147844314575
-1.09,0,351.931786775589
-1.14,0,351.9487898349762
-1.19,0,351.96580839157104
-1.24,0,351.9823157787323
-1.24,0,351.9993188381195
-1.29,0,352.0163233280182
-1.34,0,352.03332686424255
-1.38,0,352.0503306388855
-1.43,0,352.067334651947
-1.49,0,352.0843381881714
-1.56,0,352.1013436317444
-1.56,0,352.11834692955017
-1.64,0,352.13534927368164
-1.74,0,352.1513533592224
-1.84,0,352.1683568954468
-1.94,-1,352.1853611469269
-2.06,-1,352.20236468315125
-2.06,-1,352.21838641166687
-2.19,-1,352.23539423942566
-2.32,-1,352.2521188259125
-2.47,-1,352.2694170475006
-2.61,-1,352.2864212989807
-2.76,-1,352.3034255504608
-2.9,-1,352.3194315433502
-2.9,-1,352.33643555641174
-3.05,-1,352.3531405925751
-3.2,-1,352.3701448440552
-3.35,-1,352.3871486186981
-3.5,-1,352.40415263175964
-3.64,-1,352.42115592956543
-3.64,-1,352.43815994262695
-3.79,-1,352.4551634788513
0.0,1,352.71720123291016
-0.01,1,352.7342050075531
-0.02,1,352.7512094974518
-0.04,1,352.7682147026062
-0.05,1,352.78522205352783
-0.05,1,352.80232310295105
-0.05,1,352.8193292617798
-0.05,1,352.8363358974457
-0.05,1,352.8532030582428
-0.04,1,352.8692100048065
-0.03,1,352.8863022327423
-0.04,1,352.90330958366394
-0.05,1,352.9203128814697
-0.05,1,352.9373164176941
-0.07,1,352.9543204307556
-0.09,1,352.97114181518555
-0.11,1,352.9871461391449
-0.12,1,353.0041501522064
-0.13,1,353.0211544036865
-0.13,1,353.0381569862366
-0.15,1,353.0545892715454
-0.15,1,353.07159328460693
-0.16,1,353.0885968208313
-0.16,1,353.10560059547424
-0.15,1,353.12360405921936
-0.15,1,353.1406078338623
-0.15,1,353.1563639640808
-0.14,1,353.1723680496216
-0.14,1,353.1893718242645
-0.15,1,353.20637559890747
-0.16,1,353.2233793735504
-0.16,1,353.2403836250305
-0.16,1,353.25738978385925
-0.18,1,353.27439403533936
-0.19,1,353.2914011478424
-0.21,1,353.30840396881104
-0.24,1,353.325407743454
-0.26,1,353.3424127101898
-0.26,1,353.35841488838196
-0.28,1,353.37541937828064
-0.29,1,353.3922576904297
-0.3,1,353.4092605113983
-0.3,1,353.4262647628784
-0.31,1,353.44326877593994
-0.32,1,353.4592719078064
-0.32,1,353.47627568244934
-0.35,1,353.493284702301
-0.38,1,353.51028847694397
-0.43,0,353.5272922515869
-0.47,0,353.54429626464844
-0.51,0,353.5613000392914
-0.51,0,353.5783038139343
-0.57,0,353.5953116416931
-0.63,0,353.611314535141
-0.7,0,353.6283178329468
-0.77,0,353.6453216075897
-0.85,0,353.6613259315491
-0.85,0,353.6783289909363
-0.93,0,353.69533252716064
-1.0,0,353.71233654022217
-1.07,0,353.7293403148651
-1.15,0,353.7463438510895
-1.22,0,353.763347864151
-1.29,0,353.7803518772125
-1.29,0,353.79635524749756
-1.35,0,353.8133590221405
-1.42,0,353.83336305618286
-1.49,0,353.84736680984497
-1.57,0,353.8640034198761
-1.66,0,353.8813066482544
-1.66,0,353.89801144599915
-1.76,0,353.91501474380493
-1.88,-1,353.9314184188843
-2.0,-1,353.94802236557007
-2.11,-1,353.9650297164917
-2.24,-1,353.9810335636139
-2.24,-1,353.99815011024475
-2.38,-1,354.0150406360626
-2.53,-1,354.0311188697815
-2.69,-1,354.048047542572
-2.86,-1,354.06605219841003
-3.03,-1,354.083055973053
-3.21,-1,354.1000597476959
-3.21,-1,354.11606311798096
-3.41,-1,354.1340672969818
-3.62,-1,354.1500985622406
-3.82,-1,354.16709303855896
0.0,1,354.4288082122803
-0.01,1,354.4458258152008
-0.02,1,354.46271204948425
-0.05,1,354.4797167778015
-0.05,1,354.49572110176086
-0.09,1,354.51288866996765
-0.14,1,354.52989292144775
-0.19,1,354.54689621925354
-0.26,1,354.56390047073364
-0.32,1,354.58090472221375
-0.32,1,354.5980849266052
-0.37,1,354.61501812934875
-0.43,1,354.6310234069824
-0.48,1,354.6483151912689
-0.53,0,354.6650347709656
-0.58,0,354.68123722076416
-0.58,0,354.69822573661804
-0.63,0,354.71522879600525
-0.67,0,354.7322325706482
-0.72,0,354.7492368221283
-0.77,0,354.7656774520874
-0.83,0,354.7826814651489
-0.83,0,354.7986853122711
-0.89,0,354.81627774238586
-0.96,0,354.83228182792664
-1.03,0,354.849285364151
-1.12,0,354.86592411994934
-1.21,0,354.8829233646393
-1.3,0,354.8999276161194
-1.3,0,354.9159414768219
-1.41,0,354.9329364299774
-1.52,0,354.9499409198761
-1.63,0,354.96673798561096
-1.75,0,354.98374247550964
-1.87,0,355.00028014183044
-1.87,0,355.01627469062805
-1.98,0,355.03436064720154
-2.09,-1,355.0503656864166
-2.2,-1,355.06736969947815
-2.31,-1,355.0843734741211
-2.42,-1,355.1013779640198
-2.42,-1,355.1183817386627
-2.52,-1,355.13538455963135
-2.62,-1,355.1524064540863
-2.72,-1,355.16841101646423
-2.82,-1,355.1854147911072
-2.92,-1,355.20242071151733
-2.92,-1,355.2194242477417
-3.03,-1,355.2364275455475
-3.15,-1,355.25303769111633
-3.27,-1,355.2700414657593
-3.38,-1,355.28704500198364
-3.5,-1,355.3040487766266
-3.61,-1,355.32105350494385
-3.61,-1,355.33805656433105
-3.74,-1,355.35505986213684
0.0,1,355.6070420742035
-0.01,1,355.62404561042786
-0.02,1,355.64205265045166
-0.02,1,355.65705585479736
-0.06,1,355.6740598678589
-0.1,1,355.69106698036194
-0.14,1,355.70807433128357
-0.19,1,355.7250785827637
-0.23,1,355.7420845031738
-0.23,1,355.75909066200256
-0.28,1,355.77609968185425
-0.34,1,355.792103767395
-0.4,1,355.8091070652008
-0.47,1,355.82611107826233
-0.54,0,355.84311509132385
-0.62,0,355.8601200580597
-0.62,0,355.87712264060974
-0.7,0,355.8941261768341
-0.79,0,355.9111304283142
-0.87,0,355.92713379859924
-0.94,0,355.94413900375366
-1.03,0,355.96114134788513
-1.03,0,355.9781451225281
-1.12,0,355.9951491355896
-1.21,0,356.01215291023254
-1.3,0,356.0291564464569
-1.4,0,356.04616045951843
-1.5,0,356.0631642341614
-1.6,0,356.0801684856415
-1.6,0,356.09617137908936
-1.7,0,356.1140410900116
-1.81,0,356.13004517555237
-1.92,0,356.147047996521
-2.04,0,356.16405153274536
-2.17,-1,356.18005537986755
-2.17,-1,356.1970601081848
-2.32,-1,356.2140634059906
-2.46,-1,356.2300670146942
-2.61,-1,356.24707078933716
-2.76,-1,356.2640748023987
-2.91,-1,356.28107810020447
-2.91,-1,356.29808163642883
-3.05,-1,356.31508588790894
-3.18,-1,356.3315052986145
-3.31,-1,356.34809398651123
-3.44,-1,356.365097284317
-3.56,-1,356.3821005821228
-3.56,-1,356.3991045951843
-3.67,-1,356.41610836982727
-3.78,-1,356.4331123828888
-3.89,-1,356.4501278400421
0.0,1,356.75237941741943
0.0,1,356.769385099411
-0.02,1,356.7853238582611
-0.03,1,356.8023271560669
-0.03,1,356.8193311691284
-0.03,1,356.8363380432129
-0.04,1,356.8530287742615
-0.04,1,356.870032787323
-0.04,1,356.88703632354736
-0.03,1,356.90403962135315
-0.02,1,356.92104291915894
-0.02,1,356.9380476474762
-0.01,1,356.955050945282
0.01,1,356.971054315567
0.03,1,356.9880578517914
0.05,1,357.0050630569458
0.07,1,357.0220675468445
0.07,1,357.03907084465027
0.1,1,357.05607438087463
0.12,1,357.0730776786804
0.15,1,357.0900819301605
0.19,1,357.1071035861969
0.22,1,357.12410616874695
0.26,1,357.1411101818085
0.26,1,357.1581139564514
0.3,1,357.17512130737305
0.34,1,357.19212555885315
0.37,1,357.20912861824036
0.39,1,357.22613310813904
0.4,1,357.2421371936798
0.4,1,357.25914120674133
0.4,1,357.27614736557007
0.41,1,357.293151140213
0.42,1,357.31015491485596
0.42,1,357.32716131210327
0.42,1,357.34416484832764
0.41,1,357.36116886138916
0.41,1,357.3771731853485
0.38,1,357.3941764831543
0.35,1,357.4101800918579
0.31,1,357.42718410491943
0.26,1,357.4441876411438
0.2,1,357.4611916542053
0.2,1,357.47719526290894
0.13,1,357.4951992034912
0.05,1,357.5112030506134
-0.03,1,357.5282063484192
-0.12,1,357.54421043395996
-0.21,1,357.5612277984619
-0.21,1,357.57723093032837
-0.31,1,357.5942347049713
-0.41,1,357.6112389564514
-0.52,1,357.62824273109436
-0.63,1,357.64524579048157
-0.75,0,357.6612503528595
-0.75,0,357.67825388908386
-0.87,0,357.6952574253082
-0.99,0,357.7122609615326
-1.12,0,357.7292654514313
-1.25,0,357.74626874923706
-1.39,0,357.762273311615
-1.39,0,357.7792766094208
-1.55,0,357.79628014564514
-1.72,0,357.81328415870667
-1.89,0,357.82928824424744
-2.07,0,357.84629130363464
-2.26,0,357.86329555511475
-2.46,0,357.8802993297577
-2.46,0,357.89630222320557
-2.68,-1,357.9127309322357
-2.9,-1,357.9297344684601
-3.13,-1,357.94673800468445
-3.37,-1,357.9632658958435
-3.61,-1,357.9802691936493
-3.61,-1,357.9972732067108
-3.87,-1,358.01427721977234
-4.14,-1,358.0302805900574
-4.42,-1,358.04728507995605
-4.71,-1,358.0642879009247
-5.0,-1,358.0812919139862
0.0,1,358.340859413147
0.0,1,358.3578541278839
-0.02,1,358.37485814094543
-0.04,1,358.39086174964905
-0.07,1,358.40750551223755
-0.11,1,358.4245090484619
-0.16,1,358.44151401519775
-0.16,1,358.4579620361328
-0.22,1,358.4749662876129
-0.3,1,358.49197006225586
-0.38,1,358.5079734325409
-0.46,1,358.52497720718384
-0.56,0,358.5419578552246
-0.56,0,358.5589611530304
-0.67,0,358.57596588134766
-0.79,0,358.59296894073486
-0.92,0,358.6090943813324
-1.05,0,358.62610268592834
-1.18,0,358.6428418159485
-1.32,0,358.65936732292175
-1.32,0,358.67537117004395
-1.47,0,358.6933751106262
-1.62,0,358.70937848091125
-1.77,0,358.72638273239136
-1.91,0,358.74338936805725
-2.06,0,358.75941157341003
-2.06,0,358.776415348053
-2.2,-1,358.79294753074646
-2.35,-1,358.80995512008667
-2.49,-1,358.8269581794739
-2.62,-1,358.84396171569824
-2.75,-1,358.8605020046234
-2.75,-1,358.8765068054199
-2.89,-1,358.89350962638855
-3.04,-1,358.9105153083801
-3.19,-1,358.92706823349
-3.34,-1,358.94407176971436
-3.48,-1,358.96107602119446
-3.48,-1,358.9780795574188
-3.62,-1,358.9950838088989
-3.78,-1,359.0120873451233
-3.93,-1,359.0290913581848
-4.08,-1,359.0460946559906
0.0,1,359.313672542572
-0.01,1,359.32767605781555
-0.02,1,359.34467935562134
-0.05,1,359.3616864681244
-0.05,1,359.37869024276733
-0.08,1,359.3956935405731
-0.11,1,359.4122018814087
-0.16,1,359.4292058944702
-0.21,1,359.445209980011
-0.27,1,359.4622268676758
-0.27,1,359.47822999954224
-0.34,1,359.49623346328735
-0.43,1,359.51223826408386
-0.52,0,359.5292410850525
-0.62,0,359.546245098114
-0.73,0,359.5632486343384
-0.84,0,359.58025312423706
-0.84,0,359.59725642204285
-0.98,0,359.6142611503601
-1.12,0,359.6316249370575
-1.26,0,359.6484446525574
-1.42,0,359.6652715206146
-1.58,0,359.6822760105133
-1.58,0,359.69927978515625
-1.76,0,359.7160062789917
-1.95,0,359.73301005363464
-2.15,0,359.750013589859
-2.35,-1,359.76701760292053
-2.55,-1,359.7840213775635
-2.76,-1,359.801025390625
-2.76,-1,359.8180284500122
-2.96,-1,359.8350327014923
-3.17,-1,359.852037191391
-3.37,-1,359.86904072761536
-3.56,-1,359.8860445022583
-3.76,-1,359.90304827690125
-3.96,-1,359.9200520515442
-3.96,-1,359.9370563030243
-4.18,-1,359.9540596008301
-4.41,-1,359.97006344795227
0.0,1,360.2321033477783
-0.01,1,360.24811005592346
-0.02,1,360.2654039859772
-0.05,1,360.2830424308777
-0.08,1,360.3000464439392
-0.08,1,360.31705141067505
-0.13,1,360.3340542316437
-0.17,1,360.35105776786804
-0.22,1,360.36706137657166
-0.27,1,360.384064912796
-0.34,1,360.4010808467865
-0.34,1,360.4180850982666
-0.4,1,360.4350883960724
-0.45,1,360.4521050453186
-0.51,0,360.46810817718506
-0.56,0,360.4851121902466
-0.61,0,360.50212836265564
-0.61,0,360.51913118362427
-0.67,0,360.53613567352295
-0.72,0,360.55319714546204
-0.78,0,360.57020020484924
-0.85,0,360.58720421791077
-0.93,0,360.6042082309723
-1.0,0,360.6212122440338
-1.0,0,360.6382157802582
-1.06,0,360.65521931648254
-1.13,0,360.6712234020233
-1.2,0,360.68822717666626
-1.27,0,360.70523405075073
-1.34,0,360.72223806381226
-1.34,0,360.7382411956787
-1.41,0,360.7552626132965
-1.49,0,360.77226638793945
-1.56,0,360.78926968574524
-1.62,0,360.8057334423065
-1.69,0,360.8227529525757
-1.69,0,360.83875465393066
-1.76,0,360.85577487945557
-1.83,0,360.8727786540985
-1.92,0,360.8903007507324
-2.01,-1,360.9068121910095
-2.11,-1,360.92383670806885
-2.21,-1,360.94090962409973
-2.21,-1,360.95792961120605
-2.31,-1,360.9747714996338
-2.42,-1,360.9917917251587
-2.53,-1,361.0077953338623
-2.63,-1,361.02481627464294
-2.73,-1,361.0418200492859
-2.73,-1,361.0588240623474
-2.84,-1,361.0758275985718
-2.96,-1,361.0923364162445
-3.08,-1,361.1096386909485
-3.2,-1,361.1266419887543
-3.31,-1,361.1436460018158
-3.43,-1,361.1601576805115
-3.43,-1,361.1761612892151
-3.54,-1,361.19316506385803
-3.64,-1,361.2106328010559
0.0,1,361.46522545814514
0.0,1,361.482230424881
0.0,1,361.49823331832886
0.01,1,361.51523661613464
0.02,1,361.53224182128906
0.03,1,361.5492444038391
0.04,1,361.56624841690063
0.05,1,361.5831868648529
0.05,1,361.5991847515106
0.06,1,361.616188287735
0.08,1,361.63319277763367
0.08,1,361.65019607543945
0.08,1,361.6671998500824
0.07,1,361.6842038631439
0.05,1,361.7012071609497
0.05,1,361.7172107696533
0.03,1,361.73421573638916
0.0,1,361.7512185573578
-0.02,1,361.76822209358215
-0.04,1,361.7852268218994
-0.06,1,361.8022484779358
-0.06,1,361.8192524909973
-0.08,1,361.8362591266632
-0.1,1,361.8522627353668
-0.13,1,361.86926674842834
-0.17,1,361.88587379455566
-0.22,1,361.90316104888916
-0.27,1,361.92016792297363
-0.27,1,361.93717193603516
-0.33,1,361.9541754722595
-0.39,1,361.9701795578003
-0.44,1,361.98717069625854
-0.5,1,362.0043902397156
-0.57,0,362.0203936100006
-0.57,0,362.0373978614807
-0.64,0,362.0537621974945
-0.7,0,362.07067227363586
-0.77,0,362.0875105857849
-0.83,0,362.1045198440552
-0.89,0,362.12154269218445
-0.89,0,362.13890314102173
-0.97,0,362.15591049194336
-1.04,0,362.17191791534424
-1.11,0,362.18894600868225
-1.17,0,362.20595359802246
-1.23,0,362.22295689582825
-1.23,0,362.23896074295044
-1.28,0,362.25560665130615
-1.33,0,362.2721138000488
-1.38,0,362.2890214920044
-1.42,0,362.30602526664734
-1.46,0,362.3230290412903
-1.51,0,362.34003257751465
-1.51,0,362.3570365905762
-1.55,0,362.37354493141174
-1.59,0,362.3905487060547
-1.64,0,362.4075529575348
-1.68,0,362.4242796897888
-1.72,0,362.4412844181061
-1.72,0,362.4583034515381
-1.77,0,362.4753065109253
-1.83,0,362.49231028556824
-1.89,-1,362.5093152523041
-1.96,-1,362.526319026947
-2.03,-1,362.5427384376526
-2.03,-1,362.55928897857666
-2.11,-1,362.5762963294983
-2.2,-1,362.5933003425598
-2.29,-1,362.6103048324585
-2.38,-1,362.62730836868286
-2.49,-1,362.64431166648865
-2.59,-1,362.66131496429443
-2.59,-1,362.6773188114166
-2.7,-1,362.69432282447815
-2.81,-1,362.7113263607025
-2.92,-1,362.7283308506012
-3.02,-1,362.74533438682556
-3.13,-1,362.76235485076904
-3.13,-1,362.77935814857483
-3.24,-1,362.7963628768921
-3.34,-1,362.81336665153503
0.0,1,363.0801122188568
0.0,1,363.0961158275604
0.0,1,363.11413836479187
0.0,1,363.1301414966583
0.01,1,363.147145986557
0.01,1,363.1641490459442
0.01,1,363.1807997226715
0.01,1,363.1973099708557
0.01,1,363.2143518924713
0.01,1,363.23135590553284
0.0,1,363.2473590373993
0.0,1,363.264363527298
0.01,1,363.2812647819519
0.01,1,363.29826951026917
0.01,1,363.31529092788696
0.02,1,363.3317537307739
0.03,1,363.3482987880707
0.04,1,363.365371465683
0.05,1,363.3819053173065
0.05,1,363.39831018447876
0.03,1,363.41531324386597
0.01,1,363.431658744812
-0.01,1,363.4484567642212
-0.05,1,363.46532464027405
-0.09,1,363.48204588890076
-0.09,1,363.49804949760437
-0.15,1,363.5152268409729
-0.22,1,363.5320568084717
-0.3,1,363.54906129837036
-0.38,1,363.56606435775757
-0.47,1,363.5830681324005
-0.57,0,363.6000726222992
-0.57,0,363.61607575416565
-0.69,0,363.6340808868408
-0.81,0,363.65010595321655
-0.95,0,363.66709899902344
-1.09,0,363.6841022968292
-1.23,0,363.70111989974976
-1.23,0,363.7171239852905
-1.4,0,363.7341284751892
-1.57,0,363.75113105773926
-1.75,0,363.76813530921936
-1.94,0,363.78513860702515
-2.13,0,363.8021545410156
-2.13,0,363.81915831565857
-2.35,-1,363.8361625671387
-2.56,-1,363.8531665802002
-2.76,-1,363.87017011642456
-2.97,-1,363.8871741294861
-3.17,-1,363.90417766571045
-3.38,-1,363.920184135437
-3.38,-1,363.93718814849854
-3.57,-1,363.9541919231415
-3.77,-1,363.9701955318451
-3.97,-1,363.9882106781006
-4.16,-1,364.00420331954956
-4.36,-1,364.020206451416
0.0,1,364.2773003578186
0.01,1,364.2943036556244
0.02,1,364.3103229999542
0.03,1,364.3273272514343
0.04,1,364.34433126449585
0.06,1,364.3613352775574
0.06,1,364.3773376941681
0.09,1,364.39534282684326
0.13,1,364.4113464355469
0.17,1,364.4283502101898
0.21,1,364.44535422325134
0.26,1,364.4623577594757
0.26,1,364.4793620109558
0.3,1,364.4963653087616
0.34,1,364.5133852958679
0.38,1,364.53038907051086
0.42,1,364.54639315605164
0.48,1,364.5634162425995
0.54,0,364.5804204940796
0.54,0,364.59642338752747
0.59,0,364.6142089366913
0.63,0,364.6312129497528
0.67,0,364.64821696281433
0.72,0,364.6652207374573
0.78,0,364.68222403526306
0.78,0,364.6982283592224
0.84,0,364.71523094177246
0.9,0,364.7322356700897
0.97,0,364.7484652996063
1.05,0,364.76524233818054
1.13,0,364.78224658966064
1.13,0,364.7982499599457
1.21,0,364.81525444984436
1.3,0,364.8322584629059
1.39,0,364.84926199913025
1.49,0,364.86526465415955
1.59,0,364.8822696208954
1.59,0,364.8984434604645
1.7,0,364.91527676582336
1.81,0,364.93228006362915
1.92,0,364.94979524612427
2.03,-1,364.966304063797
2.15,-1,364.98330760002136
2.27,-1,365.00034499168396
2.27,-1,365.01733231544495
2.39,-1,365.03433561325073
2.51,-1,365.0513095855713
2.64,-1,365.0683135986328
2.78,-1,365.0843183994293
2.92,-1,365.10133957862854
2.92,-1,365.1173424720764
3.07,-1,365.13434886932373
3.22,-1,365.1513683795929
3.37,-1,365.16837215423584
3.53,-1,365.1853754520416
3.7,-1,365.20237970352173
3.7,-1,365.2193830013275
3.88,-1,365.2363874912262
4.07,-1,365.2534055709839
0.0,1,365.511771440506
-0.01,1,365.52777791023254
-0.02,1,365.5443060398102
-0.05,1,365.56132435798645
-0.05,1,365.57832860946655
-0.08,1,365.5953323841095
-0.11,1,365.612336397171
-0.14,1,365.62934017181396
-0.19,1,365.6463439464569
-0.23,1,365.6623475551605
-0.23,1,365.67835116386414
-0.28,1,365.69535517692566
-0.34,1,365.7123589515686
-0.41,1,365.7293622493744
-0.49,1,365.7463665008545
-0.58,0,365.76238679885864
-0.58,0,365.77938961982727
-0.68,0,365.7963938713074
-0.78,0,365.81339740753174
-0.88,0,365.8304011821747
-0.98,0,365.8474049568176
-1.09,0,365.86448192596436
-1.19,0,365.8814857006073
-1.19,0,365.89848828315735
-1.29,0,365.9154932498932
-1.38,0,365.93197798728943
-1.47,0,365.9485001564026
-1.57,0,365.9655044078827
-1.68,0,365.9825072288513
-1.68,0,365.99851179122925
-1.81,0,366.0155155658722
-1.94,0,366.03251910209656
-2.08,0,366.04952239990234
-2.23,-1,366.0665273666382
-2.38,-1,366.0834994316101
-2.54,-1,366.09999346733093
-2.54,-1,366.11650347709656
-2.71,-1,366.1335062980652
-2.88,-1,366.15051007270813
-3.06,-1,366.1675136089325
-3.24,-1,366.1845188140869
-3.43,-1,366.20056414604187
-3.43,-1,366.21755480766296
-3.63,-1,366.23455834388733
-3.84,-1,366.2515621185303
-4.06,-1,366.26856541633606
-4.29,-1,366.28556990623474
0.0,1,366.5347864627838
-0.01,1,366.550790309906
-0.02,1,366.56779432296753
-0.05,1,366.58480167388916
-0.08,1,366.6019563674927
-0.08,1,366.6189613342285
-0.12,1,366.63596534729004
-0.18,1,366.65325808525085
-0.24,1,366.6692621707916
-0.3,1,366.68566846847534
-0.37,1,366.70257234573364
-0.43,1,366.71974873542786
-0.43,1,366.7367205619812
-0.51,0,366.7536790370941
-0.58,0,366.76985788345337
-0.66,0,366.7868616580963
-0.75,0,366.8036997318268
-0.83,0,366.82085704803467
-0.83,0,366.8378646373749
-0.93,0,366.8548684120178
-1.03,0,366.8717896938324
-1.14,0,366.8882222175598
-1.25,0,366.90522623062134
-1.37,0,366.92223024368286
-1.37,0,366.9392337799072
-1.51,0,366.95623993873596
-1.65,0,366.97224140167236
-1.8,0,366.9892451763153
-1.96,0,367.0062484741211
-2.13,0,367.0232527256012
-2.31,-1,367.04025626182556
-2.31,-1,367.0572600364685
-2.5,-1,367.07426500320435
-2.7,-1,367.0902705192566
-2.91,-1,367.1072750091553
-3.12,-1,367.12427854537964
-3.35,-1,367.1402995586395
-3.35,-1,367.15730357170105
-3.59,-1,367.17430782318115
-3.83,-1,367.1913118362427
-4.09,-1,367.20831537246704
-4.35,-1,367.2253186702728
-4.62,-1,367.24232268333435
0.0,1,367.5347104072571
0.0,1,367.55171394348145
0.01,1,367.5687184333801
0.01,1,367.5847225189209
0.01,1,367.60218381881714
0.01,1,367.6191885471344
0.0,1,367.6361918449402
0.0,1,367.65319633483887
0.0,1,367.6701993942261
0.0,1,367.6872036457062
0.01,1,367.70422077178955
0.02,1,367.7212255001068
0.02,1,367.7372291088104
0.04,1,367.7542324066162
0.06,1,367.77123641967773
0.09,1,367.78724002838135
0.13,1,367.80424404144287
0.17,1,367.82124733924866
0.17,1,367.8382511138916
0.22,1,367.8552551269531
0.28,1,367.8722586631775
0.34,1,367.889262676239
0.4,1,367.9062819480896
0.47,1,367.9232864379883
0.53,0,367.9402902126312
0.53,0,367.9573407173157
0.58,0,367.9743444919586
0.64,0,367.9913477897644
0.7,0,368.0083522796631
0.74,0,368.02481055259705
0.78,0,368.04181456565857
0.78,0,368.05841875076294
0.8,0,368.07542514801025
0.82,0,368.09242939949036
0.84,0,368.109014749527
0.84,0,368.12601828575134
0.86,0,368.14302277565
0.87,0,368.1600248813629
0.87,0,368.1760284900665
0.9,0,368.1930322647095
0.91,0,368.2100419998169
0.92,0,368.22704577445984
0.92,0,368.24304842948914
0.91,0,368.2599940299988
0.91,0,368.27699756622314
0.91,0,368.2940013408661
0.91,0,368.31100511550903
0.92,0,368.328008890152
0.92,0,368.3450131416321
0.93,0,368.36201763153076
0.93,0,368.3790204524994
0.94,0,368.3960244655609
0.96,0,368.4130280017853
0.99,0,368.4300322532654
1.01,0,368.4460361003876
1.04,0,368.4630391597748
1.06,0,368.4800434112549
1.06,0,368.4970471858978
1.1,0,368.51405096054077
1.13,0,368.53105425834656
1.17,0,368.5480582714081
1.2,0,368.5650625228882
1.24,0,368.5810661315918
1.24,0,368.5970697402954
1.29,0,368.6150734424591
1.34,0,368.63107657432556
1.39,-1,368.64808106422424
1.45,-1,368.6650848388672
1.51,-1,368.6820888519287
1.51,-1,368.6990921497345
1.58,-1,368.71610927581787
1.66,-1,368.73211765289307
1.74,-1,368.7491183280945
1.82,-1,368.7661204338074
1.91,-1,368.7831244468689
2.01,-1,368.80012798309326
2.01,-1,368.816698551178
2.11,-1,368.8336956501007
2.21,-1,368.85020327568054
2.32,-1,368.8672068119049
2.43,-1,368.88403511047363
2.54,-1,368.9014413356781
2.54,-1,368.9184491634369
2.65,-1,368.93534445762634
2.77,-1,368.9523513317108
0.0,1,369.2020528316498
0.0,1,369.2190570831299
-0.02,1,369.23606133461
-0.04,1,369.25206542015076
-0.07,1,369.2694253921509
-0.11,1,369.28643012046814
-0.16,1,369.3034338951111
-0.22,1,369.3204379081726
-0.22,1,369.33744192123413
-0.29,1,369.35444593429565
-0.37,1,369.37144899368286
-0.46,1,369.3884527683258
-0.55,0,369.4054560661316
-0.66,0,369.4224603176117
-0.77,0,369.43946504592896
-0.77,0,369.4564826488495
-0.89,0,369.47348618507385
-1.02,0,369.49000692367554
-1.15,0,369.50653529167175
-1.27,0,369.5235393047333
-1.4,0,369.54057359695435
-1.4,0,369.5565631389618
-1.54,0,369.5735664367676
-1.69,0,369.5905382633209
-1.85,0,369.60752630233765
-2.02,0,369.6245288848877
-2.18,0,369.64153385162354
-2.18,0,369.6585376262665
-2.35,-1,369.6755402088165
-2.5,-1,369.6925449371338
-2.67,-1,369.70854806900024
-2.83,-1,369.7255518436432
-3.0,-1,369.7425739765167
-3.16,-1,369.7600917816162
-3.16,-1,369.77659940719604
-3.33,-1,369.7935676574707
-3.5,-1,369.81066727638245
-3.68,-1,369.82659673690796
-3.86,-1,369.8436441421509
-4.03,-1,369.8606650829315
-4.03,-1,369.87667202949524
-4.22,-1,369.8936939239502
0.0,1,370.1240406036377
-0.01,1,370.14104437828064
-0.01,1,370.1570463180542
-0.03,1,370.1740515232086
-0.06,1,370.1915588378906
-0.1,1,370.2085633277893
-0.15,1,370.2255666255951
-0.21,1,370.2425706386566
-0.21,1,370.25857400894165
-0.28,1,370.27557730674744
-0.36,1,370.2925817966461
-0.45,1,370.30958557128906
-0.54,0,370.3265891075134
-0.63,0,370.3435928821564
-0.73,0,370.3601026535034
-0.73,0,370.37710666656494
-0.84,0,370.3941102027893
-0.96,0,370.41111397743225
-1.09,0,370.42711758613586
-1.22,0,370.444787979126
-1.37,0,370.4617919921875
-1.37,0,370.4787950515747
-1.53,0,370.4957993030548
-1.7,0,370.5128026008606
-1.87,0,370.52880668640137
-2.05,0,370.54581022262573
-2.24,-1,370.56281423568726
-2.42,-1,370.57981848716736
-2.42,-1,370.5968220233917
-2.62,-1,370.6134421825409
-2.83,-1,370.6304461956024
-3.04,-1,370.64698481559753
-3.27,-1,370.6639885902405
-3.5,-1,370.6809923648834
-3.5,-1,370.6969962120056
-3.73,-1,370.7150001525879
-3.95,-1,370.7310049533844
-4.18,-1,370.7480080127716
-4.42,-1,370.76548647880554
0.0,1,370.94645714759827
0.0,1,370.96346139907837
0.01,1,370.9804639816284
0.01,1,370.99746799468994
0.0,1,371.0144715309143
-0.01,1,371.03147649765015
-0.03,1,371.0484809875488
-0.05,1,371.06551027297974
-0.07,1,371.08248686790466
-0.08,1,371.09949135780334
-0.08,1,371.11549401283264
-0.1,1,371.13349890708923
-0.12,1,371.14985966682434
-0.13,1,371.16601848602295
-0.14,1,371.1828668117523
-0.16,1,371.19987058639526
-0.16,1,371.2163813114166
-0.17,1,371.23338532447815
-0.18,1,371.2503893375397
-0.19,1,371.2673935890198
-0.19,1,371.28339743614197
-0.19,1,371.300400018692
-0.19,1,371.31740403175354
-0.19,1,371.33440828323364
-0.18,1,371.3514230251312
-0.17,1,371.36842679977417
-0.15,1,371.38543343544006
-0.13,1,371.40243697166443
-0.13,1,371.4194416999817
-0.09,1,371.4364447593689
-0.05,1,371.4529535770416
-0.01,1,371.46995735168457
0.05,1,371.48696088790894
0.11,1,371.50383043289185
0.18,1,371.5208342075348
0.18,1,371.5378370285034
0.26,1,371.55436611175537
0.35,1,371.5713703632355
0.45,1,371.58837389945984
0.56,1,371.6053776741028
0.67,0,371.62238216400146
0.67,0,371.6393852233887
0.8,0,371.6563889980316
0.94,0,371.67289781570435
1.08,0,371.6899015903473
1.24,0,371.70690512657166
1.4,0,371.7239143848419
1.57,0,371.7399306297302
1.57,0,371.7569348812103
1.76,0,371.7739427089691
1.94,0,371.79094529151917
2.13,0,371.8079490661621
2.33,0,371.82495307922363
2.52,-1,371.8419563770294
2.52,-1,371.85848689079285
2.73,-1,371.87549018859863
2.94,-1,371.89249420166016
3.16,-1,371.9094982147217
3.38,-1,371.92650151252747
3.61,-1,371.94350600242615
3.84,-1,371.96001625061035
3.84,-1,371.9770200252533
4.05,-1,371.99402356147766
4.27,-1,372.01064705848694
4.5,-1,372.026650428772
4.73,-1,372.0436544418335
0.0,1,372.2690088748932
-0.01,1,372.28601241111755
-0.02,1,372.3030161857605
-0.04,1,372.3199760913849
-0.04,1,372.336980342865
-0.07,1,372.3539831638336
-0.11,1,372.37075185775757
-0.15,1,372.38713359832764
-0.19,1,372.40414118766785
-0.24,1,372.4213333129883
-0.24,1,372.43833780288696
-0.3,1,372.4549024105072
-0.37,1,372.47143387794495
-0.44,1,372.48843789100647
-0.51,0,372.50544118881226
-0.59,0,372.5224452018738
-0.59,0,372.5394494533539
-0.68,0,372.5564525127411
-0.77,0,372.57245659828186
-0.87,0,372.5894594192505
-0.98,0,372.6064817905426
-1.09,0,372.62350511550903
-1.22,0,372.64054322242737
-1.22,0,372.65752816200256
-1.36,0,372.67453122138977
-1.5,0,372.69058108329773
-1.66,0,372.70759320259094
-1.82,0,372.7246174812317
-2.0,0,372.74165391921997
-2.0,0,372.7586579322815
-2.18,0,372.7756838798523
-2.38,-1,372.7926881313324
-2.58,-1,372.8102149963379
-2.8,-1,372.82672238349915
-3.02,-1,372.84365224838257
-3.24,-1,372.8606562614441
-3.24,-1,372.8766598701477
-3.49,-1,372.8946783542633
-3.74,-1,372.91068172454834
-4.0,-1,372.92768931388855
-4.27,-1,372.94471049308777
-4.53,-1,372.96173214912415
0.0,1,373.19226908683777
-0.01,1,373.2092730998993
-0.02,1,373.22628021240234
-0.05,1,373.2420325279236
-0.05,1,373.2590386867523
-0.09,1,373.2760479450226
-0.14,1,373.29217767715454
-0.19,1,373.30918431282043
-0.26,1,373.32621216773987
-0.33,1,373.34321546554565
-0.41,1,373.3601644039154
-0.41,1,373.3761610984802
-0.5,1,373.39305448532104
-0.61,0,373.41007113456726
-0.72,0,373.4270670413971
-0.84,0,373.4440755844116
-0.97,0,373.46107935905457
-0.97,0,373.47808289527893
-1.11,0,373.4950866699219
-1.26,0,373.5120906829834
-1.42,0,373.52909445762634
-1.59,0,373.5460982322693
-1.77,0,373.5631024837494
-1.77,0,373.57910561561584
-1.96,0,373.59610962867737
-2.16,0,373.61311316490173
-2.37,-1,373.63011717796326
-2.58,-1,373.6471209526062
-2.81,-1,373.66412472724915
-3.04,-1,373.68112897872925
-3.04,-1,373.6971323490143
-3.28,-1,373.7141361236572
-3.52,-1,373.73113989830017
-3.77,-1,373.7481439113617
-4.03,-1,373.76573872566223
-4.3,-1,373.7824423313141
-4.3,-1,373.79915499687195
-4.57,-1,373.8161587715149
0.0,1,374.03899908065796
-0.01,1,374.0560028553009
-0.02,1,374.0730073451996
-0.05,1,374.09001088142395
-0.08,1,374.10701394081116
-0.12,1,374.1240198612213
-0.16,1,374.1410219669342
-0.16,1,374.15802550315857
-0.2,1,374.1750295162201
-0.25,1,374.19103384017944
-0.31,1,374.20803689956665
-0.37,1,374.2250409126282
-0.44,1,374.24154901504517
-0.44,1,374.25855350494385
-0.53,0,374.27555751800537
-0.62,0,374.29156041145325
-0.73,0,374.30856466293335
-0.84,0,374.32556891441345
-0.95,0,374.3425724506378
-1.08,0,374.3595767021179
-1.08,0,374.3765802383423
-1.21,0,374.39358401298523
-1.33,0,374.41058826446533
-1.45,0,374.42759132385254
-1.56,0,374.44459557533264
-1.67,0,374.46159982681274
-1.67,0,374.4786033630371
-1.78,0,374.4956064224243
-1.88,0,374.5121159553528
-1.99,0,374.5291197299957
-2.1,0,374.5456488132477
-2.23,-1,374.5626528263092
-2.36,-1,374.5796568393707
-2.36,-1,374.5956599712372
-2.51,-1,374.61366391181946
-2.66,-1,374.6296682357788
-2.83,-1,374.64667081832886
-3.0,-1,374.66317987442017
-3.18,-1,374.68018436431885
-3.18,-1,374.6961874961853
-3.37,-1,374.7131907939911
-3.58,-1,374.73019528388977
-3.79,-1,374.7467551231384
-4.0,-1,374.7637588977814
-4.22,-1,374.78076243400574
-4.22,-1,374.79676699638367
-4.44,-1,374.81377029418945
0.0,1,375.07283878326416
0.0,1,375.0898542404175
-0.01,1,375.1058609485626
-0.02,1,375.12286353111267
-0.04,1,375.1398677825928
-0.04,1,375.15687131881714
-0.08,1,375.1738660335541
-0.12,1,375.1908690929413
-0.16,1,375.2078731060028
-0.22,1,375.22485518455505
-0.28,1,375.2418587207794
-0.28,1,375.25786304473877
-0.36,1,375.27483916282654
-0.45,1,375.29222536087036
-0.54,0,375.30922961235046
-0.63,0,375.3262333869934
-0.73,0,375.3432538509369
-0.84,0,375.36025738716125
-0.84,0,375.37626099586487
-0.97,0,375.39326429367065
-1.1,0,375.41026878356934
-1.25,0,375.4272723197937
-1.4,0,375.4442780017853
-1.55,0,375.4614417552948
-1.55,0,375.4784450531006
-1.71,0,375.4954483509064
-1.88,0,375.5124523639679
-2.05,0,375.5294563770294
-2.23,-1,375.54646039009094
-2.42,-1,375.5634641647339
-2.61,-1,375.580468416214
-2.61,-1,375.59761142730713
-2.81,-1,375.61411905288696
-3.02,-1,375.63112235069275
-3.23,-1,375.6481261253357
-3.44,-1,375.6651301383972
-3.66,-1,375.68163871765137
-3.66,-1,375.6976435184479
-3.88,-1,375.71531319618225
-4.11,-1,375.73132061958313
-4.33,-1,375.74832463264465
-4.56,-1,375.765328168869
0.0,1,376.0064101219177
-0.01,1,376.0234136581421
-0.02,1,376.0404179096222
-0.02,1,376.0574219226837
-0.06,1,376.07443141937256
-0.1,1,376.09043288230896
-0.14,1,376.10743618011475
-0.19,1,376.1244447231293
-0.23,1,376.14144921302795
-0.23,1,376.15745401382446
-0.29,1,376.1744599342346
-0.36,1,376.19148874282837
-0.43,1,376.2084913253784
-0.51,0,376.22549510002136
-0.6,0,376.24249958992004
-0.6,0,376.25850343704224
-0.71,0,376.2755069732666
-0.82,0,376.2925109863281
-0.93,0,376.3095169067383
-1.05,0,376.3255214691162
-1.18,0,376.3424150943756
-1.18,0,376.35941886901855
-1.31,0,376.37596106529236
-1.44,0,376.39296770095825
-1.58,0,376.40957283973694
-1.73,0,376.4265766143799
-1.88,0,376.44358015060425
-2.03,0,376.46058416366577
-2.03,0,376.4775884151459
-2.2,-1,376.49459171295166
-2.38,-1,376.51159596443176
-2.56,-1,376.52860045433044
-2.74,-1,376.5456030368805
-2.93,-1,376.56260776519775
-3.12,-1,376.57961106300354
-3.12,-1,376.5966148376465
-3.32,-1,376.61361861228943
-3.52,-1,376.6296224594116
-3.73,-1,376.6466255187988
-3.94,-1,376.6636302471161
-4.14,-1,376.68063378334045
-4.14,-1,376.6966371536255
-4.35,-1,376.7136414051056
0.0,1,376.9612181186676
0.0,1,376.97843742370605
0.01,1,376.9954442977905
0.02,1,377.01217126846313
0.04,1,377.0293140411377
0.06,1,377.0453178882599
0.07,1,377.0623233318329
0.07,1,377.07832503318787
0.06,1,377.09532952308655
0.05,1,377.11233282089233
0.04,1,377.1293365955353
0.04,1,377.14534091949463
0.04,1,377.16234374046326
0.04,1,377.178347826004
0.06,1,377.1963517665863
0.09,1,377.2123553752899
0.13,1,377.22935938835144
0.17,1,377.24636340141296
0.22,1,377.262366771698
0.22,1,377.2793707847595
0.29,1,377.29637479782104
0.37,1,377.31337809562683
0.45,1,377.3303825855255
0.54,0,377.3473856449127
0.63,0,377.36395049095154
0.72,0,377.38095450401306
0.72,0,377.39795875549316
0.83,0,377.41496205329895
0.94,0,377.4324233531952
1.06,0,377.44896960258484
1.19,0,377.46580696105957
1.32,0,377.48197746276855
1.32,0,377.4989809989929
1.45,0,377.51600766181946
1.59,0,377.5329887866974
1.74,0,377.54999232292175
1.89,0,377.566205739975
2.04,0,377.5830364227295
2.19,-1,377.60004234313965
2.19,-1,377.61622309684753
2.33,-1,377.63341522216797
2.48,-1,377.6505014896393
2.63,-1,377.6664967536926
2.77,-1,377.68349981307983
2.91,-1,377.7005045413971
2.91,-1,377.71750807762146
3.04,-1,377.7345142364502
3.17,-1,377.75151801109314
3.3,-1,377.7685217857361
3.41,-1,377.78552770614624
3.54,-1,377.8025321960449
3.65,-1,377.81953620910645
3.65,-1,377.8360435962677
3.75,-1,377.85305523872375
3.85,-1,377.87005829811096
0.0,1,378.11817145347595
0.0,1,378.13465189933777
0.01,1,378.1518886089325
0.02,1,378.16786885261536
0.04,1,378.1849789619446
0.06,1,378.20198249816895
0.06,1,378.2189872264862
0.08,1,378.23599076271057
0.11,1,378.2529981136322
0.14,1,378.27000164985657
0.17,1,378.2870047092438
0.2,1,378.3040089607239
0.24,1,378.3200125694275
0.24,1,378.33702969551086
0.28,1,378.35403323173523
0.32,1,378.37103819847107
0.36,1,378.3880410194397
0.41,1,378.4050450325012
0.46,1,378.4220492839813
0.46,1,378.4390525817871
0.51,0,378.4560558795929
0.56,0,378.4720597267151
0.62,0,378.48906350135803
0.67,0,378.50606989860535
0.72,0,378.5230736732483
0.77,0,378.5400769710541
0.77,0,378.5570812225342
0.83,0,378.5740852355957
0.89,0,378.59108877182007
0.95,0,378.60776376724243
1.02,0,378.6247682571411
1.08,0,378.64177203178406
1.08,0,378.658775806427
1.16,0,378.67577958106995
1.24,0,378.6927833557129
1.32,0,378.7097873687744
1.4,0,378.7267906665802
1.48,0,378.7437946796417
1.57,0,378.7607982158661
1.57,0,378.7778024673462
1.67,0,378.79480624198914
1.78,0,378.81080985069275
1.87,0,378.8278138637543
1.96,0,378.8448181152344
2.04,-1,378.86082124710083
2.04,-1,378.8778250217438
2.12,-1,378.894828081131
2.19,-1,378.91183257102966
2.26,-1,378.9288363456726
2.31,-1,378.94584035873413
2.36,-1,378.96284461021423
2.4,-1,378.9798483848572
2.4,-1,378.99585151672363
2.44,-1,379.0138554573059
2.49,-1,379.02985978126526
2.53,-1,379.04686284065247
2.58,-1,379.0638666152954
2.63,-1,379.08087134361267
2.63,-1,379.0978751182556
2.68,-1,379.11487793922424
2.72,-1,379.1318826675415
2.75,-1,379.14888644218445
2.78,-1,379.16612553596497
2.81,-1,379.18293380737305
2.83,-1,379.19989681243896
2.83,-1,379.2169008255005
2.84,-1,379.2339057922363
0.0,1,379.4859845638275
0.0,1,379.5029881000519
0.0,1,379.5189914703369
0.01,1,379.5359950065613
0.02,1,379.55299949645996
0.02,1,379.5750045776367
0.01,1,379.5890076160431
-0.01,1,379.603600025177
-0.02,1,379.62060379981995
-0.02,1,379.63760805130005
-0.04,1,379.6546108722687
-0.08,1,379.6711208820343
-0.12,1,379.68812370300293
-0.16,1,379.7051315307617
-0.22,1,379.721640586853
-0.22,1,379.7386462688446
-0.29,1,379.7556505203247
-0.37,1,379.77165389060974
-0.46,1,379.78865790367126
-0.56,0,379.80566120147705
-0.65,0,379.82266497612
-0.74,0,379.83966875076294
-0.74,0,379.8566725254059
-0.82,0,379.8736765384674
-0.91,0,379.889680147171
-1.0,0,379.9066836833954
-1.09,0,379.9236876964569
-1.17,0,379.93969106674194
-1.17,0,379.9566960334778
-1.26,0,379.97369861602783
-1.36,0,379.99070262908936
-1.47,0,380.00770807266235
-1.58,0,380.0247106552124
-1.68,0,380.0417146682739
-1.68,0,380.058721780777
-1.79,0,380.07572507858276
-1.89,0,380.0927290916443
-1.98,0,380.1097333431244
-2.07,0,380.1277377605438
-2.16,-1,380.1447401046753
-2.25,-1,380.15974378585815
-2.25,-1,380.1767473220825
-2.33,-1,380.19375133514404
-2.41,-1,380.20975494384766
-2.49,-1,380.2267587184906
-2.56,-1,380.2437627315521
-2.62,-1,380.26076674461365
-2.62,-1,380.2767701148987
-2.68,-1,380.2937741279602
-2.73,-1,380.31077790260315
-2.8,-1,380.3277816772461
-2.87,-1,380.34478521347046
-2.94,-1,380.3617899417877
-2.94,-1,380.3777930736542
-3.04,-1,380.3947973251343
-3.13,-1,380.41180086135864
-3.22,-1,380.428804397583
-3.31,-1,380.44580841064453
-3.39,-1,380.46181201934814
0.0,1,380.70741868019104
0.0,1,380.7244219779968
0.01,1,380.74142622947693
0.01,1,380.7584297657013
0.01,1,380.7754337787628
0.02,1,380.79244112968445
0.04,1,380.8094449043274
0.05,1,380.82644844055176
0.07,1,380.8434524536133
0.1,1,380.8594563007355
0.1,1,380.8754596710205
0.11,1,380.89246368408203
0.13,1,380.9094672203064
0.16,1,380.9269971847534
0.18,1,380.94399881362915
0.21,1,380.9601218700409
0.21,1,380.9771234989166
0.24,1,380.99405884742737
0.27,1,381.0110671520233
0.3,1,381.02807092666626
0.34,1,381.04407477378845
0.37,1,381.0615575313568
0.37,1,381.07856130599976
0.38,1,381.0955650806427
0.38,1,381.1115708351135
0.38,1,381.1290786266327
0.37,1,381.1450824737549
0.36,1,381.16208600997925
0.36,1,381.17909002304077
0.34,1,381.19609475135803
0.33,1,381.21210193634033
0.33,1,381.2291057109833
0.33,1,381.2461094856262
0.32,1,381.2631130218506
0.32,1,381.28011751174927
0.32,1,381.29612040519714
0.3,1,381.3137595653534
0.29,1,381.32976365089417
0.29,1,381.34676694869995
0.28,1,381.36366295814514
0.28,1,381.3806664943695
0.28,1,381.39767026901245
0.28,1,381.4146740436554
0.28,1,381.430677652359
0.28,1,381.4476819038391
0.28,1,381.4646852016449
0.28,1,381.4816892147064
0.28,1,381.4986927509308
0.27,1,381.515989780426
0.27,1,381.5317006111145
0.27,0,381.54870414733887
0.28,0,381.56621623039246
0.29,0,381.5827121734619
0.3,0,381.5997157096863
0.3,0,381.6157193183899
0.32,0,381.63285851478577
0.33,0,381.65026235580444
0.35,0,381.66625928878784
0.37,0,381.6832637786865
0.4,0,381.70086908340454
0.4,0,381.71688294410706
0.43,0,381.7339527606964
0.46,0,381.75103402137756
0.49,0,381.76797795295715
0.51,0,381.784987449646
0.54,0,381.80208826065063
0.54,0,381.8190972805023
0.57,0,381.83610129356384
0.61,0,381.8531322479248
0.65,0,381.8701798915863
0.71,0,381.8866341114044
0.77,0,381.9039714336395
0.83,0,381.9209749698639
0.83,0,381.9380774497986
0.91,0,381.95452427864075
0.98,0,381.97153091430664
1.07,0,381.9885368347168
1.16,0,382.0055236816406
1.26,0,382.0228352546692
1.37,-1,382.0398395061493
1.37,-1,382.0568428039551
1.48,-1,382.0738265514374
1.61,-1,382.09083104133606
1.72,-1,382.1078996658325
1.85,-1,382.1249027252197
1.96,-1,382.14193201065063
1.96,-1,382.1589181423187
2.1,-1,382.17592310905457
2.23,-1,382.192994594574
2.37,-1,382.2099986076355
2.52,-1,382.2270016670227
2.66,-1,382.2430090904236
2.81,-1,382.26001811027527
2.81,-1,382.2770211696625
2.94,-1,382.29402589797974
3.08,-1,382.3100051879883
0.0,1,382.57609033584595
0.01,1,382.5930953025818
0.02,1,382.6096749305725
0.04,1,382.62667894363403
0.07,1,382.6436824798584
0.1,1,382.6608421802521
0.1,1,382.6778461933136
0.14,1,382.6948502063751
0.19,1,382.7108533382416
0.25,1,382.72785663604736
0.32,1,382.74487590789795
0.4,1,382.76087951660156
0.4,1,382.77788376808167
0.49,1,382.79488706588745
0.59,0,382.81089091300964
0.7,0,382.8278946876526
0.81,0,382.8448987007141
0.92,0,382.8619022369385
0.92,0,382.8789064884186
1.03,0,382.8959102630615
1.14,0,382.91291332244873
1.26,0,382.9289174079895
1.38,0,382.945921421051
1.51,0,382.9629249572754
1.51,0,382.97892904281616
1.62,0,382.9959330558777
1.73,0,383.01293659210205
1.84,0,383.02993965148926
1.95,0,383.04694628715515
2.06,0,383.0629503726959
2.18,-1,383.07995414733887
2.18,-1,383.0969591140747
2.29,-1,383.11396288871765
2.41,-1,383.13096594810486
2.53,-1,383.14796900749207
2.65,-1,383.1643702983856
2.78,-1,383.1813735961914
2.78,-1,383.19830322265625
2.93,-1,383.21530652046204
3.07,-1,383.2326636314392
3.22,-1,383.2493140697479
3.37,-1,383.26631808280945
3.52,-1,383.2823214530945
3.52,-1,383.2983250617981
3.67,-1,383.3160831928253
3.81,-1,383.332923412323
3.95,-1,383.34940123558044
0.0,1,383.58700251579285
0.0,1,383.6040070056915
0.01,1,383.62001276016235
0.01,1,383.63701725006104
0.02,1,383.6537187099457
0.04,1,383.670725107193
0.07,1,383.68772864341736
0.11,1,383.7047324180603
0.16,1,383.7217364311218
0.16,1,383.73774003982544
0.22,1,383.75474405288696
0.29,1,383.7717475891113
0.37,1,383.7887513637543
0.45,1,383.8057553768158
0.55,0,383.82275915145874
0.65,0,383.8397626876831
0.65,0,383.85676646232605
0.76,0,383.87322187423706
0.87,0,383.89022517204285
1.0,0,383.9072296619415
1.12,0,383.92423582077026
1.25,0,383.9412422180176
1.25,0,383.9582464694977
1.39,0,383.97524976730347
1.54,0,383.9922535419464
1.68,0,384.00925731658936
1.83,0,384.0262613296509
1.98,0,384.04326486587524
2.13,0,384.0597894191742
2.13,0,384.07679319381714
2.29,-1,384.09379744529724
2.45,-1,384.1108012199402
2.61,-1,384.1278040409088
2.77,-1,384.1448085308075
2.93,-1,384.1618113517761
2.93,-1,384.17781615257263
3.1,-1,384.1948194503784
3.26,-1,384.2118227481842
3.42,-1,384.2288269996643
3.59,-1,384.2448306083679
3.74,-1,384.2618353366852
3.74,-1,384.2788383960724
3.88,-1,384.29584193229675
4.02,-1,384.3118462562561
4.14,-1,384.3288495540619
0.0,1,384.57644724845886
0.01,1,384.59345030784607
0.02,1,384.60945439338684
0.03,1,384.6264615058899
0.05,1,384.64346528053284
0.07,1,384.6609745025635
0.07,1,384.677978515625
0.11,1,384.6949841976166
0.16,1,384.7119941711426
0.22,1,384.7289979457855
0.27,1,384.7450039386749
0.33,1,384.76200819015503
0.33,1,384.77823638916016
0.4,1,384.79524064064026
0.46,1,384.8117661476135
0.53,0,384.8287694454193
0.6,0,384.845773935318
0.67,0,384.8627772331238
0.75,0,384.8797812461853
0.75,0,384.89578461647034
0.83,0,384.9137885570526
0.91,0,384.9297924041748
0.98,0,384.94679617881775
1.04,0,384.9638001918793
1.11,0,384.98080372810364
1.11,0,384.99680757522583
1.19,0,385.01382541656494
1.28,0,385.03082966804504
1.37,0,385.04683327674866
1.48,0,385.0638372898102
1.59,0,385.08084058761597
1.59,0,385.09784483909607
1.72,0,385.1149570941925
1.85,0,385.1319601535797
2.0,0,385.14896392822266
2.15,-1,385.16536045074463
2.3,-1,385.1823630332947
2.3,-1,385.1993668079376
2.46,-1,385.216605424881
2.62,-1,385.2335305213928
2.79,-1,385.25037813186646
2.97,-1,385.2669048309326
3.14,-1,385.28390860557556
3.32,-1,385.30098509788513
3.32,-1,385.31692004203796
3.51,-1,385.33392333984375
3.7,-1,385.35092759132385
3.88,-1,385.36793088912964
4.07,-1,385.384934425354
4.27,-1,385.4007909297943
0.0,1,385.64235043525696
0.0,1,385.6588845252991
0.02,1,385.67588806152344
0.04,1,385.69289231300354
0.06,1,385.7098960876465
0.07,1,385.726900100708
0.09,1,385.7439045906067
0.11,1,385.7609074115753
0.11,1,385.77791142463684
0.13,1,385.79486060142517
0.16,1,385.8118574619293
0.18,1,385.828843832016
0.19,1,385.84562826156616
0.2,1,385.86263132095337
0.2,1,385.87863516807556
0.2,1,385.8956389427185
0.2,1,385.91264295578003
0.19,1,385.929646730423
0.18,1,385.9466505050659
0.17,1,385.9632201194763
0.15,1,385.98022294044495
0.15,1,385.9962272644043
0.12,1,386.01323103904724
0.08,1,386.0302348136902
0.05,1,386.0472388267517
0.03,1,386.06391763687134
0.0,1,386.0809214115143
0.0,1,386.0979251861572
-0.03,1,386.1149287223816
-0.06,1,386.1319329738617
-0.11,1,386.1489362716675
-0.16,1,386.16569685935974
-0.23,1,386.1822078227997
-0.23,1,386.19921231269836
-0.29,1,386.21621537208557
-0.37,1,386.2332224845886
-0.45,1,386.2502267360687
-0.54,1,386.2667772769928
-0.64,0,386.2837812900543
-0.74,0,386.3007843494415
-0.74,0,386.3173449039459
-0.85,0,386.3343472480774
-0.96,0,386.3509500026703
-1.08,0,386.3675911426544
-1.21,0,386.3845901489258
-1.34,0,386.40059423446655
-1.34,0,386.4180154800415
-1.48,0,386.43502044677734
-1.61,0,386.4520242214203
-1.74,0,386.46902990341187
-1.87,0,386.4860339164734
-1.99,0,386.5030372142792
-2.11,0,386.5200414657593
-2.11,0,386.5370445251465
-2.22,0,386.5540487766266
-2.32,-1,386.5700521469116
-2.43,-1,386.5870568752289
-2.54,-1,386.60406017303467
-2.65,-1,386.62106442451477
-2.65,-1,386.63806796073914
-2.79,-1,386.6550717353821
-2.92,-1,386.67207860946655
-3.05,-1,386.68908166885376
-3.19,-1,386.70608592033386
-3.33,-1,386.7230896949768
-3.46,-1,386.74009370803833
-3.46,-1,386.75662112236023
-3.59,-1,386.77362418174744
-3.72,-1,386.78962779045105
-3.85,-1,386.80663228034973
-3.99,-1,386.8236358165741
-4.12,-1,386.84063959121704
0.0,1,387.07745003700256
0.0,1,387.0944540500641
0.01,1,387.1104567050934
0.01,1,387.12748289108276
0.01,1,387.14448595046997
0.01,1,387.1615183353424
0.01,1,387.17754101753235
-0.01,1,387.1946277618408
-0.03,1,387.2121753692627
-0.06,1,387.229177236557
-0.09,1,387.24618196487427
-0.12,1,387.26219034194946
-0.12,1,387.2791965007782
-0.17,1,387.2962028980255
-0.22,1,387.3128123283386
-0.29,1,387.32937002182007
-0.36,1,387.34637475013733
-0.44,1,387.3633921146393
-0.52,0,387.3803958892822
-0.52,0,387.39639949798584
-0.6,0,387.41340351104736
-0.69,0,387.43040657043457
-0.79,0,387.44741201400757
-0.89,0,387.4641137123108
-0.99,0,387.4811182022095
-0.99,0,387.4971213340759
-1.08,0,387.51412534713745
-1.17,0,387.5311291217804
-1.26,0,387.5481333732605
-1.35,0,387.5648944377899
-1.44,0,387.58189821243286
-1.44,0,387.5989019870758
-1.53,0,387.6159064769745
-1.61,0,387.6319098472595
-1.7,0,387.6489140987396
-1.79,0,387.6709187030792
-1.88,0,387.6839213371277
-1.97,0,387.69992566108704
-1.97,0,387.71650552749634
-2.06,-1,387.7329320907593
-2.16,-1,387.74993681907654
-2.26,-1,387.76693987846375
-2.36,-1,387.7839443683624
-2.46,-1,387.80094814300537
-2.46,-1,387.81795167922974
-2.55,-1,387.83495569229126
-2.64,-1,387.8519597053528
-2.73,-1,387.8679623603821
-2.82,-1,387.8849673271179
-2.92,-1,387.90197134017944
-2.92,-1,387.9189739227295
-3.04,-1,387.93597769737244
-3.17,-1,387.9529821872711
-3.3,-1,387.9689869880676
-3.44,-1,387.98599004745483
-3.59,-1,388.00299525260925
-3.59,-1,388.01899886131287
-3.76,-1,388.03600311279297
0.0,1,388.27729296684265
-0.01,1,388.2942967414856
-0.02,1,388.3103003501892
-0.05,1,388.3273046016693
-0.08,1,388.3443078994751
-0.12,1,388.36131286621094
-0.12,1,388.37731552124023
-0.16,1,388.39431953430176
-0.21,1,388.4113230705261
-0.26,1,388.4283277988434
-0.33,1,388.4453308582306
-0.4,1,388.46246004104614
-0.4,1,388.47846364974976
-0.49,1,388.49546790122986
-0.58,0,388.5120017528534
-0.69,0,388.52900552749634
-0.79,0,388.54600977897644
-0.9,0,388.56258034706116
-0.9,0,388.5790889263153
-1.02,0,388.59609293937683
-1.15,0,388.6130962371826
-1.28,0,388.63010001182556
-1.4,0,388.6471040248871
-1.52,0,388.6636121273041
-1.63,0,388.68061542510986
-1.63,0,388.6976201534271
-1.74,0,388.71429443359375
-1.86,0,388.73129868507385
-1.97,0,388.74730134010315
-2.07,0,388.7648446559906
-2.17,-1,388.78184819221497
-2.17,-1,388.7978525161743
-2.26,-1,388.81485629081726
-2.33,-1,388.83185958862305
-2.4,-1,388.84886360168457
-2.46,-1,388.86486744880676
-2.51,-1,388.8818709850311
-2.51,-1,388.89887523651123
-2.55,-1,388.91618728637695
-2.58,-1,388.93332266807556
-2.6,-1,388.9498870372772
-2.63,-1,388.96689105033875
-2.66,-1,388.9838938713074
-2.69,-1,389.00150060653687
-2.69,-1,389.01749873161316
-2.72,-1,389.0340075492859
-2.74,-1,389.05101227760315
-2.76,-1,389.0680150985718
-2.78,-1,389.0850191116333
-2.8,-1,389.10202717781067
-2.8,-1,389.1180307865143
-2.82,-1,389.13603472709656
-2.84,-1,389.15203857421875
-2.86,-1,389.1690425872803
0.0,1,389.4241008758545
0.0,1,389.44110465049744
0.0,1,389.4581084251404
0.0,1,389.47511315345764
0.0,1,389.49211621284485
-0.02,1,389.5091202259064
-0.03,1,389.52612471580505
-0.05,1,389.54312777519226
-0.06,1,389.5601315498352
-0.06,1,389.5771358013153
-0.06,1,389.5941390991211
-0.07,1,389.6111433506012
-0.07,1,389.628146648407
-0.07,1,389.6451508998871
-0.08,1,389.66243171691895
-0.08,1,389.67943596839905
-0.08,1,389.69643998146057
-0.08,1,389.7134439945221
-0.08,1,389.73044753074646
-0.08,1,389.7474522590637
-0.09,1,389.7634551525116
-0.09,1,389.78045892715454
-0.09,1,389.79746294021606
-0.09,1,389.81446623802185
-0.09,1,389.8314709663391
-0.08,1,389.8484742641449
-0.07,1,389.8653848171234
-0.05,1,389.8823883533478
-0.05,1,389.89939188957214
-0.03,1,389.9164845943451
0.0,1,389.9333999156952
0.01,1,389.94940400123596
0.02,1,389.9659335613251
0.04,1,389.9859380722046
0.05,1,389.9999420642853
0.05,1,390.0169484615326
0.07,1,390.03394961357117
0.09,1,390.0509533882141
0.12,1,390.06795620918274
0.15,1,390.08499455451965
0.17,1,390.1019854545593
0.17,1,390.1179893016815
0.19,1,390.1359930038452
0.2,1,390.15199613571167
0.21,1,390.1689991950989
0.21,1,390.186003446579
0.2,1,390.2030100822449
0.18,1,390.22001361846924
0.18,1,390.23601722717285
0.15,1,390.2540214061737
0.1,1,390.2700254917145
0.07,1,390.28702902793884
0.04,1,390.30403304100037
0.0,1,390.32103657722473
0.0,1,390.3380403518677
-0.05,1,390.3550441265106
-0.11,1,390.3720483779907
-0.18,1,390.38905143737793
-0.26,1,390.40605545043945
-0.35,1,390.423059463501
-0.44,1,390.4400632381439
-0.44,1,390.45706701278687
-0.55,0,390.4740717411041
-0.67,0,390.4900743961334
-0.8,0,390.50708198547363
-0.93,0,390.5240852832794
-1.06,0,390.54108929634094
-1.06,0,390.558096408844
-1.19,0,390.5751004219055
-1.33,0,390.59210443496704
-1.46,0,390.6091077327728
-1.6,0,390.62611174583435
-1.75,0,390.6431157588959
-1.75,0,390.6591229438782
-1.92,0,390.6761271953583
-2.08,0,390.6931314468384
-2.23,-1,390.71013379096985
-2.39,-1,390.7271385192871
-2.54,-1,390.7441418170929
-2.7,-1,390.76114654541016
-2.7,-1,390.77714920043945
-2.87,-1,390.79515385627747
-3.04,-1,390.8111569881439
-3.22,-1,390.82816076278687
-3.39,-1,390.84516429901123
-3.56,-1,390.8616533279419
-3.56,-1,390.878657579422
-3.73,-1,390.8956608772278
-3.88,-1,390.9126646518707
-4.04,-1,390.9296684265137
-4.19,-1,390.9466722011566
0.0,1,391.2016372680664
0.0,1,391.2181420326233
-0.02,1,391.23513865470886
-0.04,1,391.2521433830261
-0.07,1,391.26875710487366
-0.11,1,391.2858211994171
-0.16,1,391.3027672767639
-0.16,1,391.3187701702118
-0.22,1,391.3357746601105
-0.3,1,391.35335755348206
-0.38,1,391.3703615665436
-0.46,1,391.3873653411865
-0.56,0,391.4043688774109
-0.65,0,391.4213721752167
-0.65,0,391.4383771419525
-0.74,0,391.45537996292114
-0.83,0,391.4713842868805
-0.93,0,391.48848938941956
-1.04,0,391.50499653816223
-1.15,0,391.521999835968
-1.15,0,391.5390067100525
-1.27,0,391.55602192878723
-1.39,0,391.57302618026733
-1.5,0,391.58999466896057
-1.61,0,391.6067588329315
-1.71,0,391.62373971939087
-1.82,0,391.6407907009125
-1.82,0,391.65736532211304
-1.93,0,391.67442774772644
-2.05,0,391.6914312839508
-2.17,-1,391.70843529701233
-2.31,-1,391.7254388332367
-2.45,-1,391.74244260787964
-2.45,-1,391.75944685935974
-2.6,-1,391.7764501571655
-2.74,-1,391.7924540042877
-2.89,-1,391.81000542640686
-3.03,-1,391.82701206207275
-3.17,-1,391.8440155982971
-3.31,-1,391.86065316200256
-3.31,-1,391.87816190719604
-3.44,-1,391.89516592025757
-3.57,-1,391.912184715271
-3.7,-1,391.9281885623932
-3.84,-1,391.9451925754547
-3.99,-1,391.96221017837524
0.0,1,392.1894931793213
-0.01,1,392.2067856788635
-0.02,1,392.2237901687622
-0.05,1,392.240793466568
-0.05,1,392.2574760913849
-0.09,1,392.27447986602783
-0.14,1,392.29148292541504
-0.19,1,392.3084874153137
-0.26,1,392.3254919052124
-0.33,1,392.3424949645996
-0.41,1,392.3594994544983
-0.41,1,392.3765037059784
-0.5,1,392.3935091495514
-0.6,0,392.4105131626129
-0.7,0,392.427517414093
-0.81,0,392.4445209503174
-0.93,0,392.460524559021
-0.93,0,392.47752833366394
-1.04,0,392.49453353881836
-1.16,0,392.5115361213684
-1.29,0,392.52853989601135
-1.42,0,392.5455479621887
-1.56,0,392.56255078315735
-1.56,0,392.5790605545044
-1.71,0,392.5960681438446
-1.85,0,392.61307191848755
-1.99,0,392.6300756931305
-2.13,0,392.647079706192
-2.27,-1,392.66359066963196
-2.41,-1,392.68009901046753
-2.41,-1,392.697514295578
-2.56,-1,392.71451783180237
-2.72,-1,392.7315227985382
-2.89,-1,392.74852561950684
-3.06,-1,392.7654085159302
-3.23,-1,392.7824122905731
-3.23,-1,392.7991406917572
-3.38,-1,392.81614422798157
-3.54,-1,392.8331480026245
-3.71,-1,392.85015201568604
-3.89,-1,392.86658787727356
-4.07,-1,392.8835916519165
-4.26,-1,392.9012246131897
0.0,1,393.14600014686584
0.0,1,393.16300415992737
0.0,1,393.179007768631
0.01,1,393.1960117816925
0.02,1,393.21243619918823
0.03,1,393.2294411659241
0.03,1,393.2464437484741
0.02,1,393.2634484767914
0.01,1,393.2804522514343
0.01,1,393.29645586013794
0.0,1,393.31430768966675
-0.01,1,393.33032631874084
-0.02,1,393.3473298549652
-0.02,1,393.3643341064453
-0.02,1,393.3803377151489
-0.02,1,393.39734148979187
-0.02,1,393.41434597969055
-0.02,1,393.43134903907776
-0.02,1,393.44835329055786
-0.03,1,393.46535658836365
-0.05,1,393.482360124588
-0.05,1,393.49936389923096
-0.09,1,393.51655745506287
-0.12,1,393.53237199783325
-0.15,1,393.5493757724762
-0.18,1,393.56660771369934
-0.21,1,393.58338356018066
-0.23,1,393.60038661956787
-0.23,1,393.61639070510864
-0.24,1,393.633394241333
-0.25,1,393.65039801597595
-0.25,1,393.666401386261
-0.25,1,393.68340516090393
-0.25,1,393.70040917396545
-0.25,1,393.7174129486084
-0.25,1,393.73441672325134
-0.24,1,393.7514204978943
-0.23,1,393.7684543132782
-0.22,1,393.78444361686707
-0.2,1,393.80144786834717
-0.2,1,393.81845211982727
-0.18,1,393.83545565605164
-0.17,1,393.85245847702026
-0.16,1,393.8694622516632
-0.15,1,393.8864817619324
-0.15,1,393.9034857749939
-0.15,1,393.9205150604248
-0.15,1,393.93702459335327
-0.14,1,393.9540333747864
-0.13,1,393.971049785614
-0.11,1,393.98804569244385
-0.09,1,394.0045576095581
-0.07,1,394.02106642723083
-0.07,1,394.03807044029236
-0.04,1,394.0550744533539
-0.01,1,394.0720782279968
0.03,1,394.088082075119
0.07,1,394.10508584976196
0.11,1,394.1220886707306
0.11,1,394.1390931606293
0.15,1,394.1560962200165
0.2,1,394.1730999946594
0.25,1,394.19011926651
0.29,1,394.20662117004395
0.33,1,394.22362446784973
0.36,1,394.2406280040741
0.36,1,394.2576322555542
0.4,1,394.2741413116455
0.42,1,394.2911467552185
0.44,1,394.30815076828003
0.45,1,394.325154542923
0.45,1,394.3421585559845
0.45,1,394.3581621646881
0.45,1,394.3751657009125
0.45,1,394.39216899871826
0.46,1,394.4091737270355
0.47,1,394.4261770248413
0.48,1,394.44318199157715
0.49,1,394.4601855278015
0.49,1,394.47718930244446
0.48,1,394.49398922920227
0.46,1,394.51099252700806
0.44,1,394.52699613571167
0.4,1,394.5439991950989
0.36,1,394.5610046386719
0.36,1,394.57800793647766
0.32,1,394.59501099586487
0.28,1,394.6110188961029
0.23,1,394.62802267074585
0.17,1,394.6450276374817
0.11,1,394.6620304584503
0.11,1,394.6780335903168
0.04,1,394.6950378417969
-0.03,1,394.71104192733765
-0.11,1,394.72804522514343
-0.19,1,394.74504923820496
-0.26,0,394.7620713710785
-0.26,0,394.7780749797821
-0.33,0,394.7950782775879
-0.41,0,394.81158995628357
-0.48,0,394.82859349250793
-0.55,0,394.8455972671509
-0.62,0,394.8626263141632
-0.68,0,394.8796293735504
-0.68,0,394.895632982254
-0.75,0,394.91275548934937
-0.82,0,394.929265499115
-0.9,0,394.9462695121765
-0.99,0,394.9632308483124
-1.09,0,394.9802346229553
-1.09,0,394.9962387084961
-1.2,0,395.0137622356415
-1.3,0,395.03076672554016
-1.39,0,395.04777002334595
-1.5,0,395.0647737979889
-1.61,0,395.08128476142883
-1.61,0,395.09828662872314
-1.74,-1,395.1148281097412
-1.87,-1,395.1313362121582
-2.0,-1,395.14833998680115
-2.14,-1,395.16534423828125
-2.28,-1,395.1823489665985
-2.28,-1,395.19835138320923
-2.42,-1,395.2149293422699
-2.56,-1,395.2319321632385
-2.71,-1,395.2489364147186
-2.87,-1,395.26572346687317
-3.03,-1,395.2822337150574
-3.03,-1,395.29923701286316
-3.18,-1,395.31649136543274
-3.34,-1,395.3322448730469
-3.5,-1,395.34924840927124
-3.66,-1,395.3668282032013
0.0,1,395.60222864151
0.0,1,395.61923265457153
0.0,1,395.6362361907959
0.0,1,395.65323996543884
-0.01,1,395.66924357414246
-0.03,1,395.68625235557556
-0.06,1,395.7032587528229
-0.09,1,395.72026205062866
-0.09,1,395.7362651824951
-0.11,1,395.7532699108124
-0.13,1,395.7702739238739
-0.15,1,395.7869622707367
-0.17,1,395.80396580696106
-0.21,1,395.8209705352783
-0.21,1,395.8379738330841
-0.24,1,395.85497760772705
-0.29,1,395.8719811439514
-0.34,1,395.8889989852905
-0.4,1,395.9055070877075
-0.45,1,395.9225115776062
-0.49,1,395.9395184516907
-0.49,1,395.9561507701874
-0.54,0,395.97315430641174
-0.58,0,395.9891619682312
-0.62,0,396.0066714286804
-0.67,0,396.0231809616089
-0.72,0,396.04019927978516
-0.72,0,396.0562038421631
-0.8,0,396.0742075443268
-0.88,0,396.09022665023804
-0.95,0,396.1072311401367
-1.03,0,396.12423372268677
-1.11,0,396.1412374973297
-1.11,0,396.15775084495544
-1.19,0,396.17425894737244
-1.27,0,396.1912639141083
-1.34,0,396.2082664966583
-1.41,0,396.2252707481384
-1.48,0,396.2412750720978
-1.48,0,396.258278131485
-1.54,0,396.2752945423126
-1.6,0,396.2922990322113
-1.65,0,396.30918884277344
-1.7,0,396.3261933326721
-1.75,0,396.34219670295715
-1.75,0,396.3594214916229
-1.79,0,396.3764388561249
-1.82,0,396.3924424648285
-1.84,-1,396.40944600105286
-1.87,-1,396.42644929885864
-1.91,-1,396.44245314598083
-1.91,-1,396.45945858955383
-1.96,-1,396.475967168808
-2.01,-1,396.49297308921814
-2.06,-1,396.5099859237671
-2.1,-1,396.5269830226898
-2.15,-1,396.54419207572937
-2.19,-1,396.56070017814636
-2.19,-1,396.5771071910858
-2.22,-1,396.59411096572876
-2.26,-1,396.6111145019531
-2.31,-1,396.62811970710754
-2.36,-1,396.645122051239
-2.43,-1,396.6611258983612
-2.43,-1,396.6781301498413
-2.48,-1,396.69513511657715
-2.53,-1,396.71113777160645
-2.59,-1,396.72814083099365
-2.65,-1,396.7451448440552
-2.71,-1,396.76114892959595
-2.71,-1,396.77815222740173
-2.77,-1,396.7951567173004
0.0,1,397.0241234302521
0.0,1,397.04120922088623
0.0,1,397.0582129955292
-0.02,1,397.0752820968628
-0.03,1,397.09128856658936
-0.05,1,397.1087498664856
-0.08,1,397.12521409988403
-0.1,1,397.14221811294556
-0.1,1,397.15924429893494
-0.14,1,397.17624855041504
-0.18,1,397.1932520866394
-0.22,1,397.2102725505829
-0.27,1,397.22728085517883
-0.32,1,397.24328565597534
-0.38,1,397.2602925300598
-0.38,1,397.27729630470276
-0.44,1,397.2943003177643
-0.49,1,397.31030344963074
-0.54,0,397.3273079395294
-0.58,0,397.3443114757538
-0.63,0,397.3613154888153
-0.63,0,397.3783190250397
-0.66,0,397.3953227996826
-0.7,0,397.4123258590698
-0.73,0,397.4293303489685
-0.75,0,397.44633412361145
-0.78,0,397.46233797073364
-0.78,0,397.4793417453766
-0.81,0,397.49634528160095
-0.84,0,397.51234889030457
-0.87,0,397.52935242652893
-0.9,0,397.5463569164276
-0.94,0,397.56336092948914
-0.99,0,397.5803644657135
-0.99,0,397.59636783599854
-1.05,0,397.61437129974365
-1.12,0,397.63137578964233
-1.2,0,397.648380279541
-1.28,0,397.66438388824463
-1.36,0,397.6813864707947
-1.36,0,397.6983916759491
-1.46,0,397.7153944969177
-1.57,0,397.7323977947235
-1.69,0,397.7494020462036
-1.81,0,397.7664062976837
-1.94,-1,397.7834098339081
-2.08,-1,397.8004140853882
-2.08,-1,397.81741762161255
-2.24,-1,397.8344211578369
-2.39,-1,397.8518476486206
-2.56,-1,397.8688054084778
-2.73,-1,397.8858096599579
-2.91,-1,397.9028215408325
-3.1,-1,397.9198250770569
-3.1,-1,397.93682956695557
-3.29,-1,397.95383310317993
-3.49,-1,397.9708368778229
-3.7,-1,397.98784041404724
-3.91,-1,398.0048441886902
-4.14,-1,398.0218482017517
0.0,1,398.24689865112305
-0.01,1,398.26390314102173
-0.02,1,398.28090620040894
-0.02,1,398.2979109287262
-0.06,1,398.31491470336914
-0.08,1,398.3319180011749
-0.1,1,398.34892225265503
-0.1,1,398.36650037765503
-0.1,1,398.3829302787781
-0.1,1,398.39893221855164
-0.09,1,398.4159371852875
-0.08,1,398.4329409599304
-0.07,1,398.44994473457336
-0.05,1,398.46694803237915
-0.03,1,398.4839520454407
-0.01,1,398.50095558166504
-0.01,1,398.51795959472656
0.01,1,398.5342571735382
0.03,1,398.5512614250183
0.06,1,398.56826519966125
0.1,1,398.5852689743042
0.13,1,398.6022729873657
0.13,1,398.61827635765076
0.15,1,398.6352803707123
0.17,1,398.6522841453552
0.2,1,398.66928815841675
0.23,1,398.6862919330597
0.26,1,398.70329546928406
0.28,1,398.72029995918274
0.28,1,398.73729491233826
0.28,1,398.7546446323395
0.28,1,398.7711536884308
0.28,1,398.78815746307373
0.29,1,398.80466532707214
0.3,1,398.82166934013367
0.3,1,398.8381972312927
0.32,1,398.8552007675171
0.35,1,398.87220430374146
0.38,1,398.8892080783844
0.41,1,398.9062123298645
0.46,1,398.92321586608887
0.51,0,398.9402198791504
0.51,0,398.9572241306305
0.57,0,398.9742271900177
0.63,0,398.9912323951721
0.69,0,399.0082354545593
0.75,0,399.0252387523651
0.82,0,399.0425429344177
0.9,0,399.0595464706421
0.9,0,399.0765504837036
0.99,0,399.09355425834656
1.09,0,399.11055755615234
1.18,0,399.127562046051
1.28,0,399.1445655822754
1.38,0,399.16056990623474
1.38,0,399.1780786514282
1.46,0,399.19508242607117
1.53,0,399.2110867500305
1.59,0,399.22808933258057
1.65,0,399.2446026802063
1.71,0,399.2616059780121
1.71,0,399.2796103954315
1.76,0,399.2946138381958
1.8,0,399.3115589618683
1.84,0,399.3285632133484
1.89,-1,399.3454759120941
1.94,-1,399.3624794483185
1.94,-1,399.3784830570221
1.99,-1,399.39548659324646
2.03,-1,399.41249084472656
2.06,-1,399.4294943809509
2.09,-1,399.44560050964355
2.11,-1,399.4626052379608
2.13,-1,399.47960805892944
2.13,-1,399.49561166763306
2.15,-1,399.51261591911316
2.17,-1,399.5296194553375
2.2,-1,399.5466229915619
2.23,-1,399.5631523132324
2.25,-1,399.5801556110382
2.25,-1,399.59615898132324
2.27,-1,399.6131625175476
2.29,-1,399.6301670074463
2.3,-1,399.6471703052521
2.3,-1,399.66317415237427
2.3,-1,399.6801779270172
2.3,-1,399.69718194007874
2.3,-1,399.7141854763031
2.29,-1,399.73118901252747
2.27,-1,399.74819326400757
2.26,-1,399.7651970386505
0.0,1,400.0047678947449
0.0,1,400.0207722187042
0.0,1,400.0377757549286
-0.02,1,400.05474877357483
-0.03,1,400.0712571144104
-0.05,1,400.08827781677246
-0.08,1,400.1047887802124
-0.1,1,400.1217930316925
-0.1,1,400.1387960910797
-0.14,1,400.1557881832123
-0.18,1,400.1727921962738
-0.22,1,400.18981313705444
-0.27,1,400.20681643486023
-0.32,1,400.2238202095032
-0.38,1,400.24082469940186
-0.38,1,400.25782799720764
-0.44,1,400.27483201026917
-0.51,0,400.29083466529846
-0.58,0,400.3078627586365
-0.66,0,400.3243715763092
-0.74,0,400.34093403816223
-0.74,0,400.3575930595398
-0.83,0,400.37519669532776
-0.92,0,400.3912010192871
-1.02,0,400.4082040786743
-1.12,0,400.4252076148987
-1.22,0,400.4422116279602
-1.22,0,400.4587209224701
-1.33,0,400.47523307800293
-1.45,0,400.49192118644714
-1.57,0,400.50892543792725
-1.69,0,400.52557373046875
-1.82,0,400.54259610176086
-1.95,0,400.5596001148224
-1.95,0,400.57660388946533
-2.09,0,400.5936071872711
-2.24,-1,400.6096110343933
-2.4,-1,400.6266152858734
-2.56,-1,400.64361906051636
-2.72,-1,400.6606225967407
-2.72,-1,400.6766264438629
-2.88,-1,400.6946303844452
-3.04,-1,400.7106463909149
-3.2,-1,400.7276494503021
-3.36,-1,400.74465346336365
-3.52,-1,400.7616469860077
-3.52,-1,400.7771546840668
-3.68,-1,400.7941291332245
-3.85,-1,400.8108501434326
-4.02,-1,400.8273980617523
-4.19,-1,400.84440207481384
0.0,1,401.07161498069763
0.0,1,401.0876622200012
0.01,1,401.1047103404999
0.01,1,401.1207163333893
0.01,1,401.138635635376
0.02,1,401.1556570529938
0.03,1,401.1721661090851
0.05,1,401.18917083740234
0.07,1,401.20617485046387
0.09,1,401.2231786251068
0.12,1,401.24018263816833
0.12,1,401.2571859359741
0.15,1,401.27418971061707
0.18,1,401.29119420051575
0.21,1,401.30819725990295
0.24,1,401.3252012729645
0.26,1,401.3422050476074
0.26,1,401.35921263694763
0.27,1,401.376216173172
0.28,1,401.39321970939636
0.28,1,401.41022753715515
0.28,1,401.4272310733795
0.28,1,401.4442343711853
0.27,1,401.46123814582825
0.27,1,401.47724175453186
0.26,1,401.49424600601196
0.24,1,401.51075410842896
0.23,1,401.5277581214905
0.2,1,401.54476141929626
0.18,1,401.5617654323578
0.18,1,401.57876920700073
0.15,1,401.5957727432251
0.12,1,401.61177682876587
0.08,1,401.6287806034088
0.04,1,401.6457841396332
0.0,1,401.66278767585754
0.0,1,401.6787917613983
-0.05,1,401.6957950592041
-0.11,1,401.7123281955719
-0.17,1,401.7293310165405
-0.23,1,401.74633526802063
-0.3,1,401.7623391151428
-0.3,1,401.7783422470093
-0.36,1,401.79634642601013
-0.43,1,401.81235003471375
-0.51,1,401.8293538093567
-0.58,1,401.84635734558105
-0.65,1,401.86336183547974
-0.72,0,401.8803677558899
-0.72,0,401.89737153053284
-0.8,0,401.9143753051758
-0.89,0,401.9303789138794
-0.98,0,401.9473834037781
-1.08,0,401.96382999420166
-1.19,0,401.98134112358093
-1.19,0,401.99734473228455
-1.32,0,402.0143485069275
-1.45,0,402.03135228157043
-1.59,0,402.0483558177948
-1.74,0,402.064359664917
-1.9,0,402.0813660621643
-1.9,0,402.0973696708679
-2.08,0,402.1143732070923
-2.26,0,402.13104224205017
-2.45,0,402.14804458618164
-2.65,-1,402.16504883766174
-2.85,-1,402.1820523738861
-2.85,-1,402.1980562210083
-3.07,-1,402.21505999565125
-3.29,-1,402.23206400871277
-3.51,-1,402.24806809425354
-3.73,-1,402.2650706768036
-3.95,-1,402.2820749282837
-3.95,-1,402.2980794906616
-4.18,-1,402.31508231163025
-4.4,-1,402.33208680152893
-4.63,-1,402.3490903377533
-4.85,-1,402.365599155426
0.0,1,402.59416246414185
-0.01,1,402.6106712818146
-0.02,1,402.6276755332947
-0.05,1,402.64467906951904
-0.08,1,402.66168308258057
-0.08,1,402.6782364845276
-0.13,1,402.69524025917053
-0.18,1,402.71224761009216
-0.23,1,402.7292516231537
-0.29,1,402.74625515937805
-0.35,1,402.7622592449188
-0.35,1,402.7789053916931
-0.43,1,402.7959084510803
-0.52,0,402.8119115829468
-0.62,0,402.8294222354889
-0.72,0,402.84642577171326
-0.83,0,402.862429857254
-0.83,0,402.879433631897
-0.94,0,402.8964376449585
-1.05,0,402.91344118118286
-1.15,0,402.930447101593
-1.25,0,402.9464490413666
-1.35,0,402.96345257759094
-1.45,0,402.98045659065247
-1.45,0,402.9974603652954
-1.54,0,403.01446437835693
-1.64,0,403.03046774864197
-1.75,0,403.04747223854065
-1.86,0,403.0639798641205
-1.98,0,403.08098316192627
-1.98,0,403.09798765182495
-2.12,0,403.11499094963074
-2.26,-1,403.13199496269226
-2.4,-1,403.1479985713959
-2.54,-1,403.1650023460388
-2.69,-1,403.1820070743561
-2.69,-1,403.1980097293854
-2.85,-1,403.21501302719116
-3.0,-1,403.232017993927
-3.15,-1,403.25002098083496
-3.3,-1,403.2660245895386
-3.46,-1,403.28302907943726
-3.61,-1,403.30003213882446
-3.61,-1,403.3170359134674
-3.77,-1,403.3340404033661
-3.94,-1,403.35076880455017
-4.11,-1,403.3670480251312
0.0,1,403.6159908771515
0.01,1,403.6334881782532
0.02,1,403.6499981880188
0.04,1,403.6670024394989
0.06,1,403.68400597572327
0.08,1,403.7000102996826
0.08,1,403.71701312065125
0.1,1,403.73401737213135
0.12,1,403.7510209083557
0.15,1,403.7670741081238
0.18,1,403.78402853012085
0.21,1,403.8015477657318
0.21,1,403.81715846061707
0.24,1,403.8340620994568
0.27,1,403.85106658935547
0.29,1,403.8680691719055
0.31,1,403.88507294654846
0.32,1,403.90207695961
0.32,1,403.91908025741577
0.32,1,403.9360845088959
0.34,1,403.9525945186615
0.34,1,403.96959805488586
0.34,1,403.9866018295288
0.32,1,404.0028052330017
0.31,1,404.0203204154968
0.31,1,404.0363173484802
0.3,1,404.05282521247864
0.29,1,404.06982922554016
0.28,1,404.0868330001831
0.27,1,404.10384130477905
0.26,1,404.1208453178406
0.26,1,404.1368474960327
0.25,1,404.15385246276855
0.25,1,404.1708972454071
0.25,1,404.18788027763367
0.25,1,404.2048861980438
0.25,1,404.22188997268677
0.25,1,404.23789405822754
0.26,1,404.25589656829834
0.26,1,404.27191710472107
0.27,1,404.28892159461975
0.28,1,404.3059253692627
0.29,1,404.3229293823242
0.31,1,404.3399329185486
0.31,1,404.35682821273804
0.32,0,404.3738315105438
0.35,0,404.39083552360535
0.37,0,404.40783953666687
0.4,0,404.424843788147
0.43,0,404.4418475627899
0.43,0,404.45785117149353
0.47,0,404.4758722782135
0.52,0,404.4918761253357
0.57,0,404.5088791847229
0.63,0,404.5258831977844
0.69,0,404.5418875217438
0.69,0,404.558890581131
0.76,0,404.5758943557739
0.83,0,404.59289836883545
0.9,0,404.6099019050598
0.98,0,404.62590622901917
1.07,0,404.64290952682495
1.15,0,404.6599133014679
1.15,0,404.6764211654663
1.24,0,404.6934254169464
1.34,0,404.71042943000793
1.43,0,404.7274329662323
1.53,0,404.7444369792938
1.62,-1,404.76144194602966
1.62,-1,404.7784445285797
1.71,-1,404.79544854164124
1.81,-1,404.8114528656006
1.91,-1,404.8284556865692
2.01,-1,404.84546065330505
2.11,-1,404.86246371269226
2.11,-1,404.879269361496
2.2,-1,404.8962733745575
2.29,-1,404.9132776260376
2.38,-1,404.9300594329834
2.47,-1,404.9470634460449
2.56,-1,404.9640669822693
2.64,-1,404.98022508621216
2.64,-1,404.9972290992737
2.72,-1,405.0142331123352
2.79,-1,405.03023648262024
2.86,-1,405.0472412109375
2.92,-1,405.0642442703247
0.0,1,405.31725668907166
0.0,1,405.33403396606445
0.01,1,405.3510391712189
0.02,1,405.36804246902466
0.04,1,405.3850562572479
0.06,1,405.4020528793335
0.06,1,405.4180557727814
0.09,1,405.4350595474243
0.12,1,405.45206356048584
0.16,1,405.469069480896
0.2,1,405.4860713481903
0.24,1,405.5030746459961
0.29,1,405.5200901031494
0.29,1,405.53708505630493
0.35,1,405.5540888309479
0.42,1,405.5710926055908
0.48,1,405.5880970954895
0.53,0,405.6051003932953
0.58,0,405.62210512161255
0.58,0,405.6391079425812
0.62,0,405.65611267089844
0.66,0,405.67249155044556
0.7,0,405.6894989013672
0.74,0,405.70651388168335
0.77,0,405.72351932525635
0.8,0,405.7400414943695
0.8,0,405.75705099105835
0.82,0,405.7740533351898
0.84,0,405.79105854034424
0.85,0,405.8080611228943
0.86,0,405.8240661621094
0.86,0,405.84106850624084
0.86,0,405.8580722808838
0.86,0,405.875075340271
0.85,0,405.89208030700684
0.84,0,405.9090838432312
0.83,0,405.9260869026184
0.82,0,405.9430921077728
0.79,0,405.9600956439972
0.79,0,405.97709918022156
0.76,0,405.9936330318451
0.73,0,406.01063680648804
0.68,0,406.0271451473236
0.64,0,406.0441515445709
0.61,0,406.06115674972534
0.61,0,406.0781593322754
0.56,0,406.0951626300812
0.5,0,406.1116735935211
0.43,0,406.12867736816406
0.35,0,406.14519119262695
0.27,0,406.16219449043274
0.27,0,406.1781988143921
0.17,0,406.19520258903503
0.06,0,406.2122058868408
-0.04,0,406.22871589660645
-0.14,0,406.2457196712494
-0.24,0,406.2627229690552
-0.24,0,406.27872705459595
-0.33,0,406.2957308292389
-0.41,0,406.3127353191376
-0.49,0,406.329745054245
-0.57,0,406.34674859046936
-0.64,1,406.36375164985657
-0.71,1,406.37975811958313
-0.71,1,406.39676237106323
-0.77,1,406.41376519203186
-0.82,1,406.42976927757263
-0.88,1,406.44677352905273
-0.94,1,406.46328258514404
-1.0,1,406.4802861213684
-1.0,1,406.49729013442993
-1.06,1,406.51429438591003
-1.13,1,406.53030014038086
-1.2,1,406.5473048686981
-1.28,1,406.5643079280853
-1.37,1,406.5813145637512
-1.37,1,406.5973184108734
-1.47,1,406.6143217086792
-1.58,1,406.63089203834534
-1.69,1,406.6478967666626
-1.79,1,406.66390013694763
-1.89,1,406.6814079284668
-1.89,1,406.69741201400757
-1.99,1,406.71420764923096
-2.1,1,406.73121190071106
-2.22,1,406.7482154369354
-2.33,1,406.76521921157837
-2.45,1,406.7818627357483
-2.45,1,406.7988669872284
-2.58,1,406.81587076187134
-2.7,1,406.8323805332184
-2.82,1,406.85007667541504
-2.94,1,406.8660686016083
-3.07,1,406.8840379714966
-3.2,1,406.9005563259125
-3.2,1,406.91742157936096
-3.32,1,406.9344251155853
-3.46,0,406.9504292011261
-3.6,0,406.96743297576904
-3.74,0,406.9844365119934
-3.9,0,407.00144028663635
-3.9,0,407.01744413375854
-4.07,0,407.0344476699829
-4.24,0,407.05145144462585
-4.42,0,407.0674555301666
-4.61,0,407.084459066391
-4.8,0,407.1014633178711
-4.8,0,407.12147188186646
-4.98,0,407.13847494125366
-5.18,0,407.15347814559937
-5.37,0,407.1694815158844
-5.57,0,407.18648529052734
-5.78,0,407.203489780426
-5.98,0,407.21949338912964
-5.98,0,407.23630833625793
-6.19,-1,407.2533266544342
-6.4,-1,407.27049803733826
-6.61,-1,407.2864820957184
-6.82,-1,407.3034861087799
-7.03,-1,407.3204896450043
-7.03,-1,407.3364930152893
-7.25,-1,407.35349702835083
-7.46,-1,407.3705008029938
-7.68,-1,407.3875048160553
-7.9,-1,407.40450835227966
-8.12,-1,407.42151403427124
-8.12,-1,407.4385163784027
-8.32,-1,407.45552015304565
-8.51,-1,407.47252345085144
-8.71,-1,407.4895281791687
0.0,1,407.74077010154724
0.0,1,407.756774187088
0.01,1,407.7737774848938
0.02,1,407.7907807826996
0.04,1,407.8067853450775
0.06,1,407.8238534927368
0.08,1,407.84085750579834
0.08,1,407.8578608036041
0.11,1,407.87499952316284
0.15,1,407.89102244377136
0.19,1,407.908034324646
0.22,1,407.92504262924194
0.26,1,407.94218277931213
0.26,1,407.959144115448
0.29,1,407.9756443500519
0.33,1,407.9926383495331
0.37,1,408.0096435546875
0.42,1,408.02681612968445
0.47,1,408.04275822639465
0.51,0,408.059761762619
0.51,0,408.07676577568054
0.55,0,408.09377908706665
0.6,0,408.1105680465698
0.65,0,408.1275761127472
0.7,0,408.1445837020874
0.76,0,408.16136932373047
0.76,0,408.17737197875977
0.83,0,408.1953761577606
0.91,0,408.2113800048828
0.99,0,408.2283833026886
1.06,0,408.24538707733154
1.12,0,408.2613911628723
1.12,0,408.2783946990967
1.19,0,408.2953987121582
1.27,0,408.3114023208618
1.36,0,408.3284058570862
1.44,0,408.3450210094452
1.53,0,408.3620252609253
1.53,0,408.3790285587311
1.63,0,408.396032333374
1.72,0,408.41303873062134
1.82,0,408.43004179000854
1.92,0,408.4466497898102
2.02,-1,408.46365308761597
2.13,-1,408.48065733909607
2.13,-1,408.4976737499237
2.24,-1,408.51418232917786
2.34,-1,408.5311849117279
2.43,-1,408.548189163208
2.52,-1,408.56519293785095
2.6,-1,408.5811970233917
2.6,-1,408.5982005596161
2.68,-1,408.61520504951477
2.74,-1,408.6322078704834
2.8,-1,408.64821124076843
2.86,-1,408.6652157306671
2.9,-1,408.6822192668915
2.9,-1,408.6992230415344
2.94,-1,408.7162272930145
2.98,-1,408.7332308292389
3.01,-1,408.7492353916168
3.04,-1,408.766238451004
3.06,-1,408.78324151039124
0.0,1,409.0548794269562
0.0,1,409.0713863372803
0.01,1,409.0873908996582
0.01,1,409.10490345954895
0.02,1,409.12190675735474
0.02,1,409.13891077041626
0.03,1,409.1559145450592
0.05,1,409.17242455482483
0.06,1,409.18942856788635
0.08,1,409.20643186569214
0.1,1,409.2231650352478
0.12,1,409.2401690483093
0.12,1,409.2571725845337
0.15,1,409.27417612075806
0.18,1,409.2911801338196
0.2,1,409.3081839084625
0.23,1,409.32518768310547
0.25,1,409.34219193458557
0.25,1,409.35919523239136
0.29,1,409.3762013912201
0.32,1,409.3932032585144
0.36,1,409.4097123146057
0.39,1,409.42621994018555
0.43,1,409.44322419166565
0.48,1,409.46022844314575
0.48,1,409.47723150253296
0.52,0,409.4942355155945
0.56,0,409.511239528656
0.61,0,409.52824306488037
0.65,0,409.5452468395233
0.7,0,409.562251329422
0.7,0,409.5782573223114
0.74,0,409.59626150131226
0.78,0,409.61226511001587
0.81,0,409.62926840782166
0.83,0,409.64527225494385
0.85,0,409.66227626800537
0.85,0,409.67928290367126
0.89,0,409.69628643989563
0.94,0,409.7132902145386
0.98,0,409.73029470443726
1.01,0,409.74729776382446
1.04,0,409.7643015384674
1.06,0,409.7813050746918
1.06,0,409.7983088493347
1.08,0,409.81531286239624
1.09,0,409.83231711387634
1.09,0,409.849321603775
1.09,0,409.8653242588043
1.1,0,409.8823275566101
1.1,0,409.8993318080902
1.11,0,409.9158411026001
1.12,0,409.9328451156616
1.14,0,409.9498484134674
1.17,0,409.967337846756
1.2,0,409.98417115211487
1.23,0,410.00100684165955
1.23,0,410.0178632736206
1.26,0,410.03437304496765
1.3,0,410.0513777732849
1.33,0,410.0683810710907
1.37,0,410.08538722991943
1.4,0,410.1018590927124
1.4,0,410.11885261535645
1.45,-1,410.1358554363251
1.49,-1,410.1528594493866
1.54,-1,410.1688768863678
1.6,-1,410.18567633628845
1.65,-1,410.2022445201874
1.71,-1,410.2202274799347
1.71,-1,410.2362160682678
1.77,-1,410.2532196044922
1.84,-1,410.27022528648376
1.89,-1,410.2862296104431
1.95,-1,410.3032329082489
2.01,-1,410.320237159729
2.01,-1,410.33624053001404
2.07,-1,410.353244304657
2.14,-1,410.369247674942
2.21,-1,410.3862519264221
2.28,-1,410.40325593948364
2.35,-1,410.42026257514954
2.35,-1,410.4372663497925
2.43,-1,410.4542694091797
2.5,-1,410.47127389907837
0.0,1,410.71896409988403
0.0,1,410.73597049713135
0.01,1,410.7529766559601
0.02,1,410.76997208595276
0.03,1,410.7869634628296
0.02,1,410.8039274215698
0.01,1,410.82094502449036
0.01,1,410.83794808387756
-0.02,1,410.85484194755554
-0.05,1,410.8718659877777
-0.09,1,410.8878698348999
-0.12,1,410.9048910140991
-0.15,1,410.9219083786011
-0.15,1,410.9389250278473
-0.17,1,410.95575523376465
-0.2,1,410.9727747440338
-0.22,1,410.988778591156
-0.23,1,411.00578236579895
-0.26,1,411.0232927799225
-0.29,1,411.0400061607361
-0.29,1,411.0570101737976
-0.32,1,411.0740132331848
-0.35,1,411.0910174846649
-0.38,1,411.1070203781128
-0.42,1,411.1240282058716
-0.46,1,411.1400315761566
-0.46,1,411.157035112381
-0.5,0,411.1740438938141
-0.54,0,411.19104647636414
-0.59,0,411.2080502510071
-0.64,0,411.2250542640686
-0.7,0,411.24205803871155
-0.7,0,411.25906205177307
-0.76,0,411.27603459358215
-0.82,0,411.2930383682251
-0.87,0,411.3090422153473
-0.92,0,411.32604575157166
-0.97,0,411.3430497646332
-1.0,0,411.36005330085754
-1.0,0,411.37705731391907
-1.04,0,411.3940613269806
-1.09,0,411.4110655784607
-1.14,0,411.4280686378479
-1.19,0,411.44507217407227
-1.25,0,411.4620769023895
-1.25,0,411.47808027267456
-1.31,0,411.4950842857361
-1.39,0,411.5120873451233
-1.47,0,411.5290915966034
-1.55,0,411.54609537124634
-1.65,0,411.562908411026
-1.65,0,411.57891178131104
-1.76,0,411.595915555954
-1.88,0,411.6129195690155
-1.99,-1,411.62942910194397
-2.1,-1,411.6464321613312
-2.19,-1,411.6634364128113
-2.29,-1,411.6794397830963
-2.29,-1,411.69644355773926
-2.37,-1,411.71310806274414
-2.44,-1,411.7301118373871
-2.5,-1,411.74711537361145
-2.56,-1,411.76411962509155
-2.62,-1,411.78112530708313
-2.62,-1,411.7981266975403
-2.68,-1,411.8151304721832
-2.75,-1,411.8321342468262
-2.82,-1,411.8491380214691
-2.87,-1,411.8661422729492
-2.93,-1,411.88214588165283
-2.93,-1,411.89915013313293
-2.97,-1,411.9161536693573
-3.01,-1,411.9331569671631
-3.06,-1,411.95016074180603
0.0,1,412.2192361354828
-0.01,1,412.23623991012573
-0.02,1,412.25326704978943
-0.05,1,412.27027130126953
-0.08,1,412.2872750759125
-0.11,1,412.3042788505554
-0.14,1,412.3212819099426
-0.14,1,412.3382863998413
-0.2,1,412.3552894592285
-0.26,1,412.3712933063507
-0.32,1,412.3882975578308
-0.4,1,412.40530133247375
-0.48,1,412.42219376564026
-0.48,1,412.4391973018646
-0.58,0,412.4562005996704
-0.69,0,412.4722044467926
-0.81,0,412.4892086982727
-0.93,0,412.50621223449707
-1.05,0,412.52321577072144
-1.18,0,412.5392200946808
-1.18,0,412.55622363090515
-1.31,0,412.57332944869995
-1.43,0,412.5898382663727
-1.56,0,412.6063463687897
-1.68,0,412.62334990501404
-1.79,0,412.6398584842682
-1.79,0,412.6563665866852
-1.93,0,412.67337369918823
-2.06,0,412.690376996994
-2.2,-1,412.70738101005554
-2.34,-1,412.72438740730286
-2.48,-1,412.74039101600647
-2.48,-1,412.7573952674866
-2.65,-1,412.7743990421295
-2.82,-1,412.79040241241455
-2.98,-1,412.8074061870575
-3.14,-1,412.8241410255432
-3.3,-1,412.8411440849304
-3.3,-1,412.8572516441345
-3.47,-1,412.87425541877747
-3.63,-1,412.8912584781647
-3.79,-1,412.9082634449005
-3.94,-1,412.9242694377899
-4.1,-1,412.9412727355957
0.0,1,413.2079176902771
0.0,1,413.22492241859436
0.01,1,413.2419250011444
0.01,1,413.25892901420593
0.01,1,413.27593302726746
0.02,1,413.29293632507324
0.04,1,413.3099434375763
0.05,1,413.32694697380066
0.07,1,413.34345507621765
0.08,1,413.36045932769775
0.08,1,413.37728118896484
0.11,1,413.3942849636078
0.13,1,413.41128969192505
0.16,1,413.42829298973083
0.19,1,413.4452967643738
0.22,1,413.46230030059814
0.22,1,413.4789583683014
0.26,1,413.4959628582001
0.3,1,413.51196575164795
0.35,1,413.5289726257324
0.4,1,413.54597640037537
0.45,1,413.56297993659973
0.51,0,413.579984664917
0.51,0,413.5965676307678
0.57,0,413.61357140541077
0.63,0,413.63057470321655
0.7,0,413.64757895469666
0.77,0,413.6645827293396
0.84,0,413.6815867424011
0.84,0,413.6985900402069
0.92,0,413.71559405326843
1.01,0,413.73223662376404
1.1,0,413.74924087524414
1.19,0,413.7662446498871
1.28,0,413.78324818611145
1.37,0,413.8002519607544
1.37,0,413.8172562122345
1.47,0,413.8345057964325
1.57,0,413.8512978553772
1.68,0,413.8682670593262
1.79,0,413.8852713108063
1.91,0,413.9022750854492
1.91,0,413.9192786216736
2.04,0,413.93528294563293
2.18,-1,413.95304346084595
2.32,-1,413.97004771232605
2.48,-1,413.98705077171326
2.64,-1,414.00407123565674
2.81,-1,414.02048087120056
2.81,-1,414.0375165939331
2.99,-1,414.0541651248932
3.19,-1,414.0714123249054
3.39,-1,414.08841586112976
3.6,-1,414.1054198741913
3.82,-1,414.12249279022217
3.82,-1,414.1384963989258
4.05,-1,414.15551948547363
4.29,-1,414.17255568504333
0.0,1,414.44256591796875
0.0,1,414.4591631889343
0.0,1,414.47616744041443
0.01,1,414.49317145347595
0.02,1,414.5101754665375
0.03,1,414.52717876434326
0.04,1,414.5441825389862
0.05,1,414.56118750572205
0.05,1,414.57819414138794
0.08,1,414.5951974391937
0.1,1,414.612202167511
0.13,1,414.6292085647583
0.16,1,414.6462118625641
0.19,1,414.6632158756256
0.23,1,414.6804506778717
0.23,1,414.6974546909332
0.27,1,414.71445870399475
0.32,1,414.73046231269836
0.37,1,414.7474660873413
0.42,1,414.76446986198425
0.48,1,414.7814738750458
0.48,1,414.7984778881073
0.54,0,414.8154809474945
0.6,0,414.8316011428833
0.66,0,414.8486044406891
0.72,0,414.8656096458435
0.79,0,414.88261580467224
0.79,0,414.8986191749573
0.86,0,414.91562271118164
0.93,0,414.9327816963196
1.0,0,414.9497857093811
1.08,0,414.9667890071869
1.16,0,414.98379349708557
1.24,0,415.0007965564728
1.24,0,415.0168001651764
1.32,0,415.0348036289215
1.41,0,415.0508074760437
1.51,0,415.06782579421997
1.61,0,415.0848295688629
1.72,0,415.1008331775665
1.72,0,415.1168625354767
1.83,0,415.13467812538147
1.95,0,415.15094685554504
2.07,-1,415.16815066337585
2.19,-1,415.1848578453064
2.31,-1,415.20116114616394
2.31,-1,415.21823930740356
2.44,-1,415.23516941070557
2.57,-1,415.25217294692993
2.7,-1,415.2691798210144
2.84,-1,415.28667283058167
2.97,-1,415.30367612838745
3.11,-1,415.3204114437103
3.11,-1,415.3374078273773
3.25,-1,415.3544108867645
3.4,-1,415.37141728401184
3.54,-1,415.38842153549194
3.69,-1,415.4054250717163
3.84,-1,415.42242884635925
3.84,-1,415.4394328594208
4.0,-1,415.45643615722656
0.0,1,415.72229051589966
0.0,1,415.739294052124
0.02,1,415.7562983036041
0.04,1,415.77330231666565
0.07,1,415.79030561447144
0.11,1,415.8073091506958
0.16,1,415.82431292533875
0.22,1,415.8413164615631
0.22,1,415.8583209514618
0.29,1,415.8753242492676
0.37,1,415.89232873916626
0.46,1,415.9093325138092
0.55,0,415.9259948730469
0.66,0,415.94299840927124
0.77,0,415.96000266075134
0.77,0,415.9770061969757
0.9,0,415.99400997161865
1.03,0,416.01101422309875
1.18,0,416.02801728248596
1.32,0,416.04402136802673
1.47,0,416.06102538108826
1.47,0,416.07803225517273
1.62,0,416.09503507614136
1.78,0,416.11103987693787
1.93,0,416.12804317474365
2.09,0,416.1450459957123
2.25,-1,416.1620500087738
2.25,-1,416.1780536174774
2.41,-1,416.1950581073761
2.58,-1,416.21206188201904
2.74,-1,416.22906494140625
2.91,-1,416.2460699081421
3.07,-1,416.2630727291107
3.23,-1,416.2800762653351
3.23,-1,416.2960829734802
3.39,-1,416.31308698654175
3.56,-1,416.33009099960327
3.73,-1,416.34709429740906
3.9,-1,416.36309814453125
4.08,-1,416.38010239601135
4.08,-1,416.3971059322357
4.27,-1,416.41410970687866
0.0,1,416.6646490097046
0.0,1,416.6812789440155
0.0,1,416.69828271865845
0.02,1,416.71528601646423
0.03,1,416.73128604888916
0.05,1,416.74828934669495
0.06,1,416.76529335975647
0.09,1,416.78229665756226
0.09,1,416.798300743103
0.12,1,416.8163049221039
0.16,1,416.83330845832825
0.21,1,416.85031175613403
0.26,1,416.8673167228699
0.31,1,416.8846139907837
0.37,1,416.90123224258423
0.37,1,416.91810131073
0.42,1,416.93438506126404
0.48,1,416.9512791633606
0.54,0,416.9682102203369
0.61,0,416.98500418663025
0.67,0,417.00200843811035
0.67,0,417.0190122127533
0.75,0,417.03601717948914
0.81,0,417.0530197620392
0.88,0,417.07002329826355
0.96,0,417.0870268344879
1.03,0,417.1040313243866
1.11,0,417.1210563182831
1.11,0,417.13706040382385
1.19,0,417.1540629863739
1.28,0,417.17108821868896
1.38,0,417.1880922317505
1.47,0,417.20509481430054
1.57,0,417.2221176624298
1.57,0,417.2381203174591
1.67,0,417.2561237812042
1.75,0,417.27212834358215
1.85,0,417.2891318798065
1.95,0,417.3061361312866
2.05,-1,417.323077917099
2.14,-1,417.3400819301605
2.14,-1,417.3570854663849
2.23,-1,417.37408900260925
2.31,-1,417.39009284973145
2.38,-1,417.40709710121155
2.46,-1,417.4241030216217
2.53,-1,417.4411082267761
2.53,-1,417.4581105709076
2.59,-1,417.4751138687134
2.65,-1,417.4911186695099
2.7,-1,417.5081219673157
2.75,-1,417.5251250267029
2.81,-1,417.5421299934387
2.81,-1,417.55913400650024
2.87,-1,417.57569885253906
2.93,-1,417.5922076702118
3.0,-1,417.60921120643616
3.07,-1,417.6262147426605
3.15,-1,417.64322233200073
3.23,-1,417.6605770587921
0.0,1,417.91142559051514
0.01,1,417.92805552482605
0.02,1,417.9450662136078
0.05,1,417.96207213401794
0.05,1,417.9790804386139
0.09,1,417.99608731269836
0.14,1,418.01309037208557
0.19,1,418.0303764343262
0.25,1,418.0466892719269
0.32,1,418.0632281303406
0.39,1,418.08023166656494
0.39,1,418.09664726257324
0.47,1,418.11387062072754
0.56,0,418.1298739910126
0.66,0,418.1478841304779
0.76,0,418.16688776016235
0.88,0,418.1818916797638
0.88,0,418.1968095302582
1.01,0,418.21381306648254
1.15,0,418.2308175563812
1.29,0,418.24782276153564
1.43,0,418.26505875587463
1.59,0,418.28106331825256
1.59,0,418.29706597328186
1.75,0,418.31470227241516
1.91,0,418.3314459323883
2.08,0,418.34811782836914
2.24,-1,418.3651216030121
2.4,-1,418.38212537765503
2.4,-1,418.3981292247772
2.58,-1,418.41513299942017
2.76,-1,418.43213629722595
2.95,-1,418.44914054870605
3.15,-1,418.466144323349
3.36,-1,418.4831483364105
3.57,-1,418.50015139579773
3.57,-1,418.51715564727783
3.8,-1,418.5341601371765
4.03,-1,418.5511631965637
4.26,-1,418.56716656684875
4.49,-1,418.58403062820435
0.0,1,418.834091424942
-0.01,1,418.8514370918274
-0.02,1,418.8681218624115
-0.05,1,418.88510298728943
-0.08,1,418.9021065235138
-0.08,1,418.91911005973816
-0.13,1,418.9361164569855
-0.18,1,418.9531207084656
-0.24,1,418.9701237678528
-0.3,1,418.98712825775146
-0.36,1,419.0041320323944
-0.43,1,419.02013540267944
-0.43,1,419.0361399650574
-0.5,1,419.05414295196533
-0.58,0,419.07014656066895
-0.67,0,419.0871515274048
-0.76,0,419.104154586792
-0.85,0,419.12115931510925
-0.85,0,419.1381616592407
-0.95,0,419.15516567230225
-1.05,0,419.17218542099
-1.16,0,419.189208984375
-1.27,0,419.2062129974365
-1.38,0,419.2232165336609
-1.49,0,419.24022030830383
-1.49,0,419.2572240829468
-1.6,0,419.2742278575897
-1.7,0,419.29123187065125
-1.81,0,419.3082354068756
-1.92,0,419.32524132728577
-2.02,0,419.34224581718445
-2.02,0,419.35924911499023
-2.13,-1,419.37625336647034
-2.25,-1,419.39227271080017
-2.37,-1,419.40927624702454
-2.5,-1,419.4262797832489
-2.63,-1,419.442298412323
-2.63,-1,419.45930218696594
-2.77,-1,419.4763059616089
-2.91,-1,419.49330973625183
-3.06,-1,419.51031613349915
-3.21,-1,419.5273206233978
-3.36,-1,419.5443387031555
-3.51,-1,419.5613417625427
-3.51,-1,419.57834553718567
-3.68,-1,419.59534978866577
-3.84,-1,419.61235332489014
-4.0,-1,419.62896370887756
0.0,1,419.90155148506165
0.0,1,419.9175555706024
0.02,1,419.9344823360443
0.04,1,419.95113611221313
0.06,1,419.9683873653412
0.09,1,419.98514461517334
0.13,1,420.0012917518616
0.13,1,420.0181522369385
0.17,1,420.03470373153687
0.22,1,420.05163645744324
0.27,1,420.06861996650696
0.33,1,420.0852401256561
0.39,1,420.10224318504333
0.39,1,420.11924719810486
0.46,1,420.13625168800354
0.53,0,420.15325474739075
0.61,0,420.1702892780304
0.69,0,420.18728375434875
0.77,0,420.2042872905731
0.85,0,420.2212908267975
0.85,0,420.2372953891754
0.94,0,420.25429821014404
1.03,0,420.27160716056824
1.13,0,420.2886106967926
1.24,0,420.3056147098541
1.35,0,420.32261848449707
1.47,0,420.33962202072144
1.47,0,420.35662603378296
1.6,0,420.3736295700073
1.74,0,420.39063334465027
1.88,0,420.40663719177246
2.02,0,420.423641204834
2.17,-1,420.44064450263977
2.17,-1,420.45664834976196
2.32,-1,420.47465229034424
2.47,-1,420.490656375885
2.63,-1,420.5076599121094
2.78,-1,420.52418637275696
2.94,-1,420.54119181632996
2.94,-1,420.55819439888
3.1,-1,420.5751986503601
3.27,-1,420.59220266342163
3.43,-1,420.6082057952881
3.6,-1,420.62520933151245
3.77,-1,420.64221382141113
3.77,-1,420.65821862220764
3.94,-1,420.67522144317627
4.12,-1,420.69222474098206
0.0,1,420.9581482410431
0.01,1,420.9751515388489
0.02,1,420.992155790329
0.05,1,421.0091791152954
0.08,1,421.0261826515198
0.12,1,421.04318714141846
0.17,1,421.0601909160614
0.17,1,421.0771942138672
0.23,1,421.09419989585876
0.3,1,421.11020255088806
0.38,1,421.12720680236816
0.47,1,421.14421010017395
0.57,0,421.16121459007263
0.57,0,421.17723870277405
0.67,0,421.1952438354492
0.78,0,421.21189999580383
0.89,0,421.22890424728394
1.0,0,421.2459075450897
1.12,0,421.26292753219604
1.12,0,421.27891755104065
1.25,0,421.295921087265
1.37,0,421.3129258155823
1.5,0,421.3300266265869
1.63,0,421.34703302383423
1.76,0,421.3640856742859
1.9,0,421.38008975982666
1.9,0,421.3970971107483
2.05,0,421.4142060279846
2.21,-1,421.4302122592926
2.37,-1,421.4472165107727
2.54,-1,421.4642198085785
2.71,-1,421.48122382164
2.71,-1,421.4982280731201
2.89,-1,421.5152316093445
3.08,-1,421.5325493812561
3.27,-1,421.5495536327362
3.48,-1,421.56655740737915
3.69,-1,421.5835609436035
3.9,-1,421.6005644798279
3.9,-1,421.6175684928894
4.13,-1,421.63479948043823
4.35,-1,421.650803565979
0.0,1,421.8907551765442
0.0,1,421.9077582359314
0.01,1,421.924765586853
0.03,1,421.9417688846588
0.03,1,421.9587724208832
0.06,1,421.9754946231842
0.1,1,421.99249935150146
0.14,1,422.009503364563
0.18,1,422.0265100002289
0.23,1,422.043514251709
0.28,1,422.06051802635193
0.28,1,422.0775215625763
0.34,1,422.09452509880066
0.4,1,422.11152958869934
0.46,1,422.128538608551
0.52,0,422.14554142951965
0.59,0,422.16255140304565
0.59,0,422.1790587902069
0.66,0,422.1960632801056
0.74,0,422.21306681632996
0.83,0,422.23007106781006
0.92,0,422.24607491493225
1.02,0,422.26307821273804
1.13,0,422.280081987381
1.13,0,422.29608631134033
1.25,0,422.31308937072754
1.38,0,422.3300938606262
1.52,0,422.3470969200134
1.67,0,422.3631007671356
1.83,0,422.38010454177856
1.83,0,422.39710879325867
2.0,0,422.4141118526459
2.18,0,422.43111658096313
2.37,-1,422.4481201171875
2.56,-1,422.46512365341187
2.77,-1,422.48212695121765
2.77,-1,422.4981310367584
2.99,-1,422.51513481140137
3.21,-1,422.5321545600891
3.44,-1,422.54915857315063
3.67,-1,422.56616139411926
3.92,-1,422.5821650028229
3.92,-1,422.5991687774658
4.16,-1,422.6161723136902
4.42,-1,422.6331765651703
4.68,-1,422.65018033981323
0.0,1,422.9034523963928
0.0,1,422.91945576667786
0.0,1,422.9365146160126
0.02,1,422.9535188674927
0.03,1,422.9707727432251
0.04,1,422.98777532577515
0.06,1,423.00477862358093
0.07,1,423.02149987220764
0.07,1,423.03852677345276
0.08,1,423.0555305480957
0.09,1,423.07209849357605
0.1,1,423.08910274505615
0.1,1,423.1061065196991
0.09,1,423.12312483787537
0.08,1,423.14012932777405
0.08,1,423.1571321487427
0.08,1,423.1741535663605
0.07,1,423.19016122817993
0.07,1,423.20716524124146
0.08,1,423.2241690158844
0.08,1,423.2411730289459
0.08,1,423.25717663764954
0.1,1,423.27418088912964
0.12,1,423.2911841869354
0.14,1,423.30818796157837
0.17,1,423.32519125938416
0.21,1,423.3421959877014
0.21,1,423.3581988811493
0.24,1,423.3752028942108
0.26,1,423.39220690727234
0.29,1,423.4092102050781
0.31,1,423.42621421813965
0.33,1,423.44321846961975
0.35,1,423.4602220058441
0.35,1,423.47722601890564
0.36,1,423.4942297935486
0.38,1,423.51123332977295
0.41,1,423.52868008613586
0.44,1,423.54568338394165
0.47,0,423.56268763542175
0.5,0,423.57969427108765
0.5,0,423.59669733047485
0.55,0,423.6137008666992
0.6,0,423.6302635669708
0.65,0,423.6472678184509
0.7,0,423.66327142715454
0.76,0,423.68027544021606
0.76,0,423.69627833366394
0.83,0,423.7142827510834
0.9,0,423.73028659820557
0.97,0,423.7472894191742
1.04,0,423.7642939090729
1.12,0,423.78129744529724
1.12,0,423.79730129241943
1.2,0,423.8143048286438
1.28,0,423.8313093185425
1.35,0,423.84831261634827
1.43,0,423.8653163909912
1.51,0,423.8823208808899
1.51,0,423.8993241786957
1.6,0,423.9163281917572
1.68,0,423.9333322048187
1.78,0,423.9503357410431
1.87,-1,423.9673397541046
1.97,-1,423.98334312438965
2.07,-1,424.0003468990326
2.07,-1,424.0173509120941
2.19,-1,424.03435730934143
2.31,-1,424.0503611564636
2.44,-1,424.06736493110657
2.58,-1,424.0840871334076
2.73,-1,424.1010904312134
2.73,-1,424.11709356307983
2.89,-1,424.13552951812744
3.06,-1,424.1521050930023
3.24,-1,424.1691052913666
3.42,-1,424.1852309703827
3.6,-1,424.2021634578705
3.6,-1,424.21811628341675
3.79,-1,424.2362051010132
0.0,1,424.49334478378296
0.0,1,424.51037859916687
0.01,1,424.5263719558716
0.02,1,424.5433762073517
0.04,1,424.56037950515747
0.04,1,424.5773837566376
0.06,1,424.59438705444336
0.09,1,424.6113910675049
0.12,1,424.6283950805664
0.16,1,424.64539861679077
0.2,1,424.6624026298523
0.2,1,424.67940640449524
0.25,1,424.6964108943939
0.3,1,424.7134139537811
0.36,1,424.72979187965393
0.42,1,424.7467956542969
0.48,1,424.7637994289398
0.55,0,424.78075671195984
0.55,0,424.79776096343994
0.62,0,424.81476402282715
0.7,0,424.8317708969116
0.79,0,424.848774433136
0.88,0,424.8647780418396
0.97,0,424.8817825317383
0.97,0,424.89878726005554
1.07,0,424.91578912734985
1.16,0,424.9327960014343
1.27,0,424.94979977607727
1.37,0,424.9668035507202
1.48,0,424.98380756378174
1.57,0,425.00081181526184
1.57,0,425.0168149471283
1.66,0,425.03381872177124
1.75,0,425.0508232116699
1.84,0,425.0678267478943
1.93,0,425.08494567871094
2.02,0,425.1018340587616
2.02,0,425.11783814430237
2.1,-1,425.134729385376
2.17,-1,425.1517324447632
2.24,-1,425.1683282852173
2.3,-1,425.18543243408203
2.35,-1,425.20264434814453
2.39,-1,425.21964979171753
2.39,-1,425.236385345459
2.42,-1,425.2536895275116
2.44,-1,425.27027916908264
2.47,-1,425.2872724533081
2.5,-1,425.30429315567017
2.54,-1,425.3212969303131
2.54,-1,425.33730030059814
2.56,-1,425.3543047904968
2.57,-1,425.3713228702545
2.59,-1,425.3883273601532
2.59,-1,425.4053316116333
2.6,-1,425.42233514785767
2.6,-1,425.4389283657074
2.6,-1,425.4554374217987
2.6,-1,425.4730360507965
2.6,-1,425.4900538921356
2.59,-1,425.50705790519714
0.0,1,425.7479639053345
0.0,1,425.76496720314026
0.01,1,425.7819709777832
0.01,1,425.79798698425293
0.03,1,425.81599164009094
0.05,1,425.8319947719574
0.06,1,425.84899830818176
0.06,1,425.86600399017334
0.06,1,425.88200640678406
0.06,1,425.8980219364166
0.04,1,425.91602540016174
0.01,1,425.9320299625397
-0.02,1,425.94903326034546
-0.07,1,425.96603655815125
-0.12,1,425.98304080963135
-0.18,1,426.00004506111145
-0.18,1,426.0160484313965
-0.26,1,426.03305196762085
-0.34,1,426.0500557422638
-0.43,1,426.06705951690674
-0.53,0,426.0830636024475
-0.64,0,426.1000666618347
-0.64,0,426.1220772266388
-0.76,0,426.13659286499023
-0.9,0,426.1525902748108
-1.04,0,426.1665930747986
-1.18,0,426.1831064224243
-1.33,0,426.20010924339294
-1.33,0,426.2161121368408
-1.46,0,426.2331163883209
-1.6,0,426.2501208782196
-1.75,0,426.26712441444397
-1.89,0,426.28412771224976
-2.02,0,426.3001322746277
-2.02,0,426.31613516807556
-2.15,0,426.3331389427185
-2.28,-1,426.3501431941986
-2.4,-1,426.36714696884155
-2.51,-1,426.3841507434845
-2.62,-1,426.4001543521881
-2.62,-1,426.41615772247314
-2.74,-1,426.43316173553467
-2.86,-1,426.45016646385193
-2.98,-1,426.46716952323914
-3.1,-1,426.4841859340668
-3.23,-1,426.5011901855469
-3.23,-1,426.51719427108765
-3.38,-1,426.53419733047485
-3.53,-1,426.5516765117645
-3.7,-1,426.5682952404022
-3.87,-1,426.58520889282227
-4.03,-1,426.6022129058838
0.0,1,426.85927867889404
0.0,1,426.8763966560364
-0.01,1,426.8924124240875
-0.02,1,426.90941619873047
-0.02,1,426.9264199733734
-0.02,1,426.9424238204956
-0.02,1,426.95942735671997
-0.02,1,426.9764313697815
-0.02,1,426.9924347400665
-0.01,1,427.0094382762909
0.0,1,427.0264456272125
0.0,1,427.0434501171112
-0.01,1,427.06045365333557
-0.01,1,427.07692885398865
-0.02,1,427.09393286705017
-0.03,1,427.11093616485596
-0.03,1,427.1269404888153
-0.03,1,427.1439435482025
-0.03,1,427.16094732284546
-0.03,1,427.1769516468048
-0.02,1,427.19395565986633
-0.01,1,427.2109589576721
0.0,1,427.2279632091522
0.02,1,427.24496698379517
0.04,1,427.26197147369385
0.04,1,427.278977394104
0.05,1,427.29615783691406
0.05,1,427.3122069835663
0.05,1,427.3291461467743
0.04,1,427.3461501598358
0.03,1,427.36215925216675
0.03,1,427.3791666030884
0.03,1,427.39615082740784
0.04,1,427.41315722465515
0.04,1,427.4294707775116
0.03,1,427.4463655948639
0.03,1,427.4633696079254
0.03,1,427.48035764694214
0.03,1,427.4973499774933
0.05,1,427.513959646225
0.07,1,427.53096294403076
0.11,1,427.5479679107666
0.15,1,427.56497073173523
0.2,1,427.5819754600525
0.2,1,427.59897899627686
0.25,1,427.61598205566406
0.32,1,427.63298654556274
0.38,1,427.6489906311035
0.45,1,427.66599345207214
0.53,0,427.682998418808
0.53,0,427.699001789093
0.61,0,427.71600461006165
0.71,0,427.7330095767975
0.81,0,427.7490122318268
0.91,0,427.76601696014404
1.03,0,427.78301978111267
1.03,0,427.79902362823486
1.13,0,427.8160276412964
1.22,0,427.8330316543579
1.3,0,427.8500349521637
1.37,0,427.86703872680664
1.44,0,427.884042263031
1.5,0,427.90104627609253
1.5,0,427.9170501232147
1.55,0,427.9350538253784
1.62,0,427.95105719566345
1.69,0,427.9682276248932
1.78,0,427.98543095588684
1.87,0,428.002069234848
1.87,0,428.01907300949097
1.94,0,428.03607630729675
2.01,-1,428.05308055877686
2.06,-1,428.0701162815094
2.11,-1,428.08710384368896
2.17,-1,428.1041078567505
2.22,-1,428.12111163139343
2.22,-1,428.13811564445496
2.29,-1,428.15712094306946
2.36,-1,428.1741232872009
2.44,-1,428.1891267299652
2.52,-1,428.20513129234314
2.6,-1,428.2221345901489
2.6,-1,428.23813796043396
2.69,-1,428.2551414966583
2.79,-1,428.27214527130127
2.89,-1,428.2891492843628
2.99,-1,428.3051528930664
3.1,-1,428.32215762138367
3.1,-1,428.33916091918945
3.22,-1,428.3561644554138
3.34,-1,428.3731687068939
3.46,-1,428.39017271995544
0.0,1,428.6382303237915
-0.01,1,428.6552345752716
-0.02,1,428.67225408554077
-0.04,1,428.6892580986023
-0.06,1,428.70626163482666
-0.09,1,428.7232654094696
-0.13,1,428.7402687072754
-0.13,1,428.75727248191833
-0.16,1,428.77427983283997
-0.19,1,428.7912838459015
-0.22,1,428.80828762054443
-0.26,1,428.8252913951874
-0.31,1,428.841295003891
-0.31,1,428.8582990169525
-0.37,1,428.87531876564026
-0.44,1,428.8913221359253
-0.52,0,428.9083263874054
-0.59,0,428.92534708976746
-0.67,0,428.9423506259918
-0.67,0,428.95835423469543
-0.75,0,428.97537446022034
-0.84,0,428.9923782348633
-0.93,0,429.0093824863434
-1.04,0,429.02640414237976
-1.15,0,429.0434079170227
-1.26,0,429.0604121685028
-1.26,0,429.07741594314575
-1.36,0,429.0944194793701
-1.47,0,429.1114230155945
-1.59,0,429.1294276714325
-1.71,0,429.1464319229126
-1.85,0,429.1624345779419
-1.85,0,429.17843866348267
-2.0,0,429.19540071487427
-2.15,-1,429.2124037742615
-2.29,-1,429.22840762138367
-2.44,-1,429.24541115760803
-2.58,-1,429.26241517066956
-2.58,-1,429.27941966056824
-2.71,-1,429.2964222431183
-2.85,-1,429.31342673301697
-2.98,-1,429.3304305076599
-3.11,-1,429.3474340438843
-3.23,-1,429.3644576072693
-3.35,-1,429.3804612159729
-3.35,-1,429.3974823951721
-3.47,-1,429.413991689682
-3.59,-1,429.4309949874878
-3.71,-1,429.4479990005493
-3.83,-1,429.46500301361084
0.0,1,429.7060251235962
0.01,1,429.72202920913696
0.01,1,429.7390327453613
0.02,1,429.7560365200043
0.02,1,429.77204036712646
0.03,1,429.7890441417694
0.05,1,429.8060476779938
0.08,1,429.8230519294739
0.11,1,429.84005546569824
0.11,1,429.85705947875977
0.14,1,429.87406277656555
0.16,1,429.8910667896271
0.17,1,429.90807032585144
0.18,1,429.9250748157501
0.19,1,429.9420783519745
0.19,1,429.95908188819885
0.2,1,429.9760859012604
0.21,1,429.99309062957764
0.21,1,430.00909328460693
0.21,1,430.0260968208313
0.21,1,430.04310178756714
0.21,1,430.0601050853729
0.21,1,430.0771083831787
0.21,1,430.09411239624023
0.23,1,430.1111204624176
0.25,1,430.1271233558655
0.29,1,430.14412784576416
0.33,1,430.1606397628784
0.33,1,430.17764353752136
0.37,1,430.1946473121643
0.42,1,430.2106509208679
0.48,0,430.22765469551086
0.55,0,430.2446584701538
0.63,0,430.2616627216339
0.63,0,430.2786662578583
0.71,0,430.2956717014313
0.81,0,430.31267499923706
0.91,0,430.3296811580658
1.01,0,430.34668493270874
1.12,0,430.36368894577026
1.23,0,430.3809494972229
1.23,0,430.3969478607178
1.35,0,430.41395139694214
1.46,0,430.4309558868408
1.58,0,430.4479591846466
1.7,0,430.46496295928955
1.82,0,430.48196721076965
1.82,0,430.498970746994
1.94,0,430.51597452163696
2.05,-1,430.5325343608856
2.15,-1,430.5495386123657
2.25,-1,430.5665421485901
2.35,-1,430.5827329158783
2.43,-1,430.59973669052124
2.43,-1,430.6167411804199
2.51,-1,430.6334764957428
2.59,-1,430.6504809856415
2.66,-1,430.66748428344727
2.73,-1,430.6853907108307
2.79,-1,430.7018883228302
2.79,-1,430.7183976173401
2.85,-1,430.73547101020813
2.9,-1,430.7521324157715
2.95,-1,430.76911449432373
2.99,-1,430.7861177921295
3.03,-1,430.8031220436096
3.07,-1,430.8201251029968
3.07,-1,430.8371295928955
3.1,-1,430.8541328907013
0.0,1,431.09460520744324
0.01,1,431.1116135120392
0.02,1,431.1286175251007
0.04,1,431.14562034606934
0.06,1,431.16162943840027
0.06,1,431.17863178253174
0.08,1,431.19563698768616
0.1,1,431.2122392654419
0.12,1,431.22924304008484
0.13,1,431.2462468147278
0.14,1,431.2632508277893
0.15,1,431.2802543640137
0.15,1,431.29625821113586
0.14,1,431.31426191329956
0.14,1,431.3312654495239
0.13,1,431.3482699394226
0.11,1,431.3652858734131
0.1,1,431.38127732276917
0.1,1,431.39828085899353
0.07,1,431.41529965400696
0.04,1,431.43230390548706
0.01,1,431.44930696487427
-0.03,1,431.46589827537537
-0.06,1,431.4829020500183
-0.08,1,431.4999063014984
-0.08,1,431.5169234275818
-0.09,1,431.53392720222473
-0.09,1,431.5509309768677
-0.08,1,431.56793451309204
-0.06,1,431.58493852615356
-0.05,1,431.6019456386566
-0.05,1,431.61838459968567
-0.02,1,431.6354036331177
0.01,1,431.6524074077606
0.05,1,431.66992449760437
0.08,1,431.68643522262573
0.11,1,431.7034375667572
0.12,1,431.7199556827545
0.12,1,431.73695135116577
0.12,1,431.75395464897156
0.11,1,431.7709581851959
0.1,1,431.7869825363159
0.09,1,431.8039801120758
0.09,1,431.82098388671875
0.09,1,431.83698773384094
0.11,1,431.85399174690247
0.13,1,431.8709948062897
0.16,1,431.8879985809326
0.2,1,431.90400195121765
0.24,1,431.9210066795349
0.24,1,431.9380099773407
0.29,1,431.95501375198364
0.34,1,431.97201776504517
0.39,1,431.988037109375
0.43,0,432.00504088401794
0.46,0,432.0210449695587
0.46,0,432.0380494594574
0.48,0,432.055052280426
0.5,0,432.07206892967224
0.52,0,432.0880844593048
0.55,0,432.10508942604065
0.57,0,432.1220920085907
0.57,0,432.1380970478058
0.61,0,432.15509963035583
0.64,0,432.1721043586731
0.68,0,432.1891233921051
0.72,0,432.2061274051666
0.77,0,432.2231321334839
0.81,0,432.2401349544525
0.81,0,432.25614309310913
0.86,0,432.27414631843567
0.92,0,432.2901666164398
0.99,0,432.3071711063385
1.05,0,432.32417464256287
1.1,0,432.3411784172058
1.1,0,432.35818219184875
1.16,0,432.3751862049103
1.22,0,432.3921899795532
1.28,0,432.40919375419617
1.33,0,432.42619800567627
1.38,0,432.44320130348206
1.44,0,432.4602053165436
1.44,0,432.4762086868286
1.5,0,432.49321269989014
1.55,0,432.5102159976959
1.59,0,432.52722001075745
1.63,-1,432.54372811317444
1.68,-1,432.56073212623596
1.68,-1,432.57724118232727
1.72,-1,432.59424471855164
1.76,-1,432.61124873161316
1.79,-1,432.6282522678375
1.82,-1,432.6452558040619
1.85,-1,432.6612606048584
1.85,-1,432.6782636642456
1.87,-1,432.69526767730713
1.9,-1,432.7112715244293
1.93,-1,432.7282748222351
1.97,-1,432.7452790737152
2.01,-1,432.7622826099396
2.01,-1,432.7792863845825
2.06,-1,432.7962918281555
2.11,-1,432.813294172287
2.17,-1,432.83029794692993
2.23,-1,432.8473014831543
2.29,-1,432.86430501937866
2.36,-1,432.88030910491943
2.36,-1,432.8973128795624
2.43,-1,432.9143166542053
2.51,-1,432.931321144104
0.0,1,433.16299533843994
0.0,1,433.1789996623993
-0.01,1,433.1960036754608
-0.02,1,433.2130069732666
-0.04,1,433.23002314567566
-0.06,1,433.2470269203186
-0.08,1,433.26403069496155
-0.11,1,433.2810342311859
-0.11,1,433.29803824424744
-0.14,1,433.3150427341461
-0.18,1,433.33204650878906
-0.23,1,433.3490493297577
-0.28,1,433.36505341529846
-0.33,1,433.3820583820343
-0.33,1,433.3990652561188
-0.39,1,433.416068315506
-0.45,1,433.43307280540466
-0.52,0,433.45007586479187
-0.59,0,433.46708154678345
-0.67,0,433.4840843677521
-0.76,0,433.50108790397644
-0.76,0,433.51809191703796
-0.85,0,433.5350956916809
-0.94,0,433.5522949695587
-1.04,0,433.5691032409668
-1.15,0,433.58671951293945
-1.26,0,433.6030361652374
-1.37,0,433.62004256248474
-1.37,0,433.6370460987091
-1.49,0,433.65404987335205
-1.62,0,433.6710538864136
-1.76,0,433.6870572566986
-1.88,0,433.70406126976013
-2.02,0,433.72106528282166
-2.02,0,433.7380692958832
-2.16,-1,433.75507259368896
-2.29,-1,433.7720773220062
-2.41,-1,433.78908038139343
-2.53,-1,433.8060851097107
-2.64,-1,433.8230881690979
-2.75,-1,433.84009194374084
-2.75,-1,433.85709619522095
-2.86,-1,433.8740990161896
-2.96,-1,433.891104221344
-3.07,-1,433.9081070423126
-3.17,-1,433.92511105537415
-3.26,-1,433.941113948822
-3.26,-1,433.95811891555786
-3.36,-1,433.9751226902008
-3.45,-1,433.99212646484375
-3.54,-1,434.0091300010681
-3.62,-1,434.0261332988739
-3.7,-1,434.043137550354
0.0,1,434.2732162475586
0.0,1,434.2902226448059
-0.01,1,434.30722665786743
-0.02,1,434.3241078853607
-0.04,1,434.34111166000366
-0.04,1,434.35811614990234
-0.06,1,434.37535333633423
-0.08,1,434.39136147499084
-0.1,1,434.4081072807312
-0.12,1,434.42511081695557
-0.14,1,434.44111466407776
-0.14,1,434.4581182003021
-0.18,1,434.4751217365265
-0.22,1,434.4911255836487
-0.26,1,434.5081293582916
-0.31,1,434.52513313293457
-0.37,1,434.5421373844147
-0.37,1,434.55914092063904
-0.44,1,434.5761444568634
-0.52,0,434.5931487083435
-0.61,0,434.6091523170471
-0.71,0,434.62615609169006
-0.82,0,434.64315938949585
-0.93,0,434.66016364097595
-0.93,0,434.6771674156189
-1.05,0,434.6941740512848
-1.17,0,434.71017837524414
-1.31,0,434.7271819114685
-1.45,0,434.7441895008087
-1.6,0,434.76119351387024
-1.6,0,434.7771966457367
-1.74,0,434.79420042037964
-1.89,0,434.81120467185974
-2.03,0,434.8282084465027
-2.16,0,434.84521222114563
-2.3,-1,434.86221623420715
-2.3,-1,434.8782196044922
-2.43,-1,434.89522337913513
-2.56,-1,434.91222763061523
-2.69,-1,434.9292311668396
-2.81,-1,434.94523453712463
-2.93,-1,434.96223855018616
-2.93,-1,434.9792425632477
-3.06,-1,434.9962465763092
-3.18,-1,435.013249874115
-3.3,-1,435.03025341033936
-3.41,-1,435.0472574234009
-3.53,-1,435.06426072120667
-3.66,-1,435.0812654495239
-3.66,-1,435.0982687473297
-3.81,-1,435.1152720451355
-3.95,-1,435.1322765350342
0.0,1,435.3953626155853
0.0,1,435.41236686706543
-0.01,1,435.4293706417084
-0.02,1,435.4463746547699
-0.04,1,435.4623775482178
-0.04,1,435.4793817996979
-0.06,1,435.49638533592224
-0.09,1,435.51338934898376
-0.12,1,435.5303931236267
-0.16,1,435.54739713668823
-0.2,1,435.56340050697327
-0.24,1,435.5804042816162
-0.24,1,435.5964081287384
-0.3,1,435.61341166496277
-0.35,1,435.6304154396057
-0.41,1,435.64741945266724
-0.48,1,435.6644232273102
-0.54,0,435.6814272403717
-0.54,0,435.69843101501465
-0.62,0,435.7154350280762
-0.71,0,435.73243832588196
-0.79,0,435.7494423389435
-0.87,0,435.7664465904236
-0.96,0,435.7824501991272
-0.96,0,435.79945278167725
-1.06,0,435.8164572715759
-1.16,0,435.8334610462189
-1.26,0,435.8504648208618
-1.37,0,435.8674690723419
-1.48,0,435.88347268104553
-1.6,0,435.9004762172699
-1.6,0,435.9164798259735
-1.72,0,435.93448400497437
-1.85,0,435.9514880180359
-1.98,0,435.96849179267883
-2.12,0,435.98549485206604
-2.26,-1,436.002498626709
-2.26,-1,436.0185046195984
-2.4,-1,436.03601455688477
-2.54,-1,436.05246233940125
-2.68,-1,436.0690219402313
-2.82,-1,436.08571910858154
-2.97,-1,436.10255670547485
-2.97,-1,436.1185600757599
-3.11,-1,436.1360878944397
-3.25,-1,436.15307354927063
-3.39,-1,436.17007780075073
-3.52,-1,436.20788049697876
-3.66,-1,436.22890520095825
-3.79,-1,436.2539105415344
-3.93,-1,436.2729141712189
0.0,1,436.54142665863037
0.0,1,436.557430267334
-0.02,1,436.57543420791626
-0.04,1,436.59143805503845
-0.06,1,436.61044239997864
-0.1,1,436.62952399253845
-0.14,1,436.6480338573456
-0.14,1,436.6650376319885
-0.18,1,436.681845664978
-0.23,1,436.70084953308105
-0.29,1,436.71485328674316
-0.35,1,436.7293803691864
-0.42,1,436.7453842163086
-0.42,1,436.7603871822357
-0.51,0,436.77539110183716
-0.6,0,436.7923946380615
-0.7,0,436.8093981742859
-0.81,0,436.8254020214081
-0.93,0,436.84240674972534
-0.93,0,436.8584098815918
-1.07,0,436.8758182525635
-1.2,0,436.89282298088074
-1.35,0,436.9098262786865
-1.5,0,436.9268298149109
-1.65,0,436.9428334236145
-1.82,0,436.95983695983887
-1.82,0,436.97684121131897
-1.99,0,436.99384450912476
-2.18,0,437.0108485221863
-2.37,-1,437.0278525352478
-2.58,-1,437.0448570251465
-2.78,-1,437.06186032295227
-2.78,-1,437.0788645744324
-3.0,-1,437.095867395401
-3.23,-1,437.1118724346161
-3.47,-1,437.1338770389557
-3.72,-1,437.14987993240356
-3.97,-1,437.1658833026886
-3.97,-1,437.18188762664795
-4.24,-1,437.1968903541565
-4.52,-1,437.21289443969727
0.0,1,437.4849557876587
-0.01,1,437.50195956230164
-0.01,1,437.51896381378174
-0.03,1,437.5353603363037
-0.06,1,437.5528812408447
-0.09,1,437.5693681240082
-0.13,1,437.5859377384186
-0.18,1,437.6023750305176
-0.18,1,437.6193788051605
-0.23,1,437.6363821029663
-0.28,1,437.6533863544464
-0.34,1,437.67039036750793
-0.41,1,437.6873941421509
-0.48,1,437.7043979167938
-0.54,0,437.72145080566406
-0.54,0,437.7384424209595
-0.6,0,437.7554461956024
-0.66,0,437.77345037460327
-0.71,0,437.789452791214
-0.76,0,437.80645751953125
-0.81,0,437.8234610557556
-0.86,0,437.8404653072357
-0.86,0,437.8564684391022
-0.92,0,437.873473405838
-1.0,0,437.8904764652252
-1.08,0,437.9074800014496
-1.16,0,437.9244842529297
-1.26,0,437.94148778915405
-1.26,0,437.95749163627625
-1.37,0,437.97449469566345
-1.49,0,437.99149918556213
-1.62,0,438.00850224494934
-1.76,0,438.02536702156067
-1.9,0,438.0423710346222
-1.9,0,438.05937457084656
-2.06,0,438.0763781070709
-2.23,-1,438.0933825969696
-2.4,-1,438.1103870868683
-2.58,-1,438.1273946762085
-2.77,-1,438.14439845085144
-2.96,-1,438.1614022254944
-2.96,-1,438.1774055957794
-3.14,-1,438.19440937042236
-3.32,-1,438.2114133834839
-3.48,-1,438.22841787338257
-3.64,-1,438.24542117118835
-3.78,-1,438.26242566108704
-3.78,-1,438.27842903137207
-3.92,-1,438.29543256759644
-4.05,-1,438.3114366531372
0.0,1,438.56492471694946
0.0,1,438.580926656723
0.0,1,438.5983326435089
-0.02,1,438.6153357028961
-0.03,1,438.6323399543762
-0.05,1,438.64834332466125
-0.08,1,438.6653473377228
-0.1,1,438.6823513507843
-0.1,1,438.69935512542725
-0.14,1,438.7163586616516
-0.18,1,438.733362197876
-0.23,1,438.74936628341675
-0.28,1,438.76636958122253
-0.34,1,438.78262066841125
-0.34,1,438.7986238002777
-0.4,1,438.8166275024414
-0.47,1,438.8326315879822
-0.54,0,438.8496356010437
-0.62,0,438.8666400909424
-0.7,0,438.88364267349243
-0.78,0,438.90064692497253
-0.78,0,438.91665053367615
-0.87,0,438.93365454673767
-0.96,0,438.95065784454346
-1.05,0,438.96766209602356
-1.15,0,438.9846658706665
-1.25,0,439.00166940689087
-1.25,0,439.0176725387573
-1.36,0,439.0346772670746
-1.47,0,439.05224537849426
-1.58,0,439.06868529319763
-1.68,0,439.0856876373291
-1.79,0,439.1033670902252
-1.79,0,439.11936235427856
-1.9,0,439.13624000549316
-2.02,0,439.15277338027954
-2.15,-1,439.16977739334106
-2.29,-1,439.18678283691406
-2.42,-1,439.2027859687805
-2.56,-1,439.21978855133057
-2.56,-1,439.23579263687134
-2.71,-1,439.2537913322449
-2.87,-1,439.2707951068878
-3.03,-1,439.28779888153076
-3.19,-1,439.3048024177551
-3.36,-1,439.32180738449097
-3.36,-1,439.3388104438782
-3.52,-1,439.3558135032654
-3.69,-1,439.3728172779083
-3.85,-1,439.39032530784607
-4.01,-1,439.40733003616333
-4.17,-1,439.4243335723877
0.0,1,439.6864366531372
-0.01,1,439.7032287120819
-0.02,1,439.72089552879333
-0.02,1,439.73689436912537
-0.06,1,439.75389790534973
-0.1,1,439.7699017524719
-0.14,1,439.78690481185913
-0.19,1,439.80390882492065
-0.24,1,439.81991314888
-0.24,1,439.83691596984863
-0.29,1,439.85392022132874
-0.35,1,439.8705141544342
-0.4,1,439.8875136375427
-0.44,1,439.9045171737671
-0.49,1,439.9205205440521
-0.49,1,439.93703055381775
-0.54,0,439.9543831348419
-0.6,0,439.9713923931122
-0.66,0,439.98839807510376
-0.72,0,440.00509238243103
-0.77,0,440.0220956802368
-0.77,0,440.03893971443176
-0.82,0,440.05594396591187
-0.87,0,440.07294821739197
-0.91,0,440.08995151519775
-0.96,0,440.10695481300354
-1.0,0,440.1239638328552
-1.04,0,440.140967130661
-1.04,0,440.1579716205597
-1.08,0,440.17457485198975
-1.11,0,440.19147777557373
-1.15,0,440.20848059654236
-1.2,0,440.2254841327667
-1.26,0,440.24150824546814
-1.26,0,440.2585129737854
-1.33,0,440.275536775589
-1.4,0,440.2925567626953
-1.48,0,440.3100743293762
-1.56,0,440.3265824317932
-1.63,0,440.34358620643616
-1.69,0,440.3606264591217
-1.69,0,440.3766133785248
-1.75,0,440.3936173915863
-1.8,0,440.4106788635254
-1.85,-1,440.42766213417053
-1.91,-1,440.4439525604248
-1.97,-1,440.46140146255493
-1.97,-1,440.4784038066864
-2.03,-1,440.49540853500366
-2.1,-1,440.51141142845154
-2.18,-1,440.5284152030945
-2.25,-1,440.5454194545746
-2.34,-1,440.5619776248932
-2.34,-1,440.5785882472992
-2.43,-1,440.59559202194214
-2.52,-1,440.6125967502594
-2.63,-1,440.62960028648376
-2.74,-1,440.64660358428955
-2.87,-1,440.6631808280945
-3.0,-1,440.67982149124146
-3.0,-1,440.696825504303
-3.14,-1,440.7138295173645
-3.3,-1,440.7298324108124
-3.46,-1,440.74683594703674
0.0,1,440.9980103969574
0.0,1,441.01501393318176
0.01,1,441.03161573410034
0.01,1,441.04861879348755
0.03,1,441.0655748844147
0.04,1,441.0825791358948
0.06,1,441.09958243370056
0.06,1,441.1164581775665
0.08,1,441.13346576690674
0.11,1,441.1504695415497
0.13,1,441.1674733161926
0.16,1,441.18317890167236
0.19,1,441.2001829147339
0.19,1,441.2161886692047
0.22,1,441.2338855266571
0.26,1,441.2508900165558
0.29,1,441.2678933143616
0.33,1,441.2848973274231
0.36,1,441.3023569583893
0.36,1,441.3180913925171
0.4,1,441.33561611175537
0.43,1,441.35262393951416
0.45,1,441.36962699890137
0.47,1,441.3872582912445
0.49,0,441.4032554626465
0.5,0,441.4202435016632
0.5,0,441.436238527298
0.52,0,441.4532413482666
0.54,0,441.4702453613281
0.54,0,441.4872488975525
0.54,0,441.5032527446747
0.53,0,441.5208730697632
0.53,0,441.53687167167664
0.52,0,441.55388927459717
0.5,0,441.5708930492401
0.49,0,441.58789682388306
0.48,0,441.60490131378174
0.47,0,441.62190532684326
0.47,0,441.6389081478119
0.47,0,441.65591263771057
0.47,0,441.6729164123535
0.47,0,441.6901617050171
0.47,0,441.70716524124146
0.48,0,441.72416949272156
0.48,0,441.7411735057831
0.48,0,441.75817704200745
0.48,0,441.77518105506897
0.47,0,441.7917683124542
0.46,0,441.8087728023529
0.45,0,441.82577657699585
0.44,0,441.8417799472809
0.44,0,441.85928988456726
0.44,0,441.8762936592102
0.45,0,441.89229702949524
0.44,0,441.9094727039337
0.44,0,441.92647886276245
0.43,0,441.9433858394623
0.41,0,441.96039056777954
0.41,0,441.9773941040039
0.39,0,441.99439692497253
0.36,0,442.0104007720947
0.34,0,442.02740454673767
0.33,0,442.0444087982178
0.31,0,442.06141352653503
0.31,0,442.0774157047272
0.3,0,442.0944199562073
0.29,0,442.1114411354065
0.28,0,442.1280369758606
0.27,0,442.14533972740173
0.27,0,442.1613492965698
0.27,0,442.1773808002472
0.28,0,442.194561958313
0.3,0,442.2115035057068
0.33,0,442.2285125255585
0.37,0,442.2455916404724
0.41,0,442.2625951766968
0.46,0,442.2802369594574
0.46,0,442.29623222351074
0.53,0,442.3132359981537
0.61,0,442.3302388191223
0.69,0,442.34724259376526
0.78,0,442.3642461299896
0.88,-1,442.3806233406067
0.88,-1,442.39761543273926
0.99,-1,442.4146189689636
1.11,-1,442.43062257766724
1.24,-1,442.44762659072876
1.38,-1,442.4646301269531
1.52,-1,442.48163533210754
1.52,-1,442.4986381530762
1.68,-1,442.51564145088196
1.85,-1,442.5326449871063
2.03,-1,442.5486490726471
2.21,-1,442.5656530857086
2.4,-1,442.58265686035156
2.4,-1,442.59866070747375
2.61,-1,442.6156642436981
2.83,-1,442.63266825675964
0.0,1,442.887003660202
0.0,1,442.9040071964264
0.01,1,442.9210112094879
0.01,1,442.938015460968
0.01,1,442.9550187587738
0.02,1,442.97156977653503
0.04,1,442.9885721206665
0.05,1,443.00557589530945
0.07,1,443.022579908371
0.07,1,443.03858399391174
0.09,1,443.05658769607544
0.1,1,443.07259154319763
0.11,1,443.08959555625916
0.12,1,443.11360001564026
0.14,1,443.12860321998596
0.15,1,443.1456072330475
0.15,1,443.1606113910675
0.18,1,443.1766152381897
0.2,1,443.1906180381775
0.24,1,443.2076210975647
0.27,1,443.22462582588196
0.31,1,443.2416298389435
0.31,1,443.25863337516785
0.36,1,443.27563667297363
0.41,1,443.2916407585144
0.45,1,443.3086450099945
0.49,0,443.3256483078003
0.51,0,443.34265208244324
0.51,0,443.35865592956543
0.52,0,443.37565898895264
0.52,0,443.392662525177
0.53,0,443.40966725349426
0.54,0,443.42667031288147
0.55,0,443.44367504119873
0.57,0,443.4606783390045
0.57,0,443.47768235206604
0.59,0,443.4946868419647
0.62,0,443.5116901397705
0.65,0,443.5286943912506
0.68,0,443.54569721221924
0.7,0,443.5627017021179
0.7,0,443.57870507240295
0.72,0,443.59570932388306
0.73,0,443.6127290725708
0.74,0,443.62973284721375
0.74,0,443.64673614501953
0.75,0,443.66375398635864
0.77,0,443.68075704574585
0.77,0,443.69676065444946
0.81,0,443.71376490592957
0.85,0,443.73076844215393
0.91,0,443.7477722167969
0.97,0,443.7647759914398
1.03,0,443.78177976608276
1.03,0,443.7987835407257
1.1,0,443.8157877922058
1.17,0,443.8327913284302
1.25,0,443.8497951030731
1.32,0,443.8667995929718
1.39,0,443.88280272483826
1.46,0,443.89980602264404
1.46,0,443.9168107509613
1.54,0,443.9338138103485
1.61,0,443.9508180618286
1.69,-1,443.9668219089508
1.76,-1,443.98382472991943
1.84,-1,444.0008292198181
1.84,-1,444.0168330669403
1.91,-1,444.03483629226685
1.98,-1,444.05084013938904
2.04,-1,444.06784415245056
2.11,-1,444.08484745025635
2.18,-1,444.10185265541077
2.18,-1,444.1179869174957
2.24,-1,444.13538908958435
2.3,-1,444.1523931026459
2.35,-1,444.1693980693817
2.39,-1,444.18540143966675
2.43,-1,444.2024040222168
2.43,-1,444.2194082736969
2.45,-1,444.2365062236786
2.47,-1,444.25341606140137
2.48,-1,444.26999068260193
2.49,-1,444.28699469566345
2.49,-1,444.3029980659485
0.0,1,444.5655839443207
0.0,1,444.5825877189636
0.0,1,444.5992317199707
0.02,1,444.6162359714508
0.03,1,444.6327602863312
0.05,1,444.64977860450745
0.08,1,444.6667823791504
0.1,1,444.6827862262726
0.14,1,444.6997902393341
0.14,1,444.715793132782
0.18,1,444.7327971458435
0.21,1,444.7498013973236
0.25,1,444.7668046951294
0.3,1,444.7838087081909
0.34,1,444.8008120059967
0.34,1,444.8168158531189
0.39,1,444.8348207473755
0.45,1,444.8508243560791
0.52,0,444.86782717704773
0.6,0,444.88483142852783
0.68,0,444.90134286880493
0.68,0,444.9183461666107
0.76,0,444.93535017967224
0.86,0,444.95135521888733
0.95,0,444.96835708618164
1.05,0,444.9853618144989
1.16,0,445.0029046535492
1.16,0,445.0193691253662
1.27,0,445.03637313842773
1.38,0,445.05279302597046
1.5,0,445.06938076019287
1.63,0,445.08638405799866
1.76,0,445.1030249595642
1.89,0,445.12002778053284
1.89,0,445.13638949394226
2.02,0,445.1533362865448
2.16,-1,445.17003893852234
2.29,-1,445.1870424747467
2.43,-1,445.2039213180542
2.57,-1,445.21992540359497
2.57,-1,445.23701786994934
2.7,-1,445.2540216445923
2.83,-1,445.27103567123413
2.97,-1,445.28803300857544
3.09,-1,445.30403685569763
3.22,-1,445.321040391922
3.22,-1,445.33804416656494
3.33,-1,445.35504841804504
3.45,-1,445.3710627555847
3.55,-1,445.3880593776703
3.66,-1,445.40506315231323
3.76,-1,445.4220700263977
3.76,-1,445.43907356262207
3.85,-1,445.45607686042786
0.0,1,445.7122881412506
0.0,1,445.7292957305908
0.01,1,445.7452986240387
0.02,1,445.7623028755188
0.02,1,445.7789053916931
0.04,1,445.7959089279175
0.07,1,445.812931060791
0.1,1,445.82993483543396
0.14,1,445.8469388484955
0.19,1,445.8639430999756
0.24,1,445.88094687461853
0.24,1,445.8969495296478
0.32,1,445.91395330429077
0.4,1,445.9309575557709
0.48,1,445.94796109199524
0.58,0,445.963965177536
0.68,0,445.98096919059753
0.68,0,445.99797224998474
0.8,0,446.01497626304626
0.93,0,446.03174209594727
1.07,0,446.04874634742737
1.21,0,446.0657494068146
1.36,0,446.08284306526184
1.36,0,446.0988473892212
1.52,0,446.1158514022827
1.68,0,446.13285994529724
1.84,0,446.1493673324585
2.01,0,446.16637110710144
2.17,0,446.18337655067444
2.34,-1,446.2003791332245
2.34,-1,446.2173824310303
2.52,-1,446.23438715934753
2.7,-1,446.25139117240906
2.87,-1,446.26839423179626
3.04,-1,446.2849335670471
3.22,-1,446.30193734169006
3.22,-1,446.31894040107727
3.4,-1,446.33633065223694
3.59,-1,446.3530201911926
3.78,-1,446.3693368434906
3.98,-1,446.3863410949707
4.18,-1,446.40334463119507
4.38,-1,446.4203486442566
0.0,1,446.6887502670288
0.01,1,446.70575308799744
0.02,1,446.7227568626404
0.02,1,446.73876118659973
0.06,1,446.7567648887634
0.1,1,446.7727680206299
0.14,1,446.7897717952728
0.2,1,446.8067762851715
0.25,1,446.8237795829773
0.3,1,446.84078335762024
0.3,1,446.85678720474243
0.36,1,446.8737905025482
0.44,1,446.8907949924469
0.52,0,446.90779876708984
0.6,0,446.92480206489563
0.69,0,446.94180703163147
0.69,0,446.9578101634979
0.76,0,446.9748136997223
0.84,0,446.99181723594666
0.9,0,447.0088210105896
0.97,0,447.0258255004883
1.04,0,447.04282903671265
1.11,0,447.059832572937
1.11,0,447.0758361816406
1.18,0,447.09384059906006
1.26,0,447.10984349250793
1.34,0,447.12684750556946
1.43,0,447.14285111427307
1.51,0,447.1598551273346
1.51,0,447.17585825920105
1.61,0,447.19286251068115
1.7,0,447.2098662853241
1.8,0,447.2268705368042
1.89,0,447.2438745498657
1.99,0,447.26087760925293
1.99,0,447.2778823375702
2.1,-1,447.29488611221313
2.2,-1,447.3118894100189
2.31,-1,447.32889342308044
2.42,-1,447.34589672088623
2.53,-1,447.36290097236633
2.65,-1,447.3799047470093
2.65,-1,447.3969087600708
2.75,-1,447.4139120578766
2.84,-1,447.43091654777527
2.92,-1,447.4469199180603
2.99,-1,447.46392488479614
3.06,-1,447.4811248779297
3.06,-1,447.49711322784424
3.11,-1,447.5145390033722
3.15,-1,447.5305426120758
3.18,-1,447.54740262031555
3.22,-1,447.56396102905273
3.26,-1,447.58096504211426
0.0,1,447.8577997684479
-0.01,1,447.8748037815094
-0.02,1,447.8918240070343
-0.05,1,447.90879225730896
-0.07,1,447.92583322525024
-0.09,1,447.94283723831177
-0.11,1,447.9594714641571
-0.11,1,447.9761278629303
-0.12,1,447.99313163757324
-0.14,1,448.010134935379
-0.17,1,448.02687311172485
-0.21,1,448.0438768863678
-0.26,1,448.06088066101074
-0.26,1,448.0778841972351
-0.3,1,448.09488821029663
-0.34,1,448.1108968257904
-0.38,1,448.12782645225525
-0.42,1,448.1448299884796
-0.48,1,448.1618330478668
-0.48,1,448.17883682250977
-0.54,0,448.19584131240845
-0.61,0,448.21284437179565
-0.67,0,448.2298274040222
-0.74,0,448.24682998657227
-0.8,0,448.26383423805237
-0.86,0,448.2808382511139
-0.86,0,448.2968420982361
-0.91,0,448.31441617012024
-0.97,0,448.3314206600189
-1.01,0,448.3474245071411
-1.06,0,448.3644278049469
-1.1,0,448.3804316520691
-1.1,0,448.39743542671204
-1.14,0,448.414439201355
-1.19,0,448.4314434528351
-1.24,0,448.448447227478
-1.31,0,448.4654507637024
-1.37,0,448.4819929599762
-1.37,0,448.4989972114563
-1.43,0,448.51600074768066
-1.48,0,448.5330045223236
-1.54,0,448.550008058548
-1.59,0,448.56601190567017
-1.64,0,448.5830166339874
-1.7,0,448.60002064704895
-1.7,0,448.61602306365967
-1.77,0,448.63302755355835
-1.85,-1,448.6500310897827
-1.94,-1,448.6670343875885
-2.04,-1,448.68403840065
-2.15,-1,448.70104241371155
-2.15,-1,448.71704745292664
-2.27,-1,448.7340497970581
-2.39,-1,448.7510540485382
-2.52,-1,448.768057346344
-2.66,-1,448.7848217487335
-2.8,-1,448.80082535743713
-2.8,-1,448.8173954486847
-2.94,-1,448.8340394496918
-3.09,-1,448.85104274749756
-3.25,-1,448.8680465221405
-3.41,-1,448.88505029678345
-3.58,-1,448.90205430984497
-3.58,-1,448.91805815696716
-3.76,-1,448.93603682518005
0.0,1,449.1900496482849
0.0,1,449.20605182647705
0.01,1,449.223575592041
0.01,1,449.24057960510254
0.01,1,449.2575833797455
0.02,1,449.27458691596985
0.03,1,449.2916069030762
0.05,1,449.30861043930054
0.06,1,449.3256645202637
0.08,1,449.34266924858093
0.09,1,449.3602023124695
0.09,1,449.3767170906067
0.11,1,449.39372086524963
0.12,1,449.41072487831116
0.14,1,449.4277286529541
0.16,1,449.4447326660156
0.17,1,449.46073627471924
0.17,1,449.4777433872223
0.19,1,449.4942660331726
0.21,1,449.5112702846527
0.23,1,449.5282733440399
0.25,1,449.5452766418457
0.27,1,449.56228160858154
0.27,1,449.57880783081055
0.29,1,449.59581184387207
0.31,1,449.61281538009644
0.33,1,449.6298191547394
0.36,1,449.64682269096375
0.39,1,449.6628270149231
0.42,1,449.67983055114746
0.42,1,449.6958341598511
0.46,1,449.7130365371704
0.5,0,449.7301914691925
0.54,0,449.7471957206726
0.59,0,449.7644169330597
0.63,0,449.7817475795746
0.63,0,449.7977397441864
0.68,0,449.8157889842987
0.73,0,449.83278369903564
0.79,0,449.8497874736786
0.84,0,449.86579179763794
0.91,0,449.88269567489624
0.91,0,449.8986990451813
0.98,0,449.9157028198242
1.05,0,449.9325907230377
1.14,0,449.9495942592621
1.23,0,449.9665985107422
1.31,0,449.9831762313843
1.31,0,449.9991798400879
1.39,0,450.0161838531494
1.46,0,450.0331871509552
1.53,0,450.05019092559814
1.59,0,450.0661950111389
1.65,0,450.0831217765808
1.71,0,450.1001238822937
1.71,0,450.1171271800995
1.76,0,450.1341314315796
1.82,0,450.15113615989685
1.87,-1,450.16714239120483
1.93,-1,450.1841473579407
1.98,-1,450.2011501789093
1.98,-1,450.2171542644501
2.05,-1,450.234162569046
2.11,-1,450.2511658668518
2.18,-1,450.2681701183319
2.24,-1,450.2841737270355
2.3,-1,450.30117750167847
2.3,-1,450.31773018836975
2.38,-1,450.3347337245941
2.46,-1,450.35173749923706
2.55,-1,450.36874198913574
2.65,-1,450.3847451210022
2.75,-1,450.4017491340637
2.75,-1,450.41877031326294
2.87,-1,450.43626070022583
3.0,-1,450.4527781009674
3.14,-1,450.46979689598083
3.27,-1,450.4868001937866
0.0,1,450.74636340141296
0.0,1,450.76336908340454
0.01,1,450.77997159957886
0.01,1,450.7964792251587
0.01,1,450.81348276138306
0.02,1,450.8306095600128
0.04,1,450.8466124534607
0.05,1,450.86361718177795
0.07,1,450.88061261177063
0.07,1,450.89661598205566
0.09,1,450.9146194458008
0.12,1,450.9316232204437
0.14,1,450.94862723350525
0.17,1,450.96463084220886
0.2,1,450.9813678264618
0.2,1,450.9973702430725
0.24,1,451.01437401771545
0.29,1,451.03098034858704
0.33,1,451.0479838848114
0.37,1,451.0649878978729
0.41,1,451.08199548721313
0.41,1,451.09799885749817
0.42,1,451.1160035133362
0.43,1,451.1325113773346
0.43,1,451.14902353286743
0.42,1,451.1650266647339
0.42,1,451.1820318698883
0.42,1,451.1990351676941
0.42,1,451.2160384654999
0.43,1,451.23204255104065
0.44,1,451.2490463256836
0.45,0,451.26604986190796
0.47,0,451.28305411338806
0.48,0,451.30005836486816
0.48,0,451.3160617351532
0.49,0,451.3340656757355
0.51,0,451.3500690460205
0.54,0,451.3670732975006
0.57,0,451.3841516971588
0.6,0,451.4011561870575
0.6,0,451.4171588420868
0.62,0,451.4341621398926
0.63,0,451.45016860961914
0.65,0,451.4671723842621
0.67,0,451.48417687416077
0.69,0,451.501179933548
0.69,0,451.5181839466095
0.72,0,451.5347182750702
0.75,0,451.55172204971313
0.78,0,451.5687253475189
0.81,0,451.58472871780396
0.85,0,451.6017324924469
0.85,0,451.61873722076416
0.89,0,451.6357400417328
0.93,0,451.65194153785706
0.98,0,451.6739459037781
1.02,0,451.6869487762451
1.07,0,451.70300030708313
1.07,0,451.7189567089081
1.11,0,451.7362711429596
1.15,0,451.75325202941895
1.17,0,451.7699680328369
1.19,0,451.78697204589844
1.21,0,451.8039755821228
1.22,0,451.82080340385437
1.22,0,451.8378014564514
1.22,0,451.85480523109436
1.21,0,451.87146401405334
1.19,0,451.8884606361389
1.17,0,451.90546464920044
1.15,0,451.92178201675415
1.15,0,451.9387786388397
1.14,0,451.9557831287384
1.13,-1,451.97278666496277
1.12,-1,451.9897904396057
1.11,-1,452.0067939758301
1.1,-1,452.0237979888916
1.1,-1,452.0408022403717
1.1,-1,452.0578062534332
1.1,-1,452.07480931282043
1.1,-1,452.0918140411377
1.11,-1,452.1088180541992
1.12,-1,452.12582063674927
1.13,-1,452.1428256034851
1.14,-1,452.15982818603516
1.14,-1,452.17583203315735
1.15,-1,452.19283652305603
1.17,-1,452.20984077453613
1.19,-1,452.22684931755066
1.21,-1,452.24385237693787
1.24,-1,452.2608561515808
1.24,-1,452.27785992622375
1.27,-1,452.2948639392853
1.3,-1,452.3118681907654
1.34,-1,452.3285872936249
1.36,-1,452.34559059143066
1.38,-1,452.36259508132935
1.39,-1,452.3795988559723
0.0,1,452.62410616874695
0.0,1,452.64110946655273
0.0,1,452.65811371803284
0.02,1,452.6746220588684
0.03,1,452.69113087654114
0.05,1,452.7081346511841
0.08,1,452.725138425827
0.1,1,452.7421450614929
0.1,1,452.759149312973
0.13,1,452.77615547180176
0.17,1,452.7930121421814
0.21,1,452.8090171813965
0.26,1,452.8257939815521
0.32,1,452.842316865921
0.32,1,452.85932064056396
0.4,1,452.87632489204407
0.48,1,452.8923282623291
0.58,0,452.9093315601349
0.68,0,452.9266085624695
0.78,0,452.94261145591736
0.9,0,452.95961570739746
0.9,0,452.9766194820404
1.01,0,452.9936237335205
1.11,0,453.00962686538696
1.21,0,453.0266308784485
1.31,0,453.04363465309143
1.41,0,453.0606384277344
1.41,0,453.0776422023773
1.53,0,453.0946464538574
1.65,0,453.1116497516632
1.78,0,453.1276710033417
1.92,0,453.1447036266327
2.07,0,453.16170740127563
2.07,0,453.1777148246765
2.24,-1,453.1957194805145
2.4,-1,453.21172308921814
2.58,-1,453.2287266254425
2.76,-1,453.24573016166687
2.94,-1,453.26273465156555
3.14,-1,453.2797381877899
3.14,-1,453.2967417240143
3.35,-1,453.3137457370758
3.56,-1,453.33074927330017
3.75,-1,453.34675335884094
3.94,-1,453.3637571334839
4.12,-1,453.3807604312897
4.12,-1,453.397269487381
4.31,-1,453.41427278518677
0.0,1,453.6807630062103
0.0,1,453.6972711086273
-0.02,1,453.71427512168884
-0.04,1,453.7314715385437
-0.07,1,453.7484755516052
-0.11,1,453.76514768600464
-0.16,1,453.78215193748474
-0.16,1,453.7991554737091
-0.22,1,453.815860748291
-0.3,1,453.8328642845154
-0.38,1,453.84986782073975
-0.46,1,453.86587500572205
-0.56,0,453.882878780365
-0.66,0,453.89988255500793
-0.66,0,453.91688656806946
-0.78,0,453.93339443206787
-0.91,0,453.9503982067108
-1.05,0,453.9671378135681
-1.19,0,453.98414158821106
-1.34,0,454.001145362854
-1.34,0,454.0169997215271
-1.5,0,454.0340030193329
-1.68,0,454.0511875152588
-1.86,0,454.06719040870667
-2.04,0,454.0841941833496
-2.24,0,454.10119819641113
-2.24,0,454.1172022819519
-2.45,-1,454.13520550727844
-2.67,-1,454.15120935440063
-2.9,-1,454.1682138442993
-3.14,-1,454.18521642684937
-3.38,-1,454.2012255191803
-3.38,-1,454.21822929382324
-3.64,-1,454.2352318763733
-3.91,-1,454.25223541259766
-4.17,-1,454.26923990249634
-4.44,-1,454.2852430343628
-4.71,-1,454.30275321006775
0.0,1,454.57203435897827
-0.01,1,454.5890381336212
-0.02,1,454.6060450077057
-0.05,1,454.6230490207672
-0.08,1,454.6395573616028
-0.08,1,454.656085729599
-0.13,1,454.67308926582336
-0.18,1,454.6900963783264
-0.25,1,454.7070994377136
-0.32,1,454.72410321235657
-0.4,1,454.7406733036041
-0.4,1,454.75767731666565
-0.5,1,454.7747428417206
-0.6,0,454.79083251953125
-0.71,0,454.80782532691956
-0.83,0,454.82484340667725
-0.96,0,454.8418478965759
-0.96,0,454.85885190963745
-1.1,0,454.87585496902466
-1.26,0,454.891859292984
-1.42,0,454.9088628292084
-1.58,0,454.9258668422699
-1.76,0,454.94287061691284
-1.94,0,454.95987462997437
-1.94,0,454.9793827533722
-2.14,0,454.99302864074707
-2.35,-1,455.0100326538086
-2.57,-1,455.02654123306274
-2.78,-1,455.04354524612427
-2.99,-1,455.06054878234863
-2.99,-1,455.07755279541016
-3.19,-1,455.0940935611725
-3.39,-1,455.11109685897827
-3.59,-1,455.1281011104584
-3.78,-1,455.1451086997986
-3.98,-1,455.1611135005951
-3.98,-1,455.17811703681946
-4.17,-1,455.1949305534363
-4.36,-1,455.2119345664978
0.0,1,455.4605088233948
0.0,1,455.4766037464142
-0.02,1,455.4936077594757
-0.04,1,455.5106112957001
-0.07,1,455.5276052951813
-0.11,1,455.54460883140564
-0.16,1,455.5616135597229
-0.16,1,455.57861614227295
-0.22,1,455.5956211090088
-0.3,1,455.612624168396
-0.38,1,455.6286280155182
-0.46,1,455.64563179016113
-0.54,0,455.6626353263855
-0.54,0,455.6792206764221
-0.64,0,455.6962237358093
-0.74,0,455.71322774887085
-0.86,0,455.73030066490173
-0.98,0,455.7473039627075
-1.1,0,455.76430797576904
-1.24,0,455.7808780670166
-1.24,0,455.7978813648224
-1.39,0,455.8148856163025
-1.55,0,455.83088850975037
-1.72,0,455.84789276123047
-1.9,0,455.86489629745483
-2.08,0,455.88090443611145
-2.08,0,455.897908449173
-2.26,-1,455.9149115085602
-2.44,-1,455.9319157600403
-2.61,-1,455.94791984558105
-2.77,-1,455.96492314338684
-2.92,-1,455.9819266796112
-2.92,-1,455.99893164634705
-3.06,-1,456.01593494415283
-3.18,-1,456.03281688690186
-3.3,-1,456.0498204231262
-3.42,-1,456.06682419776917
-3.52,-1,456.08382844924927
-3.62,-1,456.1008331775665
-3.62,-1,456.1178357601166
-3.71,-1,456.1348412036896
-3.78,-1,456.15184354782104
-3.85,-1,456.16784834861755
0.0,1,456.4387972354889
-0.01,1,456.4558024406433
-0.02,1,456.4718062877655
-0.05,1,456.48880982398987
-0.08,1,456.5053188800812
-0.12,1,456.5223231315613
-0.12,1,456.53832721710205
-0.18,1,456.5553307533264
-0.24,1,456.5720338821411
-0.31,1,456.58903789520264
-0.39,1,456.60554909706116
-0.48,1,456.6226017475128
-0.48,1,456.63860607147217
-0.58,0,456.6556098461151
-0.7,0,456.67216396331787
-0.82,0,456.6891689300537
-0.93,0,456.7056908607483
-1.04,0,456.7230763435364
-1.15,0,456.7397484779358
-1.15,0,456.75715160369873
-1.25,0,456.7741553783417
-1.35,0,456.7911593914032
-1.44,0,456.8080704212189
-1.53,0,456.8250741958618
-1.61,0,456.8420786857605
-1.61,0,456.85908222198486
-1.69,0,456.8760869503021
-1.77,0,456.8921046257019
-1.84,0,456.90910840034485
-1.92,0,456.92611145973206
-1.98,0,456.94311594963074
-2.05,-1,456.9601194858551
-2.05,-1,456.98612451553345
-2.1,-1,457.00012826919556
-2.16,-1,457.01413106918335
-2.2,-1,457.0281341075897
-2.25,-1,457.04513788223267
-2.29,-1,457.06214141845703
-2.29,-1,457.0780689716339
-2.32,-1,457.0950722694397
-2.36,-1,457.11208152770996
-2.41,-1,457.12859320640564
-2.46,-1,457.14610624313354
-2.53,-1,457.163113117218
-2.53,-1,457.1791162490845
-2.61,-1,457.19612765312195
-2.69,-1,457.2131311893463
-2.76,-1,457.23013496398926
-2.84,-1,457.24613213539124
-2.91,-1,457.2631356716156
-2.98,-1,457.2801547050476
-2.98,-1,457.29725313186646
-3.04,-1,457.31425738334656
-3.11,-1,457.3312635421753
-3.17,-1,457.34826707839966
0.0,1,457.5943250656128
0.0,1,457.6113293170929
0.0,1,457.62862753868103
0.01,1,457.64463114738464
0.02,1,457.66163539886475
0.02,1,457.67915511131287
0.03,1,457.69601559638977
0.05,1,457.7130193710327
0.08,1,457.7295277118683
0.1,1,457.746036529541
0.14,1,457.7630407810211
0.17,1,457.77954864501953
0.17,1,457.79705715179443
0.22,1,457.8140604496002
0.26,1,457.83006405830383
0.31,1,457.8470685482025
0.35,1,457.8640720844269
0.4,1,457.8800756931305
0.4,1,457.89707922935486
0.45,1,457.9140830039978
0.5,0,457.93008637428284
0.56,0,457.9470901489258
0.61,0,457.96409487724304
0.67,0,457.9810974597931
0.67,0,457.9981019496918
0.73,0,458.0151057243347
0.8,0,458.0321099758148
0.86,0,458.0491142272949
0.93,0,458.0661163330078
1.0,0,458.08312129974365
1.07,0,458.10012555122375
1.07,0,458.1171283721924
1.13,0,458.13413310050964
1.2,0,458.151136636734
1.27,0,458.16814064979553
1.35,0,458.1854200363159
1.42,0,458.20192885398865
1.42,0,458.2189326286316
1.49,0,458.2359371185303
1.56,0,458.25294041633606
1.61,0,458.26994466781616
1.66,0,458.2859482765198
1.69,0,458.302951335907
1.72,0,458.32025480270386
1.72,0,458.33695912361145
1.76,0,458.35396337509155
1.79,0,458.3709673881531
1.81,-1,458.387971162796
1.83,-1,458.4049746990204
1.85,-1,458.4219789505005
1.85,-1,458.4379823207855
1.89,-1,458.45498609542847
1.93,-1,458.47199058532715
1.98,-1,458.48899364471436
2.02,-1,458.50599813461304
2.07,-1,458.52300119400024
2.11,-1,458.5400049686432
2.11,-1,458.5570092201233
2.17,-1,458.5740122795105
2.24,-1,458.591016292572
2.3,-1,458.6070206165314
2.36,-1,458.6240243911743
2.41,-1,458.6410276889801
2.41,-1,458.6570317745209
2.48,-1,458.6740355491638
2.56,-1,458.691038608551
2.65,-1,458.7080430984497
2.73,-1,458.72504687309265
2.83,-1,458.74205017089844
2.83,-1,458.7590546607971
2.93,-1,458.7760579586029
0.0,1,459.0281648635864
0.0,1,459.0451683998108
0.01,1,459.061799287796
0.01,1,459.07785987854004
0.03,1,459.09522008895874
0.05,1,459.1123456954956
0.07,1,459.1293294429779
0.1,1,459.14633321762085
0.13,1,459.16234135627747
0.13,1,459.17934799194336
0.17,1,459.19635224342346
0.22,1,459.2129542827606
0.26,1,459.22995805740356
0.32,1,459.2469618320465
0.37,1,459.2639660835266
0.43,1,459.28097009658813
0.43,1,459.29797315597534
0.5,1,459.3149890899658
0.57,0,459.33199310302734
0.64,0,459.3494532108307
0.72,0,459.3664560317993
0.8,0,459.38346123695374
0.89,0,459.4004647731781
0.89,0,459.41646814346313
0.98,0,459.434472322464
1.08,0,459.4504759311676
1.18,0,459.4674799442291
1.29,0,459.48448395729065
1.4,0,459.5009911060333
1.4,0,459.5179953575134
1.51,0,459.53499841690063
1.63,0,459.55200242996216
1.75,0,459.5690062046051
1.87,0,459.5860104560852
1.99,0,459.6033835411072
2.12,0,459.62001752853394
2.12,0,459.6375262737274
2.25,-1,459.65403628349304
2.39,-1,459.671040058136
2.53,-1,459.68804383277893
2.67,-1,459.7050476074219
2.82,-1,459.7220513820648
2.82,-1,459.73905515670776
2.96,-1,459.75605869293213
3.11,-1,459.77306294441223
3.26,-1,459.79006600379944
3.42,-1,459.8060712814331
3.58,-1,459.8235774040222
3.74,-1,459.8405818939209
3.74,-1,459.85758566856384
3.91,-1,459.87458896636963
4.08,-1,459.8905930519104
0.0,1,460.1176483631134
0.01,1,460.1346528530121
0.02,1,460.15065693855286
0.05,1,460.1686601638794
0.08,1,460.18466353416443
0.12,1,460.2011785507202
0.12,1,460.21818232536316
0.18,1,460.2351870536804
0.24,1,460.25216913223267
0.31,1,460.26917338371277
0.39,1,460.28568148612976
0.46,1,460.30227160453796
0.46,1,460.31927490234375
0.52,0,460.3362784385681
0.57,0,460.3522822856903
0.61,0,460.3692865371704
0.65,0,460.3868567943573
0.69,0,460.40341663360596
0.74,0,460.4202973842621
0.74,0,460.43630170822144
0.79,0,460.45330476760864
0.84,0,460.4703092575073
0.89,0,460.4873125553131
0.93,0,460.50431656837463
0.98,0,460.52039670944214
0.98,0,460.5373272895813
1.03,0,460.5543303489685
1.09,0,460.5711395740509
1.14,0,460.587938785553
1.21,0,460.60493779182434
1.27,0,460.6224446296692
1.27,0,460.63944816589355
1.35,0,460.6564521789551
1.42,0,460.6734564304352
1.51,0,460.6904602050781
1.59,0,460.70746397972107
1.68,0,460.72457242012024
1.78,0,460.7406015396118
1.78,0,460.75759649276733
1.88,0,460.7746169567108
1.99,-1,460.79062128067017
2.09,-1,460.8076250553131
2.18,-1,460.8241789340973
2.27,-1,460.84118247032166
2.27,-1,460.85818672180176
2.34,-1,460.87519001960754
2.4,-1,460.8921935558319
2.46,-1,460.9091987609863
2.5,-1,460.92670726776123
2.54,-1,460.9432153701782
2.57,-1,460.9602301120758
2.57,-1,460.9772255420685
2.58,-1,460.99423265457153
2.59,-1,461.0112392902374
2.59,-1,461.02724266052246
2.58,-1,461.0441884994507
2.56,-1,461.0611951351166
2.56,-1,461.07819867134094
2.53,-1,461.09543442726135
2.48,-1,461.11144638061523
2.43,-1,461.12797021865845
2.38,-1,461.1449728012085
0.0,1,461.3742322921753
0.0,1,461.39123940467834
-0.01,1,461.4082429409027
-0.02,1,461.4251170158386
-0.04,1,461.442120552063
-0.04,1,461.45912408828735
-0.06,1,461.4761309623718
-0.09,1,461.49313521385193
-0.12,1,461.50913882255554
-0.16,1,461.5261423587799
-0.19,1,461.54314661026
-0.23,1,461.56015038490295
-0.23,1,461.5771539211273
-0.28,1,461.59415769577026
-0.33,1,461.61117339134216
-0.38,1,461.62776589393616
-0.44,1,461.6443684101105
-0.5,0,461.6617956161499
-0.5,0,461.67778396606445
-0.57,0,461.69494438171387
-0.65,0,461.7119483947754
-0.72,0,461.7289524078369
-0.81,0,461.74595618247986
-0.89,0,461.7629601955414
-0.98,0,461.7799639701843
-0.98,0,461.79696798324585
-1.08,0,461.81336641311646
-1.18,0,461.830370426178
-1.29,0,461.84737491607666
-1.39,0,461.8643786907196
-1.5,0,461.8813829421997
-1.5,0,461.8983862400055
-1.62,0,461.91539001464844
-1.75,0,461.93239402770996
-1.87,0,461.94939827919006
-2.0,0,461.9664011001587
-2.13,-1,461.9824056625366
-2.13,-1,461.9994089603424
-2.28,-1,462.0164132118225
-2.42,-1,462.03341698646545
-2.55,-1,462.0504207611084
-2.69,-1,462.0674240589142
-2.83,-1,462.0844295024872
-2.96,-1,462.1014325618744
-2.96,-1,462.11843633651733
-3.08,-1,462.13543939590454
-3.19,-1,462.15194869041443
-3.29,-1,462.16895270347595
-3.4,-1,462.184956073761
-3.52,-1,462.20196080207825
-3.52,-1,462.2184853553772
-3.64,-1,462.23599767684937
-3.77,-1,462.2520070075989
-3.9,-1,462.26898169517517
0.0,1,462.51988554000854
0.0,1,462.53641533851624
0.0,1,462.553418636322
0.01,1,462.5704228878021
0.02,1,462.5874276161194
0.03,1,462.6044297218323
0.04,1,462.6204340457916
0.04,1,462.637437582016
0.04,1,462.6544406414032
0.04,1,462.6704442501068
0.05,1,462.68844866752625
0.04,1,462.7049584388733
0.04,1,462.7219626903534
0.04,1,462.7388663291931
0.04,1,462.75587034225464
0.05,1,462.7724652290344
0.07,1,462.7894723415375
0.08,1,462.806489944458
0.1,1,462.82349395751953
0.13,1,462.8400695323944
0.13,1,462.8575556278229
0.15,1,462.8740644454956
0.18,1,462.89090728759766
0.21,1,462.9079110622406
0.24,1,462.92441987991333
0.28,1,462.9410171508789
0.28,1,462.958021402359
0.32,1,462.9750249385834
0.36,1,462.99166440963745
0.39,1,463.00768280029297
0.41,1,463.02468609809875
0.42,1,463.0416626930237
0.42,1,463.05866718292236
0.43,1,463.07569193840027
0.45,1,463.09269618988037
0.46,1,463.1087005138397
0.47,0,463.1257643699646
0.48,0,463.14181184768677
0.48,0,463.158842086792
0.5,0,463.17581129074097
0.53,0,463.1928312778473
0.56,0,463.20983505249023
0.59,0,463.2268388271332
0.64,0,463.2438426017761
0.69,0,463.26088285446167
0.69,0,463.27737069129944
0.76,0,463.29393458366394
0.83,0,463.3109383583069
0.92,0,463.32794165611267
1.01,0,463.34494519233704
1.11,0,463.36194944381714
1.11,0,463.3789529800415
1.22,0,463.3959572315216
1.34,0,463.41196036338806
1.47,0,463.42896461486816
1.61,0,463.4459686279297
1.74,0,463.46297240257263
1.88,0,463.4799757003784
1.88,0,463.4969799518585
2.03,-1,463.5139834880829
2.18,-1,463.53098726272583
2.34,-1,463.54799127578735
2.5,-1,463.5649962425232
2.66,-1,463.58199858665466
2.66,-1,463.59800267219543
2.84,-1,463.6150064468384
3.01,-1,463.63200974464417
3.19,-1,463.64901399612427
3.38,-1,463.6660177707672
3.56,-1,463.68302154541016
3.73,-1,463.70302653312683
3.73,-1,463.7170295715332
3.91,-1,463.73303294181824
4.08,-1,463.7500364780426
0.0,1,463.99729681015015
0.0,1,464.01447105407715
-0.01,1,464.0309932231903
-0.02,1,464.04799604415894
-0.04,1,464.0650007724762
-0.06,1,464.081006526947
-0.06,1,464.0980098247528
-0.09,1,464.11501359939575
-0.12,1,464.13101720809937
-0.16,1,464.14802074432373
-0.2,1,464.16502571105957
-0.24,1,464.1820340156555
-0.24,1,464.19803833961487
-0.29,1,464.21604180336
-0.35,1,464.2320456504822
-0.41,1,464.24904918670654
-0.47,1,464.26605319976807
-0.54,0,464.28305673599243
-0.54,0,464.29906010627747
-0.62,0,464.3160638809204
-0.68,0,464.33306789398193
-0.76,0,464.34907150268555
-0.83,0,464.36607480049133
-0.91,0,464.38307905197144
-1.0,0,464.4000825881958
-1.0,0,464.4170870780945
-1.09,0,464.43409061431885
-1.18,0,464.45109391212463
-1.28,0,464.4680984020233
-1.39,0,464.48510241508484
-1.5,0,464.5021057128906
-1.5,0,464.51910948753357
-1.61,0,464.5361135005951
-1.73,0,464.552118062973
-1.86,0,464.5691213607788
-1.98,0,464.586124420166
-2.12,-1,464.60394287109375
-2.25,-1,464.6202623844147
-2.25,-1,464.6361358165741
-2.39,-1,464.65313959121704
-2.53,-1,464.6703624725342
-2.67,-1,464.68720531463623
-2.82,-1,464.703994512558
-2.96,-1,464.7209982872009
-2.96,-1,464.7380027770996
-3.1,-1,464.7552287578583
-3.23,-1,464.7717468738556
-3.36,-1,464.78874230384827
-3.48,-1,464.8047459125519
-3.6,-1,464.82214736938477
-3.6,-1,464.8381509780884
-3.72,-1,464.8557598590851
-3.82,-1,464.872763633728
0.0,1,465.11990547180176
0.0,1,465.1368522644043
-0.01,1,465.15407705307007
-0.02,1,465.17086005210876
-0.04,1,465.18786358833313
-0.06,1,465.20437383651733
-0.08,1,465.22137689590454
-0.08,1,465.2373802661896
-0.11,1,465.2543842792511
-0.15,1,465.27138805389404
-0.19,1,465.287392616272
-0.23,1,465.30439472198486
-0.28,1,465.32139921188354
-0.28,1,465.3384027481079
-0.34,1,465.3554072380066
-0.4,1,465.37241101264954
-0.46,1,465.3889994621277
-0.53,0,465.40599822998047
-0.6,0,465.42250990867615
-0.68,0,465.4400794506073
-0.68,0,465.4570837020874
-0.76,0,465.4740877151489
-0.85,0,465.49109172821045
-0.94,0,465.50709533691406
-1.04,0,465.524099111557
-1.14,0,465.5411026477814
-1.14,0,465.5581068992615
-1.24,0,465.57511043548584
-1.36,0,465.59211468696594
-1.47,0,465.6091184616089
-1.6,0,465.62612223625183
-1.73,0,465.6429479122162
-1.86,0,465.6599612236023
-1.86,0,465.67595767974854
-2.02,0,465.69396114349365
-2.17,-1,465.7099645137787
-2.33,-1,465.72663378715515
-2.49,-1,465.74325728416443
-2.67,-1,465.7602610588074
-2.67,-1,465.7772648334503
-2.85,-1,465.79426884651184
-3.05,-1,465.81127309799194
-3.25,-1,465.8282907009125
-3.45,-1,465.845294713974
-3.67,-1,465.86229848861694
-3.67,-1,465.8793156147003
-3.9,-1,465.89631938934326
-4.14,-1,465.91332364082336
-4.38,-1,465.93033051490784
0.0,1,466.1756181716919
0.0,1,466.19267892837524
0.01,1,466.2096834182739
0.02,1,466.22636890411377
0.04,1,466.24337244033813
0.06,1,466.2603759765625
0.06,1,466.2768838405609
0.09,1,466.2938873767853
0.12,1,466.31089210510254
0.16,1,466.3278956413269
0.2,1,466.34489941596985
0.24,1,466.3619031906128
0.24,1,466.377907037735
0.29,1,466.3959102630615
0.35,1,466.4119143486023
0.41,1,466.42891812324524
0.47,1,466.44592213630676
0.53,0,466.4629259109497
0.6,0,466.4799294471741
0.6,0,466.4969336986542
0.67,0,466.51393699645996
0.74,0,466.5299413204193
0.82,0,466.54694509506226
0.91,0,466.56394839286804
1.0,0,466.5809531211853
1.0,0,466.5979561805725
1.09,0,466.61495995521545
1.19,0,466.6319637298584
1.3,0,466.6489677429199
1.4,0,466.66497135162354
1.52,0,466.6819758415222
1.52,0,466.6979789733887
1.64,0,466.71598291397095
1.76,0,466.731986284256
1.89,0,466.7489900588989
2.02,0,466.7659935951233
2.16,-1,466.782998085022
2.16,-1,466.799001455307
2.29,-1,466.8160047531128
2.42,-1,466.8330090045929
2.55,-1,466.8500130176544
2.68,-1,466.8670165538788
2.8,-1,466.88402009010315
2.91,-1,466.90102434158325
2.91,-1,466.917028427124
3.02,-1,466.9350321292877
3.12,-1,466.95103573799133
3.22,-1,466.96803975105286
3.32,-1,466.9850435256958
3.41,-1,467.0020492076874
3.41,-1,467.0180540084839
3.48,-1,467.03505635261536
3.55,-1,467.05206060409546
3.61,-1,467.06906485557556
0.0,1,467.3207859992981
0.0,1,467.33778262138367
0.01,1,467.35467052459717
0.02,1,467.37201046943665
0.04,1,467.3880090713501
0.06,1,467.4050121307373
0.08,1,467.42204761505127
0.08,1,467.4380404949188
0.11,1,467.4550452232361
0.15,1,467.47204852104187
0.19,1,467.4890525341034
0.23,1,467.5060558319092
0.28,1,467.5230612754822
0.33,1,467.5400631427765
0.33,1,467.5569489002228
0.39,1,467.5739529132843
0.46,1,467.59095668792725
0.52,0,467.6079602241516
0.6,0,467.6249372959137
0.67,0,467.64194107055664
0.67,0,467.65794491767883
0.76,0,467.67494797706604
0.84,0,467.69235610961914
0.94,0,467.70936036109924
1.03,0,467.7263641357422
1.13,0,467.74336767196655
1.24,0,467.76037216186523
1.24,0,467.77737522125244
1.35,0,467.7943799495697
1.46,0,467.81138277053833
1.58,0,467.8283865451813
1.7,0,467.8453905582428
1.83,0,467.86239433288574
1.83,0,467.87839794158936
1.95,0,467.89640188217163
2.08,0,467.912406206131
2.22,-1,467.9294090270996
2.34,-1,467.9454128742218
2.46,-1,467.9624168872833
2.46,-1,467.97942066192627
2.56,-1,467.9960308074951
2.65,-1,468.01303458213806
2.73,-1,468.030038356781
2.81,-1,468.04704189300537
2.88,-1,468.0640461444855
2.94,-1,468.08105063438416
2.94,-1,468.09805393218994
2.98,-1,468.1150574684143
3.02,-1,468.1310615539551
3.04,-1,468.148065328598
3.06,-1,468.16506838798523
3.08,-1,468.18107318878174
3.08,-1,468.1980757713318
3.08,-1,468.2150797843933
3.08,-1,468.2320833206177
3.07,-1,468.2490873336792
0.0,1,468.4996027946472
0.0,1,468.5166072845459
0.01,1,468.53361105918884
0.03,1,468.5506145954132
0.05,1,468.5676181316376
0.07,1,468.58412623405457
0.1,1,468.60112953186035
0.1,1,468.6171336174011
0.14,1,468.63413763046265
0.18,1,468.6511414051056
0.22,1,468.668648481369
0.27,1,468.6856529712677
0.32,1,468.7016568183899
0.32,1,468.718222618103
0.38,1,468.73522686958313
0.44,1,468.7522313594818
0.51,0,468.76923537254333
0.58,0,468.7852373123169
0.66,0,468.8029363155365
0.66,0,468.819940328598
0.74,0,468.83594393730164
0.84,0,468.852947473526
0.93,0,468.8699517250061
1.04,0,468.8869550228119
1.13,0,468.90395951271057
1.23,0,468.92096304893494
1.23,0,468.9379668235779
1.33,0,468.954971075058
1.43,0,468.970974445343
1.53,0,468.98797821998596
1.63,0,469.0049822330475
1.74,0,469.02198600769043
1.74,0,469.03798961639404
1.86,0,469.0559937953949
1.97,0,469.0719974040985
2.09,0,469.0890004634857
2.21,-1,469.10600447654724
2.33,-1,469.1220078468323
2.33,-1,469.1390519142151
2.46,-1,469.15602016448975
2.59,-1,469.17302417755127
2.72,-1,469.1900279521942
2.86,-1,469.2070322036743
3.0,-1,469.2240364551544
3.14,-1,469.2400543689728
3.14,-1,469.25704741477966
3.28,-1,469.2740514278412
3.43,-1,469.29105496406555
3.58,-1,469.3080587387085
3.73,-1,469.32506275177
3.88,-1,469.3416073322296
3.88,-1,469.3586103916168
4.03,-1,469.3751223087311
0.0,1,469.6101703643799
0.0,1,469.6266803741455
0.01,1,469.6439325809479
0.02,1,469.66093945503235
0.02,1,469.6779432296753
0.03,1,469.694949388504
0.04,1,469.71195554733276
0.06,1,469.7289595603943
0.08,1,469.74596333503723
0.1,1,469.76317143440247
0.13,1,469.78031182289124
0.13,1,469.7973005771637
0.17,1,469.81430411338806
0.21,1,469.8303210735321
0.25,1,469.84732484817505
0.3,1,469.864328622818
0.35,1,469.8813331127167
0.35,1,469.8973367214203
0.41,1,469.9143397808075
0.48,1,469.9313440322876
0.54,0,469.94834756851196
0.62,0,469.9653513431549
0.69,0,469.9873561859131
0.69,0,470.0013599395752
0.78,0,470.01536202430725
0.86,0,470.0323667526245
0.95,0,470.0495717525482
1.05,0,470.06557536125183
1.15,0,470.0825786590576
1.15,0,470.0985999107361
1.25,0,470.1156048774719
1.35,0,470.13260865211487
1.46,0,470.1496112346649
1.58,0,470.1666147708893
1.71,0,470.18361926078796
1.83,0,470.2006251811981
1.83,0,470.2166268825531
1.94,0,470.2336311340332
2.03,0,470.2506356239319
2.12,-1,470.266637802124
2.22,-1,470.28364181518555
2.32,-1,470.30064582824707
2.32,-1,470.3176498413086
2.42,-1,470.33465361595154
2.51,-1,470.3516571521759
2.6,-1,470.3686611652374
2.7,-1,470.38466453552246
2.8,-1,470.4016680717468
2.8,-1,470.4176721572876
2.9,-1,470.43567633628845
3.0,-1,470.4516797065735
3.1,-1,470.46868324279785
3.22,-1,470.48568773269653
3.33,-1,470.5026915073395
3.33,-1,470.51869440078735
3.45,-1,470.53569865226746
3.58,-1,470.5527036190033
3.7,-1,470.56970596313477
0.0,1,470.8557267189026
0.0,1,470.87173104286194
0.01,1,470.8887348175049
0.02,1,470.9057385921478
0.04,1,470.9227421283722
0.04,1,470.9387459754944
0.06,1,470.95574927330017
0.09,1,470.9717535972595
0.12,1,470.9887568950653
0.16,1,471.00576066970825
0.2,1,471.02276492118835
0.24,1,471.0397684574127
0.24,1,471.0567729473114
0.3,1,471.07377576828003
0.35,1,471.09081625938416
0.41,1,471.10680508613586
0.48,1,471.12382531166077
0.54,0,471.1408293247223
0.54,0,471.15683341026306
0.62,0,471.17383790016174
0.7,0,471.190869808197
0.78,0,471.20786213874817
0.87,0,471.22488141059875
0.96,0,471.24091935157776
0.96,0,471.2579092979431
1.06,0,471.2750928401947
1.17,0,471.29138374328613
1.28,0,471.30838775634766
1.39,0,471.32512402534485
1.5,0,471.3421266078949
1.5,0,471.3581304550171
1.63,0,471.3751482963562
1.76,0,471.392151594162
1.89,0,471.40915632247925
2.02,0,471.4261598587036
2.16,-1,471.44205832481384
2.16,-1,471.45906233787537
2.31,-1,471.47606682777405
2.46,-1,471.49206948280334
2.62,-1,471.50907349586487
2.78,-1,471.52609276771545
2.94,-1,471.5430965423584
3.11,-1,471.5600998401642
3.11,-1,471.5761036872864
3.29,-1,471.59407663345337
3.47,-1,471.61008048057556
3.65,-1,471.6270840167999
3.84,-1,471.64408802986145
4.03,-1,471.66109228134155
4.03,-1,471.6780960559845
4.21,-1,471.6950993537903
0.0,1,471.9778230190277
0.0,1,471.9953303337097
0.01,1,472.01133370399475
0.02,1,472.0283374786377
0.04,1,472.0453414916992
0.06,1,472.06234526634216
0.06,1,472.07859468460083
0.09,1,472.09559869766235
0.12,1,472.1126034259796
0.16,1,472.12961077690125
0.2,1,472.1469316482544
0.24,1,472.16393399238586
0.3,1,472.18094205856323
0.3,1,472.1979467868805
0.36,1,472.21496510505676
0.42,1,472.2319688796997
0.49,1,472.2489731311798
0.56,0,472.2659955024719
0.64,0,472.28199768066406
0.64,0,472.299001455307
0.72,0,472.3155097961426
0.81,0,472.33251309394836
0.9,0,472.349449634552
1.0,0,472.3663065433502
1.1,0,472.38331055641174
1.2,0,472.40011644363403
1.2,0,472.41612005233765
1.32,0,472.4341244697571
1.44,0,472.4501278400421
1.57,0,472.4671313762665
1.71,0,472.484148979187
1.86,0,472.5011398792267
1.86,0,472.5181429386139
2.02,0,472.53514647483826
2.2,-1,472.5521512031555
2.38,-1,472.5681540966034
2.56,-1,472.58515763282776
2.75,-1,472.602162361145
2.75,-1,472.6181652545929
2.94,-1,472.63516998291016
3.14,-1,472.6521725654602
3.35,-1,472.66917657852173
3.56,-1,472.6881809234619
3.77,-1,472.70318388938904
3.98,-1,472.7201888561249
3.98,-1,472.7371916770935
4.21,-1,472.75419545173645
4.44,-1,472.77096915245056
0.0,1,473.0112657546997
0.0,1,473.02826952934265
0.01,1,473.04527401924133
0.02,1,473.06227684020996
0.02,1,473.07928133010864
0.04,1,473.09578943252563
0.07,1,473.1127939224243
0.09,1,473.1297972202301
0.11,1,473.14630603790283
0.14,1,473.16332745552063
0.17,1,473.1803312301636
0.17,1,473.19734025001526
0.21,1,473.21434259414673
0.26,1,473.2313463687897
0.3,1,473.24835538864136
0.36,1,473.26735973358154
0.41,1,473.2823631763458
0.41,1,473.29936718940735
0.47,1,473.3163709640503
0.54,0,473.33337450027466
0.61,0,473.35032773017883
0.68,0,473.3668375015259
0.76,0,473.3828411102295
0.84,0,473.4003517627716
0.84,0,473.41635513305664
0.93,0,473.4333589076996
1.03,0,473.4503629207611
1.13,0,473.46736764907837
1.23,0,473.48387479782104
1.33,0,473.5003843307495
1.33,0,473.51738810539246
1.44,0,473.5343916416168
1.54,0,473.5509810447693
1.65,0,473.56698417663574
1.76,0,473.58398938179016
1.87,0,473.6009933948517
1.87,0,473.6169958114624
2.0,0,473.63499999046326
2.12,-1,473.65100479125977
2.25,-1,473.6680085659027
2.39,-1,473.6850116252899
2.52,-1,473.7020146846771
2.52,-1,473.7190191745758
2.67,-1,473.73602271080017
2.82,-1,473.75302600860596
2.97,-1,473.7700307369232
3.12,-1,473.78703451156616
3.28,-1,473.8040380477905
3.45,-1,473.82104206085205
3.45,-1,473.8377060890198
3.62,-1,473.8540494441986
3.79,-1,473.871052980423
3.97,-1,473.8880572319031
4.15,-1,473.90506076812744
0.0,1,474.14720344543457
0.0,1,474.1632068157196
0.01,1,474.18021059036255
0.01,1,474.196213722229
0.01,1,474.2132179737091
0.02,1,474.2302210330963
0.04,1,474.2468421459198
0.05,1,474.2638461589813
0.07,1,474.2808926105499
0.07,1,474.2978820800781
0.09,1,474.3148591518402
0.11,1,474.33090829849243
0.13,1,474.34790301322937
0.16,1,474.3649067878723
0.19,1,474.3819134235382
0.19,1,474.3979163169861
0.22,1,474.41492438316345
0.25,1,474.4318082332611
0.29,1,474.4488127231598
0.33,1,474.4658272266388
0.37,1,474.48183155059814
0.37,1,474.4988510608673
0.41,1,474.5159454345703
0.46,1,474.53308606147766
0.5,0,474.5490884780884
0.55,0,474.5669696331024
0.61,0,474.5839731693268
0.66,0,474.5999765396118
0.66,0,474.6169810295105
0.72,0,474.633553981781
0.78,0,474.65055990219116
0.84,0,474.6675639152527
0.9,0,474.6845672130585
0.97,0,474.70125222206116
0.97,0,474.71825551986694
1.04,0,474.7352600097656
1.11,0,474.75206208229065
1.19,0,474.76906657218933
1.26,0,474.78570199012756
1.34,0,474.80290365219116
1.42,0,474.81990814208984
1.42,0,474.8359112739563
1.5,0,474.8539152145386
1.59,0,474.8699185848236
1.68,0,474.8874306678772
1.77,0,474.9044580459595
1.87,0,474.9209339618683
1.87,0,474.9377233982086
1.97,0,474.9541871547699
2.08,-1,474.9711928367615
2.19,-1,474.9882581233978
2.31,-1,475.0055477619171
2.43,-1,475.0226950645447
2.55,-1,475.0396988391876
2.55,-1,475.05570244789124
2.68,-1,475.07329630851746
2.82,-1,475.0903000831604
2.96,-1,475.10630440711975
3.1,-1,475.1233072280884
3.24,-1,475.139310836792
3.24,-1,475.1564724445343
3.37,-1,475.17347621917725
3.5,-1,475.190021276474
3.63,-1,475.2070167064667
3.75,-1,475.2240192890167
0.0,1,475.47323298454285
0.0,1,475.4902367591858
0.01,1,475.5072410106659
0.02,1,475.524245262146
0.04,1,475.5412480831146
0.04,1,475.5582523345947
0.06,1,475.5752558708191
0.09,1,475.5922598838806
0.12,1,475.6092641353607
0.16,1,475.6262676715851
0.19,1,475.6422710418701
0.19,1,475.6592752933502
0.22,1,475.67627906799316
0.27,1,475.69328260421753
0.32,1,475.71028661727905
0.38,1,475.727290391922
0.45,1,475.74429416656494
0.52,0,475.76129841804504
0.52,0,475.77830171585083
0.61,0,475.79530572891235
0.7,0,475.8123092651367
0.79,0,475.8293135166168
0.89,0,475.8463170528412
1.0,0,475.8633210659027
1.11,0,475.88032484054565
1.11,0,475.89732933044434
1.24,0,475.91433215141296
1.38,0,475.93033599853516
1.53,0,475.94734025001526
1.69,0,475.96434330940247
1.85,0,475.981347322464
1.85,0,475.99835443496704
1.99,0,476.01535749435425
2.13,0,476.0323612689972
2.27,-1,476.04896092414856
2.41,-1,476.0659646987915
2.54,-1,476.08296823501587
2.54,-1,476.0989718437195
2.66,-1,476.1159756183624
2.78,-1,476.1329789161682
2.89,-1,476.14898347854614
3.0,-1,476.16598773002625
3.1,-1,476.1829912662506
3.2,-1,476.19999408721924
3.2,-1,476.21599817276
3.3,-1,476.2330024242401
3.39,-1,476.2500054836273
3.48,-1,476.2670102119446
3.56,-1,476.28401374816895
3.64,-1,476.3010175228119
3.64,-1,476.3170208930969
3.7,-1,476.33502531051636
0.0,1,476.5801270008087
0.0,1,476.5971336364746
0.0,1,476.61413764953613
0.01,1,476.6311421394348
0.02,1,476.64814496040344
0.03,1,476.6651487350464
0.04,1,476.6821529865265
0.04,1,476.69915652275085
0.06,1,476.7161602973938
0.07,1,476.7331647872925
0.09,1,476.7501678466797
0.12,1,476.76717162132263
0.14,1,476.7841749191284
0.17,1,476.80091071128845
0.17,1,476.81691431999207
0.2,1,476.83391857147217
0.23,1,476.8509225845337
0.26,1,476.8679256439209
0.3,1,476.8839294910431
0.34,1,476.9009335041046
0.34,1,476.91793727874756
0.38,1,476.93494057655334
0.42,1,476.9509446620941
0.47,1,476.96794867515564
0.52,0,476.98495221138
0.57,0,477.00195598602295
0.57,0,477.01795959472656
0.63,0,477.0349633693695
0.69,0,477.0519678592682
0.75,0,477.06897139549255
0.81,0,477.084974527359
0.87,0,477.10198307037354
0.87,0,477.1189868450165
0.94,0,477.1359894275665
1.01,0,477.1529939174652
1.09,0,477.169997215271
1.17,0,477.18700194358826
1.25,0,477.2040638923645
1.34,0,477.2215118408203
1.34,0,477.2370719909668
1.44,0,477.2550754547119
1.54,0,477.2720787525177
1.64,0,477.2890830039978
1.74,0,477.30608654022217
1.84,0,477.32309103012085
1.93,0,477.34009408950806
1.93,0,477.3570992946625
2.01,-1,477.3741021156311
2.09,-1,477.3911089897156
2.17,-1,477.4081130027771
2.24,-1,477.42511653900146
2.31,-1,477.44212102890015
2.31,-1,477.45912504196167
2.38,-1,477.4761281013489
2.45,-1,477.49213218688965
2.52,-1,477.5091361999512
2.6,-1,477.5261399745941
2.68,-1,477.5433089733124
2.76,-1,477.5599904060364
2.76,-1,477.57699370384216
2.85,-1,477.5940008163452
2.94,-1,477.61100459098816
3.03,-1,477.6280086040497
3.12,-1,477.6450126171112
3.21,-1,477.6620149612427
3.21,-1,477.6780185699463
3.29,-1,477.69502234458923
3.37,-1,477.71202659606934
0.0,1,477.95009875297546
0.0,1,477.96609020233154
0.01,1,477.98309445381165
0.01,1,478.0000982284546
0.01,1,478.01610112190247
0.02,1,478.03310537338257
0.03,1,478.0501091480255
0.05,1,478.0661127567291
0.06,1,478.0831172466278
0.08,1,478.10012006759644
0.08,1,478.1161231994629
0.1,1,478.13412714004517
0.12,1,478.15013122558594
0.13,1,478.16713547706604
0.15,1,478.18313932418823
0.17,1,478.200142621994
0.17,1,478.21614623069763
0.2,1,478.23315048217773
0.21,1,478.2501542568207
0.23,1,478.26715779304504
0.24,1,478.28416204452515
0.24,1,478.30116605758667
0.24,1,478.31716871261597
0.23,1,478.33417320251465
0.21,1,478.3511772155762
0.18,1,478.3681809902191
0.14,1,478.3851845264435
0.09,1,478.40218782424927
0.09,1,478.4191925525665
0.03,1,478.43619561195374
-0.03,1,478.4521987438202
-0.1,1,478.4692029953003
-0.17,1,478.48620676994324
-0.26,1,478.50321078300476
-0.26,1,478.5192141532898
-0.36,1,478.5362181663513
-0.47,1,478.5532224178314
-0.58,0,478.5702257156372
-0.7,0,478.5872292518616
-0.81,0,478.6042332649231
-0.92,0,478.6212377548218
-0.92,0,478.6382417678833
-1.02,0,478.65524530410767
-1.13,0,478.67224884033203
-1.23,0,478.68825244903564
-1.34,0,478.7051947116852
-1.45,0,478.72219920158386
-1.45,0,478.7382016181946
-1.55,0,478.75620675086975
-1.65,0,478.7722096443176
-1.75,0,478.7892141342163
-1.84,0,478.80621695518494
-1.94,0,478.82322096824646
-2.05,0,478.8402247428894
-2.05,0,478.8562295436859
-2.18,0,478.8742320537567
-2.31,-1,478.8902506828308
-2.45,-1,478.9072439670563
-2.6,-1,478.9242470264435
-2.75,-1,478.94125151634216
-2.75,-1,478.95825600624084
-2.91,-1,478.97525930404663
-3.06,-1,478.9922671318054
-3.21,-1,479.0092706680298
-3.35,-1,479.0262749195099
-3.51,-1,479.04300832748413
-3.67,-1,479.0600118637085
-3.67,-1,479.0760645866394
-3.84,-1,479.09306836128235
-4.0,-1,479.11007285118103
-4.16,-1,479.1270754337311
-4.32,-1,479.1440839767456
0.0,1,479.3727340698242
0.0,1,479.38873314857483
0.01,1,479.4052426815033
0.01,1,479.4222466945648
0.01,1,479.4392499923706
0.02,1,479.45625352859497
0.03,1,479.4733052253723
0.05,1,479.49058294296265
0.06,1,479.5065839290619
0.08,1,479.52357816696167
0.1,1,479.5402798652649
0.1,1,479.55722641944885
0.13,1,479.57435965538025
0.15,1,479.5903477668762
0.18,1,479.60734462738037
0.21,1,479.624347448349
0.24,1,479.6413516998291
0.24,1,479.65735507011414
0.28,1,479.6743583679199
0.32,1,479.69136238098145
0.36,1,479.7083661556244
0.4,1,479.7253701686859
0.45,1,479.74237394332886
0.45,1,479.7593779563904
0.5,0,479.77638149261475
0.55,0,479.79338550567627
0.6,0,479.81040120124817
0.66,0,479.82740569114685
0.71,0,479.84394431114197
0.77,0,479.8609125614166
0.77,0,479.87791633605957
0.82,0,479.8949193954468
0.88,0,479.9119236469269
0.93,0,479.9279272556305
0.99,0,479.9449305534363
1.05,0,479.96181559562683
1.05,0,479.9788191318512
1.12,0,479.995822429657
1.19,0,480.0125741958618
1.26,0,480.0295774936676
1.33,0,480.04616618156433
1.4,0,480.06317043304443
1.48,0,480.0801737308502
1.48,0,480.09717774391174
1.56,0,480.11418080329895
1.64,0,480.1311857700348
1.72,0,480.1482050418854
1.81,0,480.1652088165283
1.9,0,480.1822142601013
1.9,0,480.1982367038727
1.99,-1,480.21524000167847
2.08,-1,480.23224425315857
2.18,-1,480.2492470741272
2.28,-1,480.2662513256073
2.39,-1,480.28325510025024
2.5,-1,480.30025839805603
2.5,-1,480.31726336479187
2.61,-1,480.3342661857605
2.73,-1,480.35027050971985
2.85,-1,480.3672745227814
2.97,-1,480.38427805900574
3.09,-1,480.4010603427887
3.09,-1,480.41810870170593
3.22,-1,480.43511152267456
3.35,-1,480.4521155357361
3.48,-1,480.4691195487976
3.63,-1,480.48612332344055
0.0,1,480.7151827812195
0.0,1,480.73218846321106
0.01,1,480.7491919994354
0.02,1,480.7661955356598
0.04,1,480.7831997871399
0.06,1,480.80020689964294
0.06,1,480.8172113895416
0.09,1,480.834214925766
0.12,1,480.850218296051
0.16,1,480.8672215938568
0.2,1,480.8842258453369
0.24,1,480.90123081207275
0.24,1,480.91823387145996
0.28,1,480.93523716926575
0.32,1,480.9522409439087
0.35,1,480.96824526786804
0.38,1,480.98524832725525
0.41,1,481.00125312805176
0.41,1,481.01825642585754
0.43,1,481.0352599620819
0.44,1,481.05206274986267
0.45,1,481.0680661201477
0.46,1,481.08506965637207
0.46,1,481.1020736694336
0.46,1,481.1190769672394
0.45,1,481.1360807418823
0.44,1,481.15208435058594
0.43,1,481.16908836364746
0.42,1,481.18609261512756
0.41,1,481.20309567451477
0.39,1,481.2200999259949
0.39,1,481.2371039390564
0.37,1,481.2547962665558
0.34,1,481.27150988578796
0.31,1,481.28811955451965
0.28,1,481.3041253089905
0.24,1,481.32139229774475
0.24,1,481.33813285827637
0.2,1,481.35517954826355
0.15,1,481.3714122772217
0.1,1,481.38830399513245
0.04,1,481.4053077697754
-0.01,1,481.42231154441833
-0.01,1,481.4394145011902
-0.05,1,481.4564344882965
-0.11,1,481.4724385738373
-0.17,1,481.48996686935425
-0.25,1,481.50596284866333
-0.33,1,481.5229663848877
-0.41,1,481.53996992111206
-0.41,1,481.5569739341736
-0.52,1,481.5739777088165
-0.63,1,481.5904369354248
-0.75,1,481.60742807388306
-0.86,1,481.6244328022003
-0.97,0,481.64144015312195
-0.97,0,481.6584424972534
-1.05,0,481.6754472255707
-1.13,0,481.6914551258087
-1.21,0,481.7084586620331
-1.27,0,481.7254626750946
-1.33,0,481.74246621131897
-1.37,0,481.7594699859619
-1.37,0,481.77647399902344
-1.41,0,481.7931275367737
-1.44,0,481.8101317882538
-1.46,0,481.82713532447815
-1.49,0,481.8441393375397
-1.51,0,481.8611435890198
-1.51,0,481.878146648407
-1.53,0,481.8951504230499
-1.55,0,481.91215419769287
-1.57,0,481.9291579723358
-1.58,0,481.9454433917999
-1.59,0,481.96244740486145
-1.6,0,481.9794509410858
-1.6,0,481.9954550266266
-1.61,0,482.0134587287903
-1.61,0,482.0294623374939
-1.62,0,482.0465519428253
-1.62,0,482.06355595588684
-1.61,0,482.0805592536926
-1.61,0,482.0965631008148
-1.61,0,482.1135678291321
-1.6,0,482.130574464798
-1.59,0,482.146577835083
-1.58,0,482.16358160972595
-1.57,0,482.18058919906616
-1.57,0,482.19759726524353
-1.57,0,482.2146008014679
-1.56,0,482.231605052948
-1.55,0,482.2486090660095
-1.53,0,482.26561307907104
-1.52,0,482.2816159725189
-1.52,0,482.29874753952026
-1.51,0,482.3157515525818
-1.5,0,482.33275508880615
-1.49,0,482.3488280773163
-1.49,0,482.36583185195923
-1.5,0,482.3828353881836
-1.5,0,482.399076461792
-1.5,0,482.41600918769836
-1.51,0,482.43301248550415
-1.53,0,482.4500162601471
-1.55,0,482.46702122688293
-1.57,0,482.48402404785156
-1.6,0,482.5010299682617
-1.6,0,482.51703453063965
-1.64,0,482.5340278148651
-1.68,0,482.55103158950806
-1.72,0,482.56703543663025
-1.77,0,482.5840392112732
-1.82,-1,482.60104298591614
-1.82,-1,482.6180467605591
-1.88,-1,482.6348543167114
-1.95,-1,482.6518585681915
-2.01,-1,482.6688618659973
-2.09,-1,482.68586564064026
-2.16,-1,482.7023892402649
-2.16,-1,482.7183930873871
-2.25,-1,482.7355766296387
-2.35,-1,482.75216841697693
-2.45,-1,482.7691731452942
-2.56,-1,482.78617668151855
-2.67,-1,482.8031804561615
-2.77,-1,482.8201835155487
-2.77,-1,482.8370578289032
-2.87,-1,482.8540618419647
-2.96,-1,482.8715887069702
-3.05,-1,482.88806986808777
-3.14,-1,482.9050738811493
0.0,1,483.1683783531189
-0.01,1,483.1853823661804
-0.02,1,483.2025053501129
-0.02,1,483.2185089588165
-0.06,1,483.23608469963074
-0.1,1,483.2530884742737
-0.14,1,483.27009296417236
-0.2,1,483.28709650039673
-0.26,1,483.3040735721588
-0.34,1,483.3210780620575
-0.34,1,483.33708095550537
-0.42,1,483.35483622550964
-0.52,0,483.37122416496277
-0.62,0,483.38809180259705
-0.74,0,483.4050967693329
-0.86,0,483.42261147499084
-0.86,0,483.4391188621521
-0.99,0,483.4561221599579
-1.14,0,483.47412610054016
-1.29,0,483.48912930488586
-1.45,0,483.5061333179474
-1.61,0,483.52265334129333
-1.61,0,483.5391628742218
-1.76,0,483.55616664886475
-1.91,0,483.5731701850891
-2.06,0,483.59017419815063
-2.21,-1,483.60717821121216
-2.36,-1,483.6241979598999
-2.5,-1,483.6412012577057
-2.5,-1,483.65720558166504
-2.64,-1,483.6742088794708
-2.78,-1,483.6912124156952
-2.91,-1,483.7082169055939
-3.05,-1,483.72523260116577
-3.18,-1,483.74223709106445
-3.18,-1,483.75899362564087
-3.3,-1,483.77599692344666
-3.42,-1,483.792001247406
-3.53,-1,483.80900478363037
-3.64,-1,483.82600927352905
-3.75,-1,483.84301257133484
-3.85,-1,483.8600163459778
0.0,1,484.1051652431488
-0.01,1,484.1219425201416
-0.01,1,484.1381974220276
-0.03,1,484.15495109558105
-0.06,1,484.17199993133545
-0.09,1,484.1889576911926
-0.1,1,484.20496106147766
-0.13,1,484.2219650745392
-0.13,1,484.2389690876007
-0.17,1,484.2559726238251
-0.22,1,484.2719762325287
-0.27,1,484.28898000717163
-0.34,1,484.30599451065063
-0.41,1,484.3229899406433
-0.49,1,484.33999395370483
-0.49,1,484.35699820518494
-0.58,0,484.37400221824646
-0.69,0,484.3910059928894
-0.8,0,484.40700912475586
-0.92,0,484.4240128993988
-1.05,0,484.44101667404175
-1.05,0,484.45802092552185
-1.19,0,484.47502422332764
-1.33,0,484.492027759552
-1.47,0,484.5090322494507
-1.62,0,484.5260360240936
-1.78,0,484.54304003715515
-1.95,0,484.5600440502167
-1.95,0,484.57704734802246
-2.14,0,484.59405159950256
-2.31,-1,484.61105465888977
-2.48,-1,484.6270589828491
-2.64,-1,484.6440625190735
-2.79,-1,484.66106629371643
-2.79,-1,484.6770701408386
-2.94,-1,484.69407415390015
-3.08,-1,484.7110786437988
-3.21,-1,484.7280819416046
-3.34,-1,484.7450852394104
-3.47,-1,484.7620892524719
-3.47,-1,484.77909231185913
-3.59,-1,484.79609656333923
-3.71,-1,484.8131012916565
-3.82,-1,484.8301043510437
-3.93,-1,484.8461072444916
0.0,1,485.0952024459839
0.0,1,485.11220622062683
-0.01,1,485.1292097568512
-0.02,1,485.1462137699127
-0.04,1,485.1632695198059
-0.06,1,485.18027329444885
-0.06,1,485.19627714157104
-0.09,1,485.2132806777954
-0.12,1,485.2302851676941
-0.16,1,485.24730944633484
-0.2,1,485.2633125782013
-0.23,1,485.2803165912628
-0.23,1,485.29732036590576
-0.27,1,485.31432461738586
-0.31,1,485.3303277492523
-0.36,1,485.34705781936646
-0.41,1,485.364061832428
-0.47,1,485.3810656070709
-0.47,1,485.39806938171387
-0.52,0,485.41507267951965
-0.58,0,485.43207716941833
-0.64,0,485.44908118247986
-0.7,0,485.4660847187042
-0.77,0,485.48308849334717
-0.84,0,485.5000922679901
-0.84,0,485.5160958766937
-0.92,0,485.53309965133667
-1.0,0,485.5501036643982
-1.08,0,485.56710720062256
-1.15,0,485.5841109752655
-1.22,0,485.60112714767456
-1.22,0,485.6171317100525
-1.31,0,485.63413548469543
-1.38,0,485.6511392593384
-1.45,0,485.6681432723999
-1.52,0,485.68514680862427
-1.6,0,485.7021505832672
-1.6,0,485.71815752983093
-1.68,0,485.7351610660553
-1.77,0,485.7521650791168
-1.86,0,485.7691683769226
-1.96,0,485.78617215156555
-2.06,-1,485.80298686027527
-2.18,-1,485.819712638855
-2.18,-1,485.8357164859772
-2.3,-1,485.85338711738586
-2.44,-1,485.87039136886597
-2.58,-1,485.8873941898346
-2.74,-1,485.90439891815186
-2.9,-1,485.92164397239685
-2.9,-1,485.938405752182
-3.07,-1,485.9550304412842
-3.26,-1,485.9720342159271
-3.45,-1,485.9895508289337
-3.65,-1,486.0060591697693
-3.86,-1,486.02266788482666
-4.07,-1,486.0396718978882
0.0,1,486.28420853614807
-0.01,1,486.3012125492096
-0.01,1,486.3172152042389
-0.02,1,486.33421897888184
-0.02,1,486.35122323036194
-0.02,1,486.36822748184204
-0.04,1,486.38523030281067
-0.06,1,486.40223455429077
-0.06,1,486.41823744773865
-0.1,1,486.4362425804138
-0.15,1,486.45224595069885
-0.2,1,486.46924901008606
-0.25,1,486.4862525463104
-0.29,1,486.50225734710693
-0.29,1,486.51926136016846
-0.35,1,486.53626441955566
-0.42,1,486.55226850509644
-0.48,1,486.5692718029022
-0.56,0,486.5862762928009
-0.63,0,486.6032793521881
-0.72,0,486.62028551101685
-0.72,0,486.63628673553467
-0.8,0,486.65329027175903
-0.88,0,486.6702947616577
-0.94,0,486.6872978210449
-1.0,0,486.70397543907166
-1.06,0,486.720978975296
-1.06,0,486.7379834651947
-1.09,0,486.75507831573486
-1.12,0,486.7719910144806
-1.14,0,486.78899455070496
-1.15,0,486.80532693862915
-1.16,0,486.8220019340515
-1.16,0,486.83800625801086
-1.17,0,486.855122089386
-1.19,0,486.8720135688782
-1.2,0,486.8890173435211
-1.21,0,486.9060208797455
-1.2,0,486.92202496528625
-1.2,0,486.9390289783478
-1.19,0,486.95603227615356
-1.19,0,486.9730360507965
-1.19,0,486.990510225296
-1.18,0,487.00750041007996
-1.17,0,487.02450370788574
-1.15,0,487.04101157188416
-1.15,0,487.0580155849457
-1.15,0,487.07502007484436
-1.16,0,487.09114694595337
-1.18,0,487.1081511974335
-1.2,0,487.12515473365784
-1.23,0,487.14115929603577
-1.23,0,487.1581621170044
-1.28,0,487.17516589164734
-1.34,0,487.192174911499
-1.4,-1,487.20917773246765
-1.47,-1,487.2261817455292
-1.54,-1,487.2431857585907
-1.54,-1,487.25918889045715
-1.59,-1,487.27619338035583
-1.63,-1,487.2932040691376
-1.67,-1,487.3102068901062
-1.7,-1,487.32721066474915
-1.72,-1,487.34421467781067
-1.74,-1,487.36121797561646
-1.74,-1,487.37822246551514
-1.77,-1,487.3949556350708
-1.81,-1,487.4119601249695
-1.85,-1,487.42896366119385
-1.89,-1,487.4459671974182
-1.94,-1,487.46297097206116
-1.99,-1,487.47997522354126
-1.99,-1,487.4969789981842
-2.05,-1,487.51398229599
-2.12,-1,487.5299859046936
-2.18,-1,487.5469901561737
-2.26,-1,487.56399393081665
0.0,1,487.81776571273804
0.0,1,487.83476972579956
-0.01,1,487.85177302360535
-0.02,1,487.86777687072754
-0.04,1,487.88477993011475
-0.06,1,487.90078353881836
-0.06,1,487.91778779029846
-0.1,1,487.93479180336
-0.15,1,487.951872587204
-0.21,1,487.9688756465912
-0.27,1,487.9848794937134
-0.34,1,488.0018835067749
-0.34,1,488.01888728141785
-0.43,1,488.0358910560608
-0.53,0,488.05289673805237
-0.63,0,488.068900346756
-0.74,0,488.08590388298035
-0.86,0,488.10290908813477
-0.99,0,488.1199119091034
-0.99,0,488.13591504096985
-1.13,0,488.1539189815521
-1.28,0,488.1699228286743
-1.44,0,488.18741750717163
-1.6,0,488.20392894744873
-1.77,0,488.2209324836731
-1.77,0,488.23776364326477
-1.96,0,488.2543959617615
-2.14,0,488.27139949798584
-2.34,-1,488.28740668296814
-2.53,-1,488.3050353527069
-2.73,-1,488.321414232254
-2.73,-1,488.3384187221527
-2.94,-1,488.35456466674805
-3.16,-1,488.37207555770874
-3.39,-1,488.3890788555145
-3.63,-1,488.40608263015747
-3.87,-1,488.4230856895447
-3.87,-1,488.4390904903412
-4.13,-1,488.45610332489014
-4.4,-1,488.47310066223145
-4.67,-1,488.4891035556793
0.0,1,488.7592132091522
0.0,1,488.7762176990509
-0.01,1,488.79221963882446
-0.02,1,488.8092243671417
-0.04,1,488.8262286186218
-0.06,1,488.8432319164276
-0.08,1,488.8602364063263
-0.08,1,488.87724018096924
-0.12,1,488.8942437171936
-0.16,1,488.91124749183655
-0.2,1,488.9282510280609
-0.25,1,488.9452545642853
-0.31,1,488.96226692199707
-0.31,1,488.97927069664
-0.37,1,488.99627470970154
-0.44,1,489.01327753067017
-0.51,0,489.03028178215027
-0.59,0,489.04728603363037
-0.67,0,489.0642898082733
-0.75,0,489.08129358291626
-0.75,0,489.0982973575592
-0.84,0,489.1153018474579
-0.94,0,489.13230538368225
-1.04,0,489.14930868148804
-1.15,0,489.1663134098053
-1.26,0,489.1833164691925
-1.38,0,489.20232009887695
-1.38,0,489.21932435035706
-1.5,0,489.2353277206421
-1.63,0,489.25233125686646
-1.76,0,489.26833605766296
-1.9,0,489.28433895111084
-2.04,0,489.30034255981445
-2.04,0,489.31734585762024
-2.18,-1,489.3343496322632
-2.34,-1,489.3513538837433
-2.49,-1,489.3673572540283
-2.65,-1,489.3843615055084
-2.82,-1,489.40037751197815
-2.82,-1,489.41738200187683
-3.0,-1,489.4343852996826
-3.2,-1,489.4513895511627
-3.4,-1,489.46839332580566
-3.6,-1,489.4853971004486
-3.81,-1,489.50240087509155
-3.81,-1,489.51840448379517
-4.03,-1,489.53540802001953
-4.26,-1,489.55241227149963
-4.49,-1,489.5694160461426
0.0,1,489.8299067020416
-0.01,1,489.8469262123108
-0.02,1,489.8629295825958
-0.05,1,489.87993335723877
-0.05,1,489.8959376811981
-0.09,1,489.91294145584106
-0.14,1,489.9299440383911
-0.19,1,489.9469487667084
-0.26,1,489.96355080604553
-0.33,1,489.98055481910706
-0.33,1,489.99706387519836
-0.42,1,490.0140676498413
-0.51,0,490.03107213974
-0.62,0,490.04807567596436
-0.73,0,490.0650794506073
-0.85,0,490.0820827484131
-0.85,0,490.09808683395386
-0.98,0,490.1150941848755
-1.13,0,490.132098197937
-1.28,0,490.14810252189636
-1.44,0,490.16496419906616
-1.61,0,490.1819667816162
-1.61,0,490.19897174835205
-1.79,0,490.21598076820374
-1.98,0,490.2329833507538
-2.18,0,490.24898743629456
-2.39,-1,490.2660300731659
-2.61,-1,490.28303384780884
-2.83,-1,490.3000385761261
-2.83,-1,490.3165702819824
-3.07,-1,490.3330795764923
-3.32,-1,490.35009932518005
-3.57,-1,490.367089509964
-3.82,-1,490.38309359550476
-4.08,-1,490.40011167526245
-4.08,-1,490.4171040058136
-4.36,-1,490.43410754203796
-4.63,-1,490.45111298561096
0.0,1,490.7199590206146
0.0,1,490.73595333099365
-0.02,1,490.75295543670654
-0.04,1,490.7699592113495
-0.07,1,490.786963224411
-0.11,1,490.8039810657501
-0.16,1,490.8209843635559
-0.16,1,490.83698892593384
-0.21,1,490.8548541069031
-0.28,1,490.8714973926544
-0.35,1,490.88800024986267
-0.42,1,490.90518403053284
-0.51,0,490.92200756073
-0.51,0,490.9390118122101
-0.61,0,490.9560146331787
-0.72,0,490.9730188846588
-0.84,0,490.99002265930176
-0.97,0,491.00602650642395
-1.1,0,491.02302980422974
-1.24,0,491.04003405570984
-1.24,0,491.05703806877136
-1.4,0,491.073926448822
-1.57,0,491.09092926979065
-1.74,0,491.107887506485
-1.92,0,491.1236138343811
-2.11,0,491.14167046546936
-2.11,0,491.15669775009155
-2.32,-1,491.1747009754181
-2.53,-1,491.1919412612915
-2.75,-1,491.20795035362244
-2.98,-1,491.22498321533203
-3.22,-1,491.2419927120209
-3.22,-1,491.25799775123596
-3.48,-1,491.27500438690186
-3.74,-1,491.2920105457306
-4.01,-1,491.3090167045593
-4.28,-1,491.3249385356903
-4.56,-1,491.34194254875183
0.0,1,491.6093566417694
0.0,1,491.6260755062103
-0.01,1,491.64289832115173
-0.02,1,491.6599018573761
-0.02,1,491.675904750824
-0.04,1,491.6929097175598
-0.07,1,491.70991349220276
-0.1,1,491.7264213562012
-0.13,1,491.7434482574463
-0.16,1,491.76045298576355
-0.16,1,491.7770366668701
-0.21,1,491.793732881546
-0.26,1,491.8107371330261
-0.31,1,491.8272888660431
-0.36,1,491.843816280365
-0.42,1,491.86082124710083
-0.42,1,491.87782430648804
-0.49,1,491.89496397972107
-0.56,0,491.91096687316895
-0.64,0,491.92796993255615
-0.72,0,491.94497418403625
-0.8,0,491.9619777202606
-0.8,0,491.97798132896423
-0.9,0,491.9949851036072
-0.99,0,492.0119905471802
-1.09,0,492.0289945602417
-1.2,0,492.04599809646606
-1.3,0,492.0630021095276
-1.42,0,492.08000588417053
-1.42,0,492.09700989723206
-1.54,0,492.11401295661926
-1.66,0,492.13132095336914
-1.79,0,492.1473150253296
-1.92,0,492.1643183231354
-2.06,0,492.1807949542999
-2.06,0,492.1977984905243
-2.2,-1,492.21480226516724
-2.35,-1,492.2308053970337
-2.5,-1,492.2478098869324
-2.66,-1,492.2648136615753
-2.82,-1,492.28178191185
-2.82,-1,492.2987759113312
-2.98,-1,492.3157801628113
-3.16,-1,492.3327844142914
-3.34,-1,492.34946179389954
-3.52,-1,492.3664655685425
-3.72,-1,492.3834686279297
-3.92,-1,492.3994731903076
-3.92,-1,492.416476726532
-4.13,-1,492.4334805011749
-4.34,-1,492.44948387145996
0.0,1,492.70941829681396
0.0,1,492.7264361381531
-0.01,1,492.74314427375793
-0.02,1,492.76014828681946
-0.02,1,492.777152299881
-0.04,1,492.7941560745239
-0.07,1,492.81015944480896
-0.1,1,492.8271632194519
-0.13,1,492.8441672325134
-0.16,1,492.86117148399353
-0.16,1,492.8781752586365
-0.21,1,492.8951783180237
-0.26,1,492.9111819267273
-0.31,1,492.92818570137024
-0.37,1,492.94518995285034
-0.44,1,492.9621932506561
-0.44,1,492.97919726371765
-0.52,0,492.9962010383606
-0.61,0,493.01320719718933
-0.71,0,493.03020882606506
-0.82,0,493.04722595214844
-0.94,0,493.06422996520996
-1.06,0,493.0812346935272
-1.06,0,493.0972375869751
-1.2,0,493.1152415275574
-1.35,0,493.1312448978424
-1.5,0,493.14825081825256
-1.66,0,493.16425251960754
-1.83,0,493.18125653266907
-1.83,0,493.1982605457306
-2.0,0,493.21526432037354
-2.18,0,493.2322678565979
-2.36,-1,493.24927139282227
-2.54,-1,493.2662751674652
-2.73,-1,493.2832796573639
-2.92,-1,493.3002827167511
-2.92,-1,493.31684947013855
-3.12,-1,493.3338532447815
-3.33,-1,493.35045075416565
-3.55,-1,493.3674545288086
-3.77,-1,493.3844587802887
-4.0,-1,493.40046215057373
-4.0,-1,493.4174659252167
-4.25,-1,493.4344699382782
-4.51,-1,493.45147371292114
0.0,1,493.71107006073
-0.01,1,493.72807359695435
-0.02,1,493.7520959377289
-0.05,1,493.7660982608795
-0.05,1,493.78010177612305
-0.09,1,493.79611921310425
-0.14,1,493.8128113746643
-0.19,1,493.8298149108887
-0.26,1,493.84662342071533
-0.33,1,493.86362767219543
-0.41,1,493.87963104248047
-0.41,1,493.89663791656494
-0.5,1,493.91364216804504
-0.61,0,493.930645942688
-0.72,0,493.9476499557495
-0.84,0,493.96465373039246
-0.97,0,493.98165798187256
-0.97,0,493.99816823005676
-1.11,0,494.0151722431183
-1.26,0,494.0321755409241
-1.42,0,494.0491795539856
-1.59,0,494.06618332862854
-1.76,0,494.0831868648529
-1.94,0,494.10019063949585
-1.94,0,494.1161940097809
-2.13,0,494.1330735683441
-2.32,-1,494.15007638931274
-2.52,-1,494.16638445854187
-2.72,-1,494.1832399368286
-2.91,-1,494.2002499103546
-2.91,-1,494.21724581718445
-3.12,-1,494.2342486381531
-3.32,-1,494.2512526512146
-3.54,-1,494.2682569026947
-3.76,-1,494.28490257263184
-3.98,-1,494.30190777778625
-3.98,-1,494.3179099559784
-4.23,-1,494.3349139690399
-4.48,-1,494.35091829299927
0.0,1,494.6109924316406
-0.01,1,494.62799549102783
-0.02,1,494.64499855041504
-0.05,1,494.6620032787323
-0.05,1,494.6780068874359
-0.09,1,494.6950104236603
-0.14,1,494.7120144367218
-0.19,1,494.7290186882019
-0.26,1,494.74602222442627
-0.33,1,494.7630262374878
-0.41,1,494.7800295352936
-0.41,1,494.7970335483551
-0.5,1,494.81403827667236
-0.61,0,494.83004093170166
-0.72,0,494.847044467926
-0.84,0,494.86404848098755
-0.97,0,494.88105273246765
-0.97,0,494.8980565071106
-1.11,0,494.9150598049164
-1.25,0,494.93206429481506
-1.4,0,494.94906854629517
-1.56,0,494.9660713672638
-1.72,0,494.9830756187439
-1.88,0,495.0000789165497
-1.88,0,495.0170829296112
-2.06,0,495.03408646583557
-2.23,-1,495.0506432056427
-2.41,-1,495.06764674186707
-2.6,-1,495.08465123176575
-2.78,-1,495.10167360305786
-2.78,-1,495.12076711654663
-2.98,-1,495.13878417015076
-3.19,-1,495.15282821655273
-3.4,-1,495.1688497066498
-3.62,-1,495.18586921691895
-3.84,-1,495.2019159793854
-3.84,-1,495.21892070770264
-4.08,-1,495.2359719276428
-4.32,-1,495.2529842853546
-4.57,-1,495.2689917087555
0.0,1,495.53295826911926
0.0,1,495.54996156692505
0.01,1,495.566965341568
0.01,1,495.58296966552734
0.02,1,495.5999732017517
0.02,1,495.61697721481323
0.03,1,495.63398027420044
0.05,1,495.65098452568054
0.06,1,495.6669878959656
0.08,1,495.6839919090271
0.1,1,495.70099997520447
0.1,1,495.7170033454895
0.12,1,495.7350072860718
0.15,1,495.75101041793823
0.18,1,495.7680141925812
0.2,1,495.78501868247986
0.22,1,495.8020226955414
0.22,1,495.8180260658264
0.24,1,495.8350296020508
0.25,1,495.8520338535309
0.26,1,495.8690378665924
0.28,1,495.88504099845886
0.28,1,495.90204548835754
0.28,1,495.91804814338684
0.28,1,495.93505215644836
0.27,1,495.952677488327
0.25,1,495.96968126296997
0.23,1,495.98668479919434
0.2,1,496.0026886463165
0.2,1,496.01869225502014
0.16,1,496.0366966724396
0.12,1,496.0527002811432
0.08,1,496.069703578949
0.03,1,496.0867078304291
-0.03,1,496.1027114391327
-0.09,1,496.1197147369385
-0.09,1,496.1367185115814
-0.15,1,496.15372228622437
-0.22,1,496.1697268486023
-0.3,1,496.1867299079895
-0.37,1,496.20373463630676
-0.46,1,496.2197377681732
-0.46,1,496.2367408275604
-0.55,1,496.2537455558777
-0.64,0,496.2707498073578
-0.74,0,496.28675270080566
-0.84,0,496.3037567138672
-0.95,0,496.32076144218445
-0.95,0,496.3367636203766
-1.06,0,496.3539640903473
-1.18,0,496.37096762657166
-1.3,0,496.38786602020264
-1.43,0,496.40556168556213
-1.56,0,496.4218740463257
-1.56,0,496.43788266181946
-1.69,0,496.454886674881
-1.84,0,496.4718909263611
-1.99,0,496.48889565467834
-2.14,0,496.50589776039124
-2.3,0,496.5229022502899
-2.46,-1,496.5399057865143
-2.46,-1,496.5559093952179
-2.63,-1,496.5738458633423
-2.8,-1,496.5905821323395
-2.98,-1,496.60710310935974
-3.16,-1,496.62384700775146
-3.35,-1,496.64064931869507
-3.35,-1,496.6566526889801
-3.55,-1,496.673681974411
-3.75,-1,496.69069957733154
-3.96,-1,496.7076919078827
-4.17,-1,496.72469568252563
-4.38,-1,496.74169516563416
-4.38,-1,496.75869965553284
-4.6,-1,496.77570366859436
0.0,1,497.03349471092224
0.0,1,497.0504984855652
-0.01,1,497.067501783371
-0.03,1,497.0845057964325
-0.05,1,497.10050988197327
-0.05,1,497.1175124645233
-0.08,1,497.13451623916626
-0.11,1,497.1515202522278
-0.14,1,497.1675236225128
-0.18,1,497.18452763557434
-0.23,1,497.2015333175659
-0.23,1,497.2185354232788
-0.28,1,497.23555755615234
-0.32,1,497.251832485199
-0.37,1,497.26883602142334
-0.42,1,497.2858393192291
-0.48,1,497.3028438091278
-0.48,1,497.3188462257385
-0.54,0,497.33585143089294
-0.61,0,497.3528552055359
-0.68,0,497.3688588142395
-0.76,0,497.3863971233368
-0.84,0,497.4023995399475
-0.84,0,497.41840291023254
-0.93,0,497.4359540939331
-1.02,0,497.45254611968994
-1.12,0,497.47016406059265
-1.22,0,497.487167596817
-1.32,0,497.5041718482971
-1.43,0,497.52117562294006
-1.43,0,497.5381796360016
-1.54,0,497.5547733306885
-1.66,0,497.5717763900757
-1.79,0,497.5887801647186
-1.92,0,497.6057846546173
-2.05,0,497.6227877140045
-2.18,-1,497.6397919654846
-2.18,-1,497.6557948589325
-2.33,-1,497.6737995147705
-2.48,-1,497.690331697464
-2.63,-1,497.70732593536377
-2.78,-1,497.72432923316956
-2.95,-1,497.74133253097534
-2.95,-1,497.75733709335327
-3.13,-1,497.77434062957764
-3.31,-1,497.7913444042206
-3.5,-1,497.80834889411926
-3.69,-1,497.8253517150879
-3.89,-1,497.84235548973083
-3.89,-1,497.85892271995544
-4.09,-1,497.87610483169556
-4.3,-1,497.8921091556549
0.0,1,498.1567687988281
0.0,1,498.1733343601227
-0.01,1,498.19070959091187
-0.02,1,498.2068510055542
-0.04,1,498.22362327575684
-0.06,1,498.2406268119812
-0.06,1,498.2566304206848
-0.09,1,498.2736346721649
-0.12,1,498.29063868522644
-0.16,1,498.3076422214508
-0.21,1,498.32464599609375
-0.26,1,498.34164929389954
-0.26,1,498.3576536178589
-0.34,1,498.37467551231384
-0.42,1,498.39169359207153
-0.5,1,498.4086973667145
-0.6,0,498.425701379776
-0.7,0,498.44272017478943
-0.82,0,498.45972442626953
-0.82,0,498.4767282009125
-0.94,0,498.4937491416931
-1.08,0,498.5109417438507
-1.22,0,498.5269455909729
-1.38,0,498.5440058708191
-1.53,0,498.56102204322815
-1.53,0,498.57801508903503
-1.7,0,498.5950186252594
-1.86,0,498.6120264530182
-2.04,0,498.62902879714966
-2.21,0,498.64603638648987
-2.39,-1,498.66304087638855
-2.58,-1,498.68004417419434
-2.58,-1,498.6970477104187
-2.77,-1,498.71405148506165
-2.96,-1,498.7300555706024
-3.16,-1,498.7470591068268
-3.37,-1,498.76406264305115
-3.58,-1,498.7810683250427
-3.58,-1,498.7980706691742
-3.8,-1,498.8150751590729
-4.02,-1,498.8320789337158
-4.25,-1,498.8490824699402
-4.48,-1,498.86608600616455
0.0,1,499.1011600494385
0.0,1,499.1181631088257
-0.01,1,499.1361713409424
-0.02,1,499.1527383327484
-0.04,1,499.1697461605072
-0.06,1,499.1860098838806
-0.08,1,499.20301508903503
-0.11,1,499.2200229167938
-0.11,1,499.23602628707886
-0.14,1,499.2540307044983
-0.18,1,499.2700397968292
-0.23,1,499.2871425151825
-0.29,1,499.3041458129883
-0.35,1,499.32014989852905
-0.35,1,499.3361556529999
-0.43,1,499.35315918922424
-0.52,0,499.37021017074585
-0.61,0,499.3872139453888
-0.71,0,499.4042184352875
-0.81,0,499.42122197151184
-0.81,0,499.43722581863403
-0.92,0,499.4542291164398
-1.03,0,499.4712338447571
-1.16,0,499.4882376194
-1.29,0,499.50524139404297
-1.43,0,499.52249908447266
-1.43,0,499.53824853897095
-1.57,0,499.55561995506287
-1.72,0,499.57253766059875
-1.88,0,499.58825969696045
-2.04,0,499.60545229911804
-2.2,-1,499.6223621368408
-2.2,-1,499.6392707824707
-2.37,-1,499.65627431869507
-2.54,-1,499.67327857017517
-2.72,-1,499.69028210639954
-2.91,-1,499.70728611946106
-3.1,-1,499.7232894897461
-3.29,-1,499.7402939796448
-3.29,-1,499.7562975883484
-3.5,-1,499.77330112457275
-3.71,-1,499.7903051376343
-3.92,-1,499.80730867385864
-4.14,-1,499.8243124485016
-4.36,-1,499.8413166999817
0.0,1,500.10122299194336
0.0,1,500.1182255744934
0.0,1,500.1352307796478
0.01,1,500.15223360061646
0.02,1,500.1682376861572
0.03,1,500.18524193763733
0.04,1,500.20181679725647
0.04,1,500.21882033348083
0.06,1,500.2354853153229
0.07,1,500.2524893283844
0.09,1,500.2694926261902
0.12,1,500.2864966392517
0.14,1,500.30250096321106
0.14,1,500.3185040950775
0.15,1,500.3365080356598
0.15,1,500.3535125255585
0.15,1,500.3705155849457
0.15,1,500.3875198364258
0.16,1,500.404522895813
0.17,1,500.4210321903229
0.17,1,500.4380831718445
0.18,1,500.45508790016174
0.19,1,500.4710907936096
0.19,1,500.488094329834
0.19,1,500.50558972358704
0.19,1,500.52240467071533
0.19,1,500.5381064414978
0.19,1,500.5555114746094
0.19,1,500.5721137523651
0.19,1,500.5891172885895
0.2,1,500.6061210632324
0.21,1,500.6231253147125
0.22,1,500.64012908935547
0.22,1,500.65713238716125
0.23,1,500.67413663864136
0.24,1,500.6911401748657
0.26,1,500.7077786922455
0.28,1,500.72478199005127
0.3,1,500.7417862415314
0.3,1,500.75779032707214
0.34,1,500.7747938632965
0.39,1,500.7917983531952
0.43,0,500.80880069732666
0.49,0,500.8258054256439
0.55,0,500.84280920028687
0.6,0,500.8598129749298
0.6,0,500.87581634521484
0.64,0,500.89282059669495
0.68,0,500.9104311466217
0.7,0,500.9264349937439
0.72,0,500.9434380531311
0.74,0,500.9604573249817
0.74,0,500.9774613380432
0.74,0,500.99446511268616
0.75,0,501.0114815235138
0.77,0,501.0284843444824
0.79,0,501.0454890727997
0.81,0,501.0624930858612
0.85,0,501.07949686050415
0.85,0,501.0965008735657
0.89,0,501.11301279067993
0.94,0,501.13001680374146
1.0,0,501.14702105522156
1.06,0,501.16402411460876
1.12,0,501.18202805519104
1.12,0,501.1990313529968
1.19,0,501.2159204483032
1.27,0,501.23192405700684
1.36,0,501.2489278316498
1.46,0,501.2659316062927
1.56,0,501.2829360961914
1.56,0,501.2989389896393
1.68,-1,501.3159427642822
1.81,-1,501.33194756507874
1.93,-1,501.3500611782074
2.07,-1,501.36605405807495
2.2,-1,501.38305711746216
2.34,-1,501.40033316612244
2.34,-1,501.415899515152
2.49,-1,501.4329035282135
2.64,-1,501.44990730285645
2.8,-1,501.46691155433655
2.96,-1,501.4839143753052
3.13,-1,501.50023460388184
3.13,-1,501.516238451004
3.31,-1,501.5332419872284
3.5,-1,501.5502462387085
3.69,-1,501.5671195983887
0.0,1,501.80143642425537
0.0,1,501.81846618652344
0.01,1,501.835476398468
0.02,1,501.85246443748474
0.04,1,501.8694682121277
0.06,1,501.88547253608704
0.08,1,501.9024760723114
0.11,1,501.92000102996826
0.11,1,501.93551301956177
0.14,1,501.95302295684814
0.18,1,501.9702773094177
0.23,1,501.98728036880493
0.28,1,502.0042848587036
0.33,1,502.02028822898865
0.33,1,502.0362923145294
0.39,1,502.05329608917236
0.45,1,502.07030034065247
0.52,0,502.0873034000397
0.59,0,502.10430693626404
0.67,0,502.12131094932556
0.67,0,502.1383147239685
0.75,0,502.1560068130493
0.84,0,502.1724536418915
0.93,0,502.1893265247345
1.03,0,502.20583391189575
1.13,0,502.2223334312439
1.13,0,502.2383370399475
1.24,0,502.25634121894836
1.35,0,502.2731599807739
1.46,0,502.2901635169983
1.58,0,502.30716729164124
1.71,0,502.3241717815399
1.83,0,502.34118700027466
1.83,0,502.3571832180023
1.96,0,502.37423038482666
2.09,0,502.39123725891113
2.22,-1,502.4085946083069
2.36,-1,502.42521047592163
2.5,-1,502.442214012146
2.5,-1,502.45921778678894
2.63,-1,502.4762227535248
2.75,-1,502.4932255744934
2.86,-1,502.5102291107178
2.97,-1,502.52723264694214
3.06,-1,502.54423666000366
3.15,-1,502.56124114990234
3.15,-1,502.5772442817688
3.22,-1,502.59495759010315
3.29,-1,502.6109793186188
3.35,-1,502.62796783447266
3.42,-1,502.6449625492096
3.49,-1,502.6619715690613
3.49,-1,502.6779751777649
3.56,-1,502.69543838500977
0.0,1,502.9267010688782
0.0,1,502.9435713291168
0.01,1,502.9606845378876
0.01,1,502.97724533081055
0.03,1,502.9936625957489
0.05,1,503.01066637039185
0.07,1,503.02767062187195
0.1,1,503.04467391967773
0.13,1,503.061772108078
0.13,1,503.0787613391876
0.18,1,503.095764875412
0.24,1,503.1117699146271
0.3,1,503.12877225875854
0.37,1,503.145779132843
0.45,1,503.1622860431671
0.45,1,503.17929100990295
0.53,0,503.1957402229309
0.61,0,503.21274518966675
0.7,0,503.2297480106354
0.8,0,503.24675250053406
0.91,0,503.2627556324005
1.03,0,503.27975964546204
1.03,0,503.29676365852356
1.16,0,503.3137671947479
1.3,0,503.33077120780945
1.45,0,503.347775220871
1.6,0,503.36477875709534
1.75,0,503.38178300857544
1.75,0,503.3987865447998
1.89,0,503.41579008102417
2.03,0,503.4327940940857
2.16,0,503.4497981071472
2.28,-1,503.46680188179016
2.39,-1,503.48381757736206
2.49,-1,503.4998209476471
2.49,-1,503.5168251991272
2.58,-1,503.5337679386139
2.66,-1,503.5507740974426
2.73,-1,503.56777572631836
2.8,-1,503.58478021621704
2.85,-1,503.60178422927856
2.85,-1,503.62479186058044
2.91,-1,503.638795375824
2.97,-1,503.6527979373932
3.04,-1,503.6688017845154
3.11,-1,503.68580508232117
3.18,-1,503.702810049057
3.25,-1,503.7198131084442
3.25,-1,503.73624658584595
3.33,-1,503.7532501220703
3.42,-1,503.77025413513184
0.0,1,504.0149245262146
0.0,1,504.03192925453186
0.01,1,504.04793310165405
0.02,1,504.0649366378784
0.04,1,504.0819411277771
0.04,1,504.09840536117554
0.06,1,504.1154124736786
0.09,1,504.13241600990295
0.12,1,504.14841961860657
0.16,1,504.16542744636536
0.2,1,504.18243074417114
0.2,1,504.199435710907
0.25,1,504.21643900871277
0.3,1,504.23244285583496
0.37,1,504.24948501586914
0.44,1,504.2664885520935
0.52,0,504.2825057506561
0.61,0,504.2995090484619
0.61,0,504.31594038009644
0.71,0,504.3329436779022
0.82,0,504.34994745254517
0.94,0,504.3664801120758
1.07,0,504.3834855556488
1.21,0,504.4004900455475
1.21,0,504.41749382019043
1.36,0,504.4344973564148
1.52,0,504.450501203537
1.68,0,504.4675054550171
1.85,0,504.4845118522644
2.02,0,504.50051498413086
2.02,0,504.5175187587738
2.2,0,504.53452372550964
2.39,-1,504.55152702331543
2.58,-1,504.5685303211212
2.77,-1,504.584534406662
2.96,-1,504.6021797657013
2.96,-1,504.6181831359863
3.17,-1,504.6351869106293
3.37,-1,504.65219020843506
3.58,-1,504.6691942214966
3.79,-1,504.68619871139526
4.0,-1,504.70273327827454
4.0,-1,504.7182710170746
4.22,-1,504.7352752685547
4.44,-1,504.751992225647
0.0,1,505.0061275959015
0.0,1,505.0224905014038
0.01,1,505.040007352829
0.01,1,505.05651664733887
0.03,1,505.0735375881195
0.05,1,505.09055638313293
0.07,1,505.10758447647095
0.1,1,505.1245892047882
0.14,1,505.1416132450104
0.14,1,505.1576347351074
0.18,1,505.1746940612793
0.24,1,505.1917407512665
0.3,1,505.2077579498291
0.36,1,505.22428941726685
0.44,1,505.2418792247772
0.44,1,505.2578830718994
0.53,0,505.2748875617981
0.61,0,505.29189109802246
0.71,0,505.3078944683075
0.81,0,505.324898481369
0.91,0,505.34190487861633
0.91,0,505.3579080104828
1.03,0,505.3759124279022
1.15,0,505.3919155597687
1.28,0,505.40891909599304
1.42,0,505.4254274368286
1.56,0,505.4424319267273
1.56,0,505.45843625068665
1.7,0,505.47643971443176
1.85,0,505.49244260787964
2.01,0,505.50944662094116
2.16,0,505.52645087242126
2.33,-1,505.54352164268494
2.49,-1,505.5605254173279
2.49,-1,505.5775294303894
2.67,-1,505.5945327281952
2.86,-1,505.61053681373596
3.05,-1,505.6275408267975
3.25,-1,505.64454436302185
3.45,-1,505.66154861450195
3.45,-1,505.67855191230774
3.65,-1,505.6955554485321
3.86,-1,505.7125599384308
4.07,-1,505.7285635471344
4.29,-1,505.7455675601959
4.51,-1,505.7625710964203
0.0,1,506.01675057411194
0.0,1,506.0337541103363
0.01,1,506.0507583618164
0.01,1,506.0677626132965
0.02,1,506.0847659111023
0.03,1,506.1017692089081
0.03,1,506.11779594421387
0.04,1,506.134304523468
0.06,1,506.15132784843445
0.08,1,506.1684076786041
0.1,1,506.1844198703766
0.13,1,506.2017273902893
0.13,1,506.21823596954346
0.15,1,506.23523926734924
0.18,1,506.25188517570496
0.22,1,506.2688889503479
0.25,1,506.28489327430725
0.29,1,506.3018968105316
0.29,1,506.31890058517456
0.33,1,506.33590483665466
0.38,1,506.3529086112976
0.42,1,506.3699116706848
0.48,1,506.38691568374634
0.53,0,506.4039194583893
0.59,0,506.4209237098694
0.59,0,506.43792724609375
0.65,0,506.4549310207367
0.72,0,506.47238302230835
0.78,0,506.4889385700226
0.86,0,506.5061762332916
0.93,0,506.52294659614563
1.01,0,506.53995060920715
1.01,0,506.5569543838501
1.1,0,506.57395792007446
1.19,0,506.5907747745514
1.29,0,506.60777282714844
1.39,0,506.62377643585205
1.5,0,506.640780210495
1.5,0,506.65678334236145
1.62,0,506.673787355423
1.74,0,506.69079184532166
1.88,0,506.7077956199646
2.01,0,506.7247984409332
2.15,-1,506.74180340766907
2.15,-1,506.75880694389343
2.3,-1,506.77581095695496
2.45,-1,506.7928147315979
2.61,-1,506.8088188171387
2.77,-1,506.8258218765259
2.93,-1,506.8428258895874
3.09,-1,506.8598299026489
3.09,-1,506.8768332004547
3.26,-1,506.89383697509766
3.43,-1,506.91084146499634
3.61,-1,506.92784452438354
3.79,-1,506.9438486099243
3.97,-1,506.96085262298584
3.97,-1,506.98385739326477
4.16,-1,506.99786043167114
0.0,1,507.22818660736084
0.0,1,507.24482917785645
0.01,1,507.261643409729
0.01,1,507.2786474227905
0.01,1,507.29566502571106
0.02,1,507.31215929985046
0.04,1,507.32916355133057
0.05,1,507.34569120407104
0.07,1,507.362694978714
0.07,1,507.37969875335693
0.07,1,507.3967020511627
0.09,1,507.41370677948
0.1,1,507.4307098388672
0.12,1,507.4477140903473
0.13,1,507.4647173881531
0.15,1,507.481721162796
0.15,1,507.4987254142761
0.17,1,507.51572942733765
0.17,1,507.5317327976227
0.17,1,507.5487368106842
0.16,1,507.56574058532715
0.14,1,507.5827441215515
0.12,1,507.5997483730316
0.12,1,507.61575174331665
0.1,1,507.63375544548035
0.08,1,507.65075969696045
0.06,1,507.6677634716034
0.04,1,507.6847674846649
0.03,1,507.70144271850586
0.03,1,507.71844720840454
0.0,1,507.73495721817017
-0.03,1,507.75196075439453
-0.06,1,507.7699134349823
-0.08,1,507.7864239215851
-0.1,1,507.80301451683044
-0.12,1,507.8200180530548
-0.12,1,507.8370223045349
-0.15,1,507.8541314601898
-0.18,1,507.8710403442383
-0.21,1,507.8880445957184
-0.24,1,507.9040505886078
-0.27,1,507.92105627059937
-0.27,1,507.93706011772156
-0.3,1,507.9540638923645
-0.32,1,507.97106981277466
-0.34,1,507.9880735874176
-0.36,1,508.00494289398193
-0.37,1,508.02194690704346
-0.37,1,508.0389506816864
-0.38,1,508.05619406700134
-0.39,1,508.0731244087219
-0.4,1,508.0900294780731
-0.41,1,508.10703802108765
-0.41,1,508.12399911880493
-0.41,1,508.1400077342987
-0.41,1,508.15726709365845
-0.41,1,508.1739499568939
-0.41,1,508.19096755981445
-0.41,1,508.2079613208771
-0.42,1,508.2239646911621
-0.43,1,508.2409682273865
-0.43,1,508.257972240448
-0.43,1,508.27497601509094
-0.43,1,508.29097986221313
-0.43,1,508.30846118927
-0.42,1,508.3249685764313
-0.42,1,508.3423547744751
-0.42,1,508.3593580722809
-0.41,1,508.37591314315796
-0.39,1,508.3925771713257
-0.38,1,508.4095809459686
-0.36,1,508.42658495903015
-0.35,1,508.4425883293152
-0.33,1,508.4595925807953
-0.33,1,508.47659611701965
-0.3,1,508.49359941482544
-0.28,1,508.5106039047241
-0.25,1,508.52760767936707
-0.24,1,508.5446116924286
-0.22,1,508.5606153011322
-0.22,1,508.57761883735657
-0.21,1,508.59462237358093
-0.2,1,508.6116261482239
-0.19,1,508.6276445388794
-0.18,1,508.64464831352234
-0.17,1,508.6616518497467
-0.17,1,508.67765522003174
-0.17,1,508.6946597099304
-0.18,1,508.71166348457336
-0.18,1,508.72855973243713
-0.18,1,508.74556279182434
-0.18,1,508.7615671157837
-0.18,1,508.77857065200806
-0.18,1,508.795574426651
-0.19,1,508.8115785121918
-0.19,0,508.8285822868347
-0.21,0,508.8455855846405
-0.22,0,508.862589597702
-0.23,0,508.87959384918213
-0.23,0,508.89659667015076
-0.26,0,508.913601398468
-0.29,0,508.93060517311096
-0.33,0,508.9476087093353
-0.37,0,508.96461272239685
-0.4,0,508.9816164970398
-0.4,0,508.99962043762207
-0.43,0,509.01462388038635
-0.45,0,509.0316278934479
-0.46,0,509.04863142967224
-0.46,0,509.06563544273376
-0.45,0,509.08263897895813
-0.44,0,509.09964299201965
-0.44,0,509.11764645576477
-0.43,0,509.13465118408203
-0.42,0,509.1506578922272
-0.41,0,509.1666622161865
-0.41,0,509.1836655139923
-0.41,0,509.2006697654724
-0.41,0,509.2166736125946
-0.41,0,509.23367643356323
-0.42,0,509.2512106895447
-0.42,0,509.2682144641876
-0.41,0,509.2852187156677
-0.41,0,509.30222606658936
-0.41,0,509.3192300796509
-0.41,0,509.3362338542938
-0.42,0,509.3527600765228
-0.43,0,509.36976432800293
-0.44,0,509.3867681026459
-0.45,0,509.4037718772888
-0.46,0,509.4207763671875
-0.46,0,509.4367792606354
-0.46,0,509.4537830352783
-0.46,0,509.47078704833984
-0.45,0,509.48779129981995
-0.44,0,509.5037956237793
-0.43,0,509.52079820632935
-0.43,0,509.53780221939087
-0.41,-1,509.55480575561523
-0.39,-1,509.5718092918396
-0.36,-1,509.5888135433197
-0.33,-1,509.6058180332184
-0.29,-1,509.6218214035034
-0.29,-1,509.6388249397278
-0.25,-1,509.65640330314636
-0.19,-1,509.6730833053589
-0.13,-1,509.68983602523804
-0.07,-1,509.70598316192627
-0.01,-1,509.7228434085846
0.04,-1,509.73984837532043
0.04,-1,509.75685143470764
0.08,-1,509.77385449409485
0.13,-1,509.7908594608307
0.18,-1,509.8078627586365
0.23,-1,509.8248665332794
0.28,-1,509.8417649269104
0.28,-1,509.85776829719543
0.33,-1,509.87477254867554
0.38,-1,509.89177560806274
0.42,-1,509.90877985954285
0.46,-1,509.92578411102295
0.49,-1,509.94278717041016
0.53,-1,509.9597909450531
0.53,-1,509.9767954349518
0.58,-1,509.9937992095947
0.64,-1,510.01080322265625
0.71,-1,510.02780652046204
0.77,-1,510.044810295105
0.0,1,510.2948145866394
-0.01,1,510.311322927475
-0.02,1,510.3283267021179
-0.05,1,510.345330953598
-0.08,1,510.3623344898224
-0.08,1,510.3783526420593
-0.13,1,510.39535641670227
-0.18,1,510.4123601913452
-0.25,1,510.42936420440674
-0.32,1,510.4462583065033
-0.4,1,510.4627664089203
-0.4,1,510.4787700176239
-0.5,1,510.49677419662476
-0.6,0,510.51277780532837
-0.71,0,510.52978134155273
-0.83,0,510.54678535461426
-0.96,0,510.5627887248993
-1.1,0,510.5797929763794
-1.1,0,510.59579634666443
-1.25,0,510.61339020729065
-1.41,0,510.6303949356079
-1.58,0,510.64692068099976
-1.75,0,510.663938999176
-1.94,0,510.6809422969818
-1.94,0,510.69694685935974
-2.14,0,510.71396565437317
-2.34,-1,510.7309687137604
-2.56,-1,510.74797320365906
-2.78,-1,510.7644805908203
-3.02,-1,510.78148460388184
-3.02,-1,510.79848861694336
-3.24,-1,510.81525135040283
-3.48,-1,510.8322551250458
-3.72,-1,510.84925842285156
-3.97,-1,510.86626291275024
-4.21,-1,510.8832666873932
-4.44,-1,510.89991784095764
-4.44,-1,510.91692185401917
-4.68,-1,510.93392539024353
0.0,1,511.1619167327881
0.0,1,511.1788148880005
0.01,1,511.1958978176117
0.02,1,511.2119038105011
0.02,1,511.2288451194763
0.02,1,511.2459032535553
0.01,1,511.26290917396545
-0.01,1,511.27992510795593
-0.01,1,511.2969183921814
-0.03,1,511.313800573349
-0.04,1,511.33083748817444
-0.06,1,511.34782338142395
-0.09,1,511.36482763290405
-0.13,1,511.381831407547
-0.13,1,511.398845911026
-0.18,1,511.4158704280853
-0.24,1,511.4329273700714
-0.31,1,511.45013332366943
-0.38,1,511.4671297073364
-0.46,1,511.48413348197937
-0.54,0,511.5011386871338
-0.54,0,511.5181374549866
-0.62,0,511.5350306034088
-0.69,0,511.55112171173096
-0.77,0,511.5681643486023
-0.85,0,511.5851707458496
-0.94,0,511.60218048095703
-0.94,0,511.6181845664978
-1.05,0,511.6360137462616
-1.15,0,511.65301728248596
-1.26,0,511.66995787620544
-1.37,0,511.6859562397003
-1.48,0,511.7029604911804
-1.59,0,511.7199640274048
-1.59,0,511.7369680404663
-1.69,0,511.7539715766907
-1.79,0,511.77097511291504
-1.9,0,511.7869794368744
-2.01,0,511.8039834499359
-2.14,-1,511.8209865093231
-2.14,-1,511.8369905948639
-2.28,-1,511.8539938926697
-2.41,-1,511.8709988594055
-2.54,-1,511.88800144195557
-2.68,-1,511.90488147735596
-2.82,-1,511.9218850135803
-2.82,-1,511.938889503479
-2.98,-1,511.9558928012848
-3.14,-1,511.9718976020813
-3.32,-1,511.9889006614685
-3.49,-1,512.0063166618347
-3.66,-1,512.0227410793304
-3.66,-1,512.0387446880341
-3.83,-1,512.0562446117401
-3.99,-1,512.0727517604828
-4.15,-1,512.0897562503815
0.0,1,512.3173792362213
0.0,1,512.3343832492828
0.01,1,512.3509092330933
0.01,1,512.3679139614105
0.02,1,512.3847725391388
0.02,1,512.4017512798309
0.02,1,512.4177553653717
0.02,1,512.4347596168518
0.03,1,512.4517629146576
0.04,1,512.4687662124634
0.05,1,512.4857699871063
0.05,1,512.5027737617493
0.05,1,512.51877784729
0.05,1,512.5357818603516
0.05,1,512.5524127483368
0.06,1,512.5694160461426
0.06,1,512.5864202976227
0.08,1,512.6024239063263
0.08,1,512.6184272766113
0.11,1,512.63543176651
0.14,1,512.6526627540588
0.17,1,512.6696662902832
0.2,1,512.6856698989868
0.22,1,512.7026739120483
0.24,1,512.7196774482727
0.24,1,512.7356808185577
0.23,1,512.7526850700378
0.22,1,512.7696886062622
0.21,1,512.7866928577423
0.18,1,512.8035614490509
0.16,1,512.8205649852753
0.16,1,512.8371407985687
0.12,1,512.8541438579559
0.07,1,512.8711483478546
0.02,1,512.8881528377533
-0.04,1,512.9051556587219
-0.11,1,512.9221589565277
-0.11,1,512.9381635189056
-0.19,1,512.9551718235016
-0.27,1,512.9721765518188
-0.36,1,512.9891793727875
-0.45,1,513.0051832199097
-0.54,1,513.0221869945526
-0.54,1,513.0391907691956
-0.64,0,513.0564632415771
-0.74,0,513.0730969905853
-0.84,0,513.0894713401794
-0.95,0,513.1065890789032
-1.06,0,513.123006105423
-1.17,0,513.1400084495544
-1.17,0,513.1565659046173
-1.29,0,513.1735227108002
-1.41,0,513.1895260810852
-1.53,0,513.2065305709839
-1.66,0,513.223534822464
-1.79,0,513.2405378818512
-1.79,0,513.2575421333313
-1.93,0,513.2745454311371
-2.08,0,513.2915494441986
-2.22,0,513.3075532913208
-2.36,-1,513.3245568275452
-2.51,-1,513.3415699005127
-2.51,-1,513.3585667610168
-2.64,-1,513.3755707740784
-2.77,-1,513.3925621509552
-2.9,-1,513.4095659255981
-3.04,-1,513.4265701770782
-3.18,-1,513.4433672428131
-3.32,-1,513.4603705406189
-3.32,-1,513.4773745536804
-3.46,-1,513.4940361976624
-3.61,-1,513.5110397338867
-3.77,-1,513.528044462204
-3.93,-1,513.5445852279663
-4.1,-1,513.5615890026093
-4.1,-1,513.5785930156708
-4.27,-1,513.5955889225006
0.0,1,513.8401906490326
0.0,1,513.8571956157684
0.02,1,513.8742175102234
0.04,1,513.8907263278961
0.07,1,513.9077410697937
0.1,1,513.9247362613678
0.11,1,513.941739320755
0.11,1,513.9587428569794
0.11,1,513.9757471084595
0.1,1,513.9927508831024
0.1,1,514.0097546577454
0.09,1,514.0267589092255
0.07,1,514.0437622070312
0.04,1,514.060314655304
0.04,1,514.0773169994354
0.02,1,514.09392619133
-0.01,1,514.1109297275543
-0.03,1,514.1281588077545
-0.05,1,514.1451630592346
-0.08,1,514.1611661911011
-0.08,1,514.1771700382233
-0.1,1,514.194174528122
-0.12,1,514.2111949920654
-0.12,1,514.228199005127
-0.13,1,514.2442033290863
-0.15,1,514.2612202167511
-0.15,1,514.2782242298126
-0.16,1,514.295227766037
-0.17,1,514.311244726181
-0.18,1,514.3282492160797
-0.18,1,514.3447978496552
-0.19,1,514.3618021011353
-0.19,1,514.3778052330017
-0.2,1,514.3948092460632
-0.2,1,514.4118134975433
-0.21,1,514.4288165569305
-0.21,1,514.4448199272156
-0.21,1,514.4618270397186
-0.21,1,514.4783372879028
-0.19,1,514.4949243068695
-0.16,1,514.5119280815125
-0.14,1,514.528932094574
-0.11,1,514.5459353923798
-0.07,1,514.5629386901855
-0.03,1,514.5799431800842
-0.03,1,514.59694647789
0.01,1,514.6139504909515
0.05,1,514.6309540271759
0.1,1,514.6479578018188
0.14,1,514.6649618148804
0.17,1,514.681966304779
0.17,1,514.6989688873291
0.21,1,514.7159748077393
0.27,1,514.732978105545
0.31,1,514.7499809265137
0.36,1,514.7669847011566
0.41,1,514.7839889526367
0.46,1,514.7999925613403
0.46,1,514.8159956932068
0.52,1,514.8329992294312
0.59,0,514.8500032424927
0.64,0,514.8670070171356
0.69,0,514.8840112686157
0.73,0,514.9006099700928
0.73,0,514.9165434837341
0.76,0,514.9335472583771
0.79,0,514.9501812458038
0.83,0,514.9671747684479
0.88,0,514.9841117858887
0.93,0,515.000147819519
0.93,0,515.0171420574188
1.0,0,515.0340530872345
1.07,0,515.0510594844818
1.13,0,515.0680632591248
1.2,0,515.0840957164764
1.27,0,515.1011030673981
1.27,0,515.1181063652039
1.35,0,515.1351101398468
1.44,0,515.1511137485504
1.53,0,515.1681172847748
1.62,0,515.1850416660309
1.7,0,515.202045917511
1.7,0,515.2180757522583
1.77,0,515.2350828647614
1.82,0,515.2519459724426
1.87,0,515.2689492702484
1.91,0,515.2849531173706
1.94,0,515.3024661540985
1.94,0,515.3184702396393
1.96,-1,515.3354735374451
1.97,-1,515.3521764278412
1.97,-1,515.3691802024841
1.98,-1,515.3861842155457
1.98,-1,515.4027919769287
1.98,-1,515.4187953472137
1.98,-1,515.435800075531
1.99,-1,515.4518029689789
2.01,-1,515.4688065052032
2.03,-1,515.4853858947754
2.06,-1,515.5027451515198
2.06,-1,515.5187482833862
2.07,-1,515.5357527732849
2.08,-1,515.5547564029694
2.1,-1,515.5722842216492
2.13,-1,515.5862877368927
2.16,-1,515.6032912731171
2.19,-1,515.6202952861786
2.19,-1,515.6372995376587
2.23,-1,515.6542739868164
2.26,-1,515.6712782382965
2.29,-1,515.6872808933258
2.31,-1,515.7042851448059
2.32,-1,515.7212882041931
2.32,-1,515.7372920513153
2.32,-1,515.7542963027954
2.31,-1,515.7713000774384
0.0,1,516.0076420307159
0.01,1,516.0241825580597
0.02,1,516.0407392978668
0.02,1,516.0577425956726
0.04,1,516.0747473239899
0.07,1,516.0916750431061
0.11,1,516.107673406601
0.15,1,516.1246774196625
0.2,1,516.1413486003876
0.2,1,516.1583478450775
0.27,1,516.1753506660461
0.35,1,516.1923544406891
0.43,1,516.2093584537506
0.52,0,516.2253630161285
0.62,0,516.2423715591431
0.62,0,516.2583739757538
0.71,0,516.2758846282959
0.79,0,516.2928876876831
0.88,0,516.3098919391632
0.97,0,516.3268957138062
1.06,0,516.3438994884491
1.16,0,516.3609037399292
1.16,0,516.377907037735
1.26,0,516.3949105739594
1.36,0,516.4109146595001
1.46,0,516.4279184341431
1.57,0,516.4449219703674
1.69,0,516.4619264602661
1.69,0,516.4789297580719
1.82,0,516.4959335327148
1.95,0,516.5129375457764
2.06,0,516.5289409160614
2.18,-1,516.5459446907043
2.3,-1,516.5629494190216
2.42,-1,516.5799555778503
2.42,-1,516.5969593524933
2.55,-1,516.6139631271362
2.68,-1,516.6309673786163
2.81,-1,516.6479706764221
2.95,-1,516.6649746894836
3.08,-1,516.681542634964
3.08,-1,516.698751449585
3.22,-1,516.7157559394836
3.37,-1,516.7327592372894
3.51,-1,516.7502896785736
3.66,-1,516.7662937641144
3.8,-1,516.7833142280579
3.95,-1,516.800318479538
0.0,1,517.0522038936615
0.0,1,517.0692093372345
0.01,1,517.0852134227753
0.01,1,517.1027774810791
0.01,1,517.1192886829376
0.02,1,517.1372928619385
0.03,1,517.1532964706421
0.05,1,517.16930103302
0.06,1,517.1863038539886
0.08,1,517.2033081054688
0.1,1,517.2203121185303
0.1,1,517.2373151779175
0.13,1,517.2543194293976
0.15,1,517.2713234424591
0.18,1,517.288327217102
0.2,1,517.3043308258057
0.21,1,517.3216230869293
0.21,1,517.3371317386627
0.22,1,517.3540811538696
0.23,1,517.3709630966187
0.25,1,517.3879663944244
0.26,1,517.4049706459045
0.28,1,517.4219751358032
0.28,1,517.4389781951904
0.3,1,517.4559817314148
0.33,1,517.4719858169556
0.34,1,517.4889886379242
0.35,1,517.5059928894043
0.35,1,517.5229976177216
0.34,1,517.5400021076202
0.34,1,517.5570075511932
0.32,1,517.574010848999
0.29,1,517.5909922122955
0.25,1,517.6081132888794
0.2,1,517.6244971752167
0.14,1,517.6411139965057
0.14,1,517.6580708026886
0.08,1,517.6750741004944
0.02,1,517.6920778751373
-0.04,1,517.7090816497803
-0.09,1,517.7260859012604
-0.15,1,517.7430896759033
-0.2,1,517.7600929737091
-0.2,1,517.7770974636078
-0.25,1,517.7938685417175
-0.3,1,517.8108751773834
-0.37,1,517.8292856216431
-0.44,1,517.8441274166107
-0.52,1,517.8611359596252
-0.52,1,517.8781397342682
-0.61,1,517.8949663639069
-0.7,1,517.9121251106262
-0.79,0,517.9291281700134
-0.87,0,517.945946931839
-0.97,0,517.9629511833191
-1.06,0,517.9802329540253
-1.06,0,517.9962317943573
-1.16,0,518.0131621360779
-1.25,0,518.0302124023438
-1.34,0,518.0471668243408
-1.43,0,518.0639452934265
-1.52,0,518.0809500217438
-1.52,0,518.0979528427124
-1.61,0,518.1149559020996
-1.7,0,518.131961107254
-1.77,0,518.1489839553833
-1.84,0,518.1659896373749
-1.91,0,518.1819903850555
-1.91,0,518.1990118026733
-1.97,0,518.2160160541534
-2.03,0,518.2330198287964
-2.08,0,518.2490377426147
-2.13,0,518.2660419940948
-2.17,0,518.2830455303192
-2.21,0,518.2995550632477
-2.21,0,518.3160634040833
-2.27,0,518.3330671787262
-2.33,-1,518.3500711917877
-2.4,-1,518.3670749664307
-2.48,-1,518.3840789794922
-2.57,-1,518.401401758194
-2.57,-1,518.4183931350708
-2.68,-1,518.4354002475739
-2.79,-1,518.4525089263916
-2.91,-1,518.469512462616
-3.03,-1,518.4865162372589
-3.14,-1,518.5036015510559
-3.26,-1,518.5196049213409
-3.26,-1,518.5366082191467
-3.39,-1,518.5536127090454
-3.52,-1,518.5701212882996
-3.67,-1,518.5871245861053
-3.82,-1,518.6036343574524
-3.99,-1,518.6206376552582
-3.99,-1,518.6376421451569
-4.14,-1,518.6543662548065
0.0,1,518.908438205719
0.0,1,518.9254422187805
0.01,1,518.9420163631439
0.01,1,518.9580199718475
0.01,1,518.9750242233276
0.02,1,518.9920279979706
0.04,1,519.0090320110321
0.04,1,519.0260353088379
0.04,1,519.0420391559601
0.04,1,519.0590419769287
0.02,1,519.0760607719421
-0.01,1,519.0930678844452
-0.04,1,519.1100709438324
-0.07,1,519.1270756721497
-0.1,1,519.1435844898224
-0.14,1,519.1601037979126
-0.14,1,519.1770989894867
-0.18,1,519.1936082839966
-0.23,1,519.2101254463196
-0.28,1,519.2271211147308
-0.35,1,519.2441253662109
-0.42,1,519.2607583999634
-0.42,1,519.2777647972107
-0.5,1,519.2947678565979
-0.59,0,519.3117723464966
-0.68,0,519.3287754058838
-0.78,0,519.3457794189453
-0.88,0,519.3627824783325
-0.98,0,519.3797862529755
-0.98,0,519.3965570926666
-1.09,0,519.4130659103394
-1.2,0,519.4300692081451
-1.31,0,519.4470736980438
-1.41,0,519.4639422893524
-1.52,0,519.4813902378082
-1.52,0,519.4979121685028
-1.62,0,519.5149157047272
-1.72,0,519.5319204330444
-1.82,0,519.5489234924316
-1.92,0,519.5659279823303
-2.02,0,519.5829315185547
-2.11,-1,519.5994393825531
-2.11,-1,519.6169481277466
-2.21,-1,519.633887052536
-2.31,-1,519.6509540081024
-2.4,-1,519.6679580211639
-2.49,-1,519.6849620342255
-2.58,-1,519.7015612125397
-2.58,-1,519.7181651592255
-2.67,-1,519.7351682186127
-2.75,-1,519.7511734962463
-2.84,-1,519.768176317215
-2.93,-1,519.7851796150208
-3.01,-1,519.8021838665009
-3.01,-1,519.8191871643066
-3.09,-1,519.8361909389496
-3.17,-1,519.8531956672668
-3.25,-1,519.8701989650726
-3.35,-1,519.8872036933899
-3.44,-1,519.9040155410767
-3.54,-1,519.921019077301
0.0,1,520.1765818595886
0.0,1,520.1935863494873
0.01,1,520.2095897197723
0.01,1,520.2265932559967
0.02,1,520.2435977458954
0.03,1,520.2606408596039
0.03,1,520.2766296863556
0.04,1,520.2937502861023
0.07,1,520.3107538223267
0.08,1,520.3267579078674
0.1,1,520.3444323539734
0.11,1,520.3615877628326
0.11,1,520.3785781860352
0.11,1,520.3955821990967
0.12,1,520.4126262664795
0.13,1,520.4296290874481
0.14,1,520.4466326236725
0.14,1,520.4636368751526
0.13,1,520.480354309082
0.13,1,520.497358083725
0.12,1,520.5143618583679
0.1,1,520.5313658714294
0.08,1,520.5473692417145
0.08,1,520.5643725395203
0.07,1,520.581377029419
0.07,1,520.5985596179962
0.08,1,520.6155636310577
0.1,1,520.6325674057007
0.12,1,520.6495714187622
0.15,1,520.6655750274658
0.18,1,520.6825785636902
0.21,1,520.6995861530304
0.21,1,520.7200953960419
0.24,1,520.7360985279083
0.26,1,520.7501022815704
0.28,1,520.7671053409576
0.3,1,520.784108877182
0.32,1,520.8011136054993
0.32,1,520.8171172142029
0.34,1,520.8341205120087
0.38,1,520.8511245250702
0.42,1,520.867128610611
0.47,0,520.8841876983643
0.52,0,520.9011917114258
0.52,0,520.9181952476501
0.56,0,520.9351987838745
0.59,0,520.9512023925781
0.62,0,520.9682059288025
0.64,0,520.9852104187012
0.65,0,521.0022141933441
0.65,0,521.0182175636292
0.65,0,521.0352227687836
0.64,0,521.0522246360779
0.62,0,521.0682289600372
0.59,0,521.0852324962616
0.55,0,521.102236032486
0.55,0,521.1182396411896
0.5,0,521.1352431774139
0.45,0,521.1522469520569
0.39,0,521.16925573349
0.34,0,521.1862592697144
0.29,0,521.2027697563171
0.24,0,521.2197742462158
0.24,0,521.2367782592773
0.2,0,521.2537820339203
0.15,0,521.2702913284302
0.1,0,521.2872951030731
0.04,0,521.3044447898865
-0.02,0,521.3214480876923
-0.02,0,521.3384523391724
-0.07,1,521.3554556369781
-0.12,1,521.3724591732025
-0.16,1,521.3894634246826
-0.19,1,521.4064667224884
-0.22,1,521.4234712123871
-0.25,1,521.4404752254486
-0.25,1,521.4569308757782
-0.3,1,521.4734826087952
-0.35,1,521.4904863834381
-0.41,1,521.507490158081
-0.48,1,521.5234937667847
-0.55,1,521.5404975414276
-0.55,1,521.5565011501312
-0.64,1,521.573561668396
-0.73,1,521.5905086994171
-0.8,1,521.6075119972229
-0.87,1,521.6245164871216
-0.95,1,521.6415677070618
-0.95,1,521.6585595607758
-1.04,1,521.6750679016113
-1.14,1,521.6920719146729
-1.24,1,521.7090771198273
-1.33,1,521.726080417633
-1.43,1,521.7420835494995
-1.43,1,521.7590878009796
-1.52,1,521.7760927677155
-1.61,1,521.7930946350098
-1.68,1,521.8091003894806
-1.77,1,521.8261029720306
-1.86,1,521.8431057929993
-1.86,1,521.8591110706329
-1.95,1,521.8761143684387
-2.05,1,521.8931183815002
-2.16,1,521.9101212024689
-2.26,0,521.927139043808
-2.37,0,521.9441435337067
-2.49,0,521.9611463546753
-2.49,0,521.9781699180603
-2.6,0,521.9951736927032
-2.71,0,522.0121774673462
-2.82,0,522.0291810035706
-2.93,0,522.0461843013763
-3.04,0,522.0631880760193
-3.15,0,522.0801932811737
-3.15,0,522.0971963405609
-3.26,0,522.1141996383667
-3.38,0,522.1312036514282
-3.5,0,522.1472074985504
-3.62,0,522.1642107963562
-3.73,0,522.1812150478363
-3.73,0,522.1987268924713
-3.84,0,522.2152349948883
-3.96,0,522.2332391738892
-4.08,0,522.2497491836548
-4.22,0,522.2662582397461
-4.36,0,522.2822623252869
-4.36,0,522.2987701892853
-4.52,-1,522.3162801265717
-4.68,-1,522.3332839012146
-4.84,-1,522.3502876758575
-4.99,-1,522.3662915229797
-5.14,-1,522.3832950592041
-5.29,-1,522.3992989063263
-5.29,-1,522.4163024425507
-5.45,-1,522.4333069324493
-5.62,-1,522.450202703476
-5.8,-1,522.4672067165375
-5.98,-1,522.4842109680176
-6.18,-1,522.5012140274048
-6.18,-1,522.5172181129456
-6.39,-1,522.5342218875885
-6.6,-1,522.5512263774872
-6.82,-1,522.5682294368744
-7.03,-1,522.5852332115173
0.0,1,522.8439600467682
0.0,1,522.8609640598297
0.0,1,522.8769679069519
0.01,1,522.8939709663391
0.02,1,522.910975933075
0.02,1,522.9279787540436
0.02,1,522.9449827671051
0.02,1,522.961986541748
0.02,1,522.9789905548096
0.04,1,522.9959943294525
0.05,1,523.0129981040955
0.07,1,523.0300016403198
0.09,1,523.0465097427368
0.12,1,523.0635137557983
0.15,1,523.080029964447
0.15,1,523.0970253944397
0.19,1,523.1140425205231
0.23,1,523.1310465335846
0.28,1,523.1475553512573
0.34,1,523.1646206378937
0.4,1,523.1813986301422
0.4,1,523.1984305381775
0.48,1,523.2154705524445
0.57,0,523.2314748764038
0.66,0,523.2484781742096
0.76,0,523.2654829025269
0.87,0,523.2824857234955
0.87,0,523.2984895706177
0.99,0,523.3155133724213
1.11,0,523.3325173854828
1.23,0,523.3495404720306
1.34,0,523.3660459518433
1.47,0,523.3831644058228
1.6,0,523.4001536369324
1.6,0,523.4170897006989
1.74,0,523.4340927600861
1.9,0,523.4510989189148
2.06,0,523.4671025276184
2.23,-1,523.4840099811554
2.41,-1,523.5010139942169
2.41,-1,523.5180175304413
2.6,-1,523.5350255966187
2.8,-1,523.5515940189362
3.01,-1,523.5685977935791
3.23,-1,523.585601568222
3.46,-1,523.6016051769257
3.46,-1,523.6176087856293
3.7,-1,523.6356129646301
3.95,-1,523.6526165008545
4.21,-1,523.6696200370789
4.47,-1,523.6861424446106
0.0,1,523.9887161254883
0.01,1,524.0050189495087
0.02,1,524.0220227241516
0.02,1,524.039026260376
0.06,1,524.056613445282
0.1,1,524.0734317302704
0.14,1,524.0896399021149
0.2,1,524.1133615970612
0.26,1,524.1293649673462
0.34,1,524.1458737850189
0.34,1,524.1618776321411
0.42,1,524.1778812408447
0.52,0,524.1939113140106
0.62,0,524.2099151611328
0.74,0,524.2249186038971
0.86,0,524.2419226169586
0.86,0,524.2589268684387
0.99,0,524.2759344577789
1.12,0,524.2929375171661
1.25,0,524.3099410533905
1.39,0,524.3269448280334
1.53,0,524.343948841095
1.67,0,524.3609530925751
1.67,0,524.3779566287994
1.81,0,524.3949596881866
1.96,0,524.4111557006836
2.1,0,524.4281613826752
2.25,-1,524.4451632499695
2.41,-1,524.4621682167053
2.41,-1,524.4791707992554
2.56,-1,524.4961743354797
2.73,-1,524.5131785869598
2.89,-1,524.530181646347
3.06,-1,524.5471861362457
3.23,-1,524.5631895065308
3.4,-1,524.5801930427551
3.4,-1,524.5971975326538
3.58,-1,524.6142008304596
3.77,-1,524.6312046051025
3.95,-1,524.6482081413269
4.14,-1,524.6642119884491
4.34,-1,524.6812164783478
0.0,1,524.9435393810272
0.0,1,524.9602556228638
0.0,1,524.9768552780151
0.02,1,524.9938585758209
0.03,1,525.010374546051
0.05,1,525.0273721218109
0.08,1,525.0443761348724
0.1,1,525.0608847141266
0.1,1,525.0778877735138
0.14,1,525.094893693924
0.18,1,525.1119003295898
0.22,1,525.1289038658142
0.27,1,525.1459083557129
0.31,1,525.1629173755646
0.36,1,525.1799714565277
0.36,1,525.1969759464264
0.42,1,525.2139797210693
0.48,1,525.2309837341309
0.55,0,525.2479872703552
0.62,0,525.2649917602539
0.69,0,525.2819945812225
0.69,0,525.2989983558655
0.77,0,525.3160028457642
0.86,0,525.3330066204071
0.96,0,525.3495142459869
1.06,0,525.3670227527618
1.17,0,525.3840265274048
1.29,0,525.4010305404663
1.29,0,525.4180347919464
1.43,0,525.4350388050079
1.57,0,525.4520421028137
1.72,0,525.4690451622009
1.88,0,525.4850492477417
2.05,0,525.5020532608032
2.05,0,525.519056558609
2.24,-1,525.5360605716705
2.41,-1,525.5530641078949
2.59,-1,525.5699832439423
2.77,-1,525.5869870185852
2.95,-1,525.6039917469025
3.14,-1,525.620995759964
3.14,-1,525.6369986534119
3.32,-1,525.6545078754425
3.51,-1,525.6715116500854
3.71,-1,525.688515663147
3.9,-1,525.7055189609528
4.1,-1,525.7225229740143
4.1,-1,525.738527059555
4.29,-1,525.7555317878723
0.0,1,526.0253617763519
0.0,1,526.0421693325043
0.0,1,526.0591785907745
0.01,1,526.0761821269989
0.02,1,526.0931861400604
0.03,1,526.1102118492126
0.04,1,526.1272146701813
0.05,1,526.1442601680756
0.07,1,526.1609420776367
0.07,1,526.1769456863403
0.09,1,526.1939494609833
0.11,1,526.2109534740448
0.13,1,526.2269570827484
0.16,1,526.2439606189728
0.19,1,526.2616384029388
0.19,1,526.277642250061
0.23,1,526.294670343399
0.28,1,526.3116900920868
0.32,1,526.3276937007904
0.37,1,526.3446974754333
0.42,1,526.3617014884949
0.42,1,526.3787050247192
0.48,1,526.3957245349884
0.53,0,526.4117293357849
0.59,0,526.4287478923798
0.65,0,526.4457514286041
0.71,0,526.4627709388733
0.71,0,526.4787895679474
0.78,0,526.4958078861237
0.85,0,526.5128118991852
0.92,0,526.5303380489349
1.0,0,526.5465531349182
1.08,0,526.5631144046783
1.17,0,526.580117225647
1.17,0,526.5971217155457
1.25,0,526.6141245365143
1.32,0,526.6311283111572
1.38,0,526.6471319198608
1.44,0,526.6641359329224
1.49,0,526.6811399459839
1.49,0,526.6981437206268
1.53,0,526.7151479721069
1.58,0,526.7321517467499
1.63,0,526.7481551170349
1.68,0,526.7654628753662
1.74,0,526.7824659347534
1.74,0,526.7984697818756
1.8,0,526.8154900074005
1.87,0,526.8324942588806
1.95,-1,526.8494980335236
2.02,-1,526.8665018081665
2.1,-1,526.883505821228
2.18,-1,526.8997328281403
2.18,-1,526.9167366027832
2.27,-1,526.9337410926819
2.36,-1,526.9505531787872
2.45,-1,526.9675569534302
2.54,-1,526.9845612049103
2.63,-1,527.0011208057404
2.63,-1,527.0181844234467
2.74,-1,527.0351881980896
2.84,-1,527.0521926879883
2.96,-1,527.0692000389099
3.07,-1,527.0862035751343
3.19,-1,527.103208065033
3.31,-1,527.1202158927917
3.31,-1,527.1372184753418
3.44,-1,527.1542229652405
0.0,1,527.4265229701996
0.0,1,527.4435274600983
0.01,1,527.4605314731598
0.01,1,527.4760973453522
0.03,1,527.493100643158
0.05,1,527.5101046562195
0.07,1,527.5271093845367
0.1,1,527.5441131591797
0.12,1,527.5611162185669
0.12,1,527.5781202316284
0.16,1,527.5951240062714
0.19,1,527.6121275424957
0.23,1,527.6291320323944
0.27,1,527.6456396579742
0.3,1,527.6621496677399
0.3,1,527.6791527271271
0.32,1,527.6961572170258
0.34,1,527.7131612300873
0.36,1,527.7301640510559
0.37,1,527.7476732730865
0.38,1,527.7646777629852
0.38,1,527.7812697887421
0.38,1,527.7982747554779
0.38,1,527.8152780532837
0.37,1,527.8322830200195
0.37,1,527.8492860794067
0.37,1,527.8652894496918
0.36,1,527.8822932243347
0.36,1,527.8992967605591
0.36,1,527.9163007736206
0.36,1,527.9333045482635
0.36,1,527.9503087997437
0.36,1,527.9673118591309
0.36,1,527.9843156337738
0.37,1,528.0013206005096
0.37,1,528.018324136734
0.38,1,528.0353276729584
0.4,0,528.0513310432434
0.42,0,528.0683345794678
0.44,0,528.0853383541107
0.46,0,528.1023428440094
0.46,0,528.1183466911316
0.48,0,528.1363496780396
0.49,0,528.1533534526825
0.5,0,528.1693618297577
0.5,0,528.1863656044006
0.5,0,528.2033696174622
0.5,0,528.220377445221
0.5,0,528.236380815506
0.5,0,528.2533845901489
0.5,0,528.2703886032104
0.5,0,528.2873928546906
0.5,0,528.303395986557
0.51,0,528.3204009532928
0.51,0,528.3374042510986
0.53,0,528.3544080257416
0.55,0,528.371110200882
0.57,0,528.3881137371063
0.6,0,528.4041171073914
0.63,0,528.4211211204529
0.63,0,528.438125371933
0.67,0,528.4546339511871
0.72,0,528.4721426963806
0.76,0,528.4891464710236
0.81,0,528.5061500072479
0.86,0,528.5221538543701
0.86,0,528.5391576290131
0.91,0,528.5561611652374
0.97,0,528.573165178299
1.03,0,528.589168548584
1.09,0,528.6061723232269
1.15,0,528.6237857341766
1.21,0,528.6401805877686
1.21,0,528.6561839580536
1.28,-1,528.673975944519
1.35,-1,528.6903576850891
1.42,-1,528.7071950435638
1.5,-1,528.724199295044
1.57,-1,528.740202665329
1.57,-1,528.757214307785
1.66,-1,528.7742104530334
1.74,-1,528.7912142276764
1.83,-1,528.8072302341461
1.93,-1,528.82412981987
2.03,-1,528.8411343097687
2.03,-1,528.8571398258209
2.13,-1,528.8742477893829
2.24,-1,528.8920328617096
2.36,-1,528.909036397934
2.47,-1,528.9260406494141
2.6,-1,528.9420435428619
2.6,-1,528.9590599536896
2.73,-1,528.9760553836823
0.0,1,529.2453947067261
0.0,1,529.2621669769287
0.0,1,529.2781705856323
0.02,1,529.2951748371124
0.03,1,529.312178850174
0.05,1,529.3291823863983
0.08,1,529.3461863994598
0.1,1,529.3631892204285
0.14,1,529.3791933059692
0.14,1,529.3961968421936
0.18,1,529.4132008552551
0.22,1,529.4302048683167
0.27,1,529.4472091197968
0.32,1,529.4632120132446
0.38,1,529.4802153110504
0.38,1,529.4972202777863
0.44,1,529.5142240524292
0.51,0,529.5302274227142
0.58,0,529.54723072052
0.66,0,529.5642349720001
0.74,0,529.5812380313873
0.74,0,529.598242521286
0.82,0,529.6152458190918
0.92,0,529.631249666214
1.01,0,529.6482534408569
1.11,0,529.6652572154999
1.22,0,529.68226146698
1.22,0,529.7022662162781
1.33,0,529.716269493103
1.44,0,529.7332735061646
1.56,0,529.7502918243408
1.69,0,529.7672951221466
1.81,0,529.7832992076874
1.94,0,529.8003027439117
1.94,0,529.8173065185547
2.09,0,529.834310054779
2.24,-1,529.8503139019012
2.39,-1,529.8673179149628
2.55,-1,529.8843214511871
2.72,-1,529.9013249874115
2.72,-1,529.9183294773102
2.9,-1,529.9353325366974
3.08,-1,529.9523370265961
3.28,-1,529.9693410396576
3.48,-1,529.9863443374634
3.68,-1,530.0023605823517
3.68,-1,530.0194261074066
3.9,-1,530.0364298820496
4.12,-1,530.0534334182739
4.35,-1,530.0695903301239
0.0,1,530.3376994132996
-0.01,1,530.3547027111053
-0.02,1,530.370706319809
-0.05,1,530.3877100944519
-0.08,1,530.4047274589539
-0.12,1,530.421731710434
-0.12,1,530.4377348423004
-0.17,1,530.4547381401062
-0.22,1,530.471743106842
-0.29,1,530.4887461662292
-0.36,1,530.5053057670593
-0.44,1,530.522304058075
-0.44,1,530.5383064746857
-0.54,0,530.5559108257294
-0.64,0,530.5729143619537
-0.75,0,530.5904221534729
-0.87,0,530.6074407100677
-1.0,0,530.6234445571899
-1.14,0,530.6403670310974
-1.14,0,530.6563711166382
-1.29,0,530.6743745803833
-1.45,0,530.6903789043427
-1.62,0,530.7073822021484
-1.79,0,530.7243866920471
-1.97,0,530.7410533428192
-1.97,0,530.7574570178986
-2.16,0,530.774008512497
-2.35,-1,530.7910118103027
-2.55,-1,530.8080160617828
-2.75,-1,530.8256318569183
-2.96,-1,530.8416287899017
-2.96,-1,530.8586323261261
-3.19,-1,530.8751447200775
-3.42,-1,530.8916590213776
-3.65,-1,530.9086582660675
-3.88,-1,530.9256732463837
-4.1,-1,530.9426696300507
-4.32,-1,530.9601919651031
-4.32,-1,530.9761834144592
-4.53,-1,530.9931871891022
0.0,1,531.2492527961731
0.0,1,531.2652561664581
-0.01,1,531.2822604179382
-0.01,1,531.299263715744
-0.03,1,531.316267490387
-0.05,1,531.3332717418671
-0.07,1,531.3502757549286
-0.1,1,531.3672795295715
-0.13,1,531.3842830657959
-0.17,1,531.4012882709503
-0.17,1,531.4182908535004
-0.21,1,531.4352946281433
-0.26,1,531.451803445816
-0.31,1,531.468807220459
-0.37,1,531.4858109951019
-0.43,1,531.5028147697449
-0.49,1,531.5198180675507
-0.49,1,531.5368220806122
-0.56,0,531.5538260936737
-0.64,0,531.5703628063202
-0.72,0,531.5868704319
-0.8,0,531.6039426326752
-0.89,0,531.6209492683411
-0.89,0,531.6369521617889
-0.99,0,531.6539561748505
-1.09,0,531.6709597110748
-1.19,0,531.6879637241364
-1.3,0,531.7039678096771
-1.41,0,531.7209715843201
-1.41,0,531.7369747161865
-1.53,0,531.7539784908295
-1.66,0,531.7714865207672
-1.78,0,531.7884910106659
-1.9,0,531.8044943809509
-2.02,0,531.8214981555939
-2.02,0,531.8385019302368
-2.13,-1,531.8550109863281
-2.24,-1,531.8720147609711
-2.35,-1,531.889018535614
-2.45,-1,531.9060225486755
-2.55,-1,531.9230258464813
-2.65,-1,531.9400300979614
-2.65,-1,531.9560339450836
-2.75,-1,531.9740407466888
-2.84,-1,531.990044593811
-2.93,-1,532.0070476531982
-3.02,-1,532.0236513614655
-3.1,-1,532.0405232906342
-3.1,-1,532.0565266609192
-3.18,-1,532.0742683410645
-3.26,-1,532.0910382270813
-3.34,-1,532.1080431938171
-3.42,-1,532.1250469684601
-3.49,-1,532.143049955368
0.0,1,532.4041178226471
0.0,1,532.4200279712677
0.0,1,532.4370322227478
-0.01,1,532.4540359973907
-0.02,1,532.4706499576569
-0.03,1,532.4876551628113
-0.04,1,532.5036792755127
-0.06,1,532.5207417011261
-0.06,1,532.5377535820007
-0.09,1,532.5547957420349
-0.12,1,532.5717990398407
-0.16,1,532.5888030529022
-0.2,1,532.6058416366577
-0.24,1,532.6230583190918
-0.29,1,532.6400620937347
-0.29,1,532.6560654640198
-0.34,1,532.6739113330841
-0.38,1,532.6899800300598
-0.43,1,532.7069725990295
-0.48,1,532.7242939472198
-0.54,0,532.740980386734
-0.54,0,532.7569839954376
-0.6,0,532.7741138935089
-0.67,0,532.791116476059
-0.74,0,532.8086316585541
-0.82,0,532.8251416683197
-0.9,0,532.8419065475464
-0.9,0,532.8589105606079
-0.99,0,532.8759140968323
-1.08,0,532.8929181098938
-1.18,0,532.9189238548279
-1.28,0,532.9329271316528
-1.38,0,532.9479296207428
-1.49,0,532.9629335403442
-1.49,0,532.9769370555878
-1.6,0,532.9929404258728
-1.7,0,533.0099437236786
-1.81,0,533.0269479751587
-1.91,0,533.0439519882202
-2.01,0,533.0609555244446
-2.01,0,533.0779597759247
-2.11,-1,533.0949628353119
-2.22,-1,533.1119723320007
-2.32,-1,533.1279764175415
-2.44,-1,533.1469807624817
-2.55,-1,533.1650037765503
-2.55,-1,533.1800072193146
-2.68,-1,533.1960115432739
-2.82,-1,533.2130150794983
-2.96,-1,533.2290191650391
-3.11,-1,533.2460227012634
-3.26,-1,533.2634508609772
-3.42,-1,533.2804539203644
-3.42,-1,533.2974581718445
-3.58,-1,533.3144617080688
-3.76,-1,533.3314657211304
-3.94,-1,533.3484692573547
-4.12,-1,533.3654916286469
0.0,1,533.5919032096863
0.0,1,533.6089067459106
-0.01,1,533.6254205703735
-0.02,1,533.6424195766449
-0.02,1,533.6584231853485
-0.04,1,533.676429271698
-0.07,1,533.6924614906311
-0.1,1,533.709450006485
-0.14,1,533.7255613803864
-0.19,1,533.7425599098206
-0.24,1,533.7600741386414
-0.24,1,533.7760729789734
-0.32,1,533.7930762767792
-0.4,1,533.8100802898407
-0.48,1,533.8270869255066
-0.58,0,533.8440909385681
-0.68,0,533.861097574234
-0.68,0,533.878101348877
-0.8,0,533.8951053619385
-0.92,0,533.9121088981628
-1.04,0,533.9291126728058
-1.17,0,533.946117401123
-1.3,0,533.9631202220917
-1.44,0,533.9801235198975
-1.44,0,533.9961278438568
-1.58,0,534.0131316184998
-1.73,0,534.0301353931427
-1.88,0,534.0471389293671
-2.04,0,534.0641429424286
-2.2,0,534.0811474323273
-2.2,0,534.0981504917145
-2.37,-1,534.1151537895203
-2.54,-1,534.133175611496
-2.72,-1,534.149183511734
-2.88,-1,534.1661870479584
-3.05,-1,534.1831910610199
-3.21,-1,534.2001950740814
-3.21,-1,534.2171983718872
-3.38,-1,534.2342023849487
-3.54,-1,534.2502059936523
-3.71,-1,534.268209695816
-3.87,-1,534.284214258194
-4.05,-1,534.3002171516418
-4.05,-1,534.3172216415405
-4.24,-1,534.3342247009277
0.0,1,534.5940470695496
0.0,1,534.6113457679749
-0.01,1,534.6283495426178
-0.02,1,534.6448574066162
-0.04,1,534.6618614196777
-0.04,1,534.6788654327393
-0.06,1,534.6958713531494
-0.09,1,534.7123804092407
-0.12,1,534.7289929389954
-0.16,1,534.745995759964
-0.2,1,534.7625386714935
-0.24,1,534.7800633907318
-0.24,1,534.7960517406464
-0.3,1,534.8130576610565
-0.35,1,534.830060005188
-0.41,1,534.8470630645752
-0.48,1,534.8640670776367
-0.54,0,534.881071805954
-0.54,0,534.8970749378204
-0.62,0,534.9140784740448
-0.7,0,534.9310824871063
-0.78,0,534.9480862617493
-0.87,0,534.9650897979736
-0.96,0,534.9820940494537
-0.96,0,534.9979605674744
-1.05,0,535.0159678459167
-1.14,0,535.032114982605
-1.22,0,535.0491185188293
-1.3,0,535.0661220550537
-1.38,0,535.0821256637573
-1.38,0,535.0991299152374
-1.46,0,535.1161439418793
-1.53,0,535.1331477165222
-1.61,0,535.1491513252258
-1.68,0,535.1661603450775
-1.74,0,535.1831736564636
-1.81,0,535.2001767158508
-1.81,0,535.216180562973
-1.86,0,535.2333014011383
-1.92,0,535.2504024505615
-1.96,-1,535.2673959732056
-2.02,-1,535.2839920520782
-2.08,-1,535.3009965419769
-2.08,-1,535.3179988861084
-2.14,-1,535.3350028991699
-2.2,-1,535.3520066738129
-2.26,-1,535.369010925293
-2.31,-1,535.3850140571594
-2.36,-1,535.4025762081146
-2.36,-1,535.4185795783997
-2.4,-1,535.4355833530426
-2.45,-1,535.4525873661041
-2.49,-1,535.4685907363892
-2.52,-1,535.4855949878693
-2.55,-1,535.502598285675
-2.55,-1,535.5192246437073
-2.6,-1,535.5362284183502
-2.65,-1,535.5532326698303
-2.7,-1,535.5697875022888
-2.75,-1,535.5867915153503
-2.81,-1,535.603796005249
-2.88,-1,535.6207990646362
-2.88,-1,535.6368026733398
-2.95,-1,535.6538066864014
0.0,1,535.883725643158
0.0,1,535.9007294178009
0.0,1,535.9167327880859
-0.02,1,535.933737039566
-0.03,1,535.9507405757904
-0.05,1,535.9677443504333
-0.08,1,535.9841260910034
-0.1,1,536.0011298656464
-0.1,1,536.0181336402893
-0.14,1,536.0351378917694
-0.18,1,536.0521411895752
-0.22,1,536.0688889026642
-0.27,1,536.0852959156036
-0.32,1,536.1022989749908
-0.32,1,536.1183075904846
-0.38,1,536.1353158950806
-0.45,1,536.1523196697235
-0.52,0,536.1688938140869
-0.59,0,536.1858975887299
-0.66,0,536.20290184021
-0.66,0,536.218905210495
-0.75,0,536.2359089851379
-0.84,0,536.2529129981995
-0.93,0,536.2699167728424
-1.03,0,536.2869203090668
-1.14,0,536.3029239177704
-1.25,0,536.3199281692505
-1.25,0,536.3359310626984
-1.38,0,536.352935552597
-1.52,0,536.3699390888214
-1.66,0,536.3869435787201
-1.8,0,536.4039466381073
-1.92,0,536.4199504852295
-1.92,0,536.4369537830353
-2.04,0,536.4539580345154
-2.14,-1,536.4709615707397
-2.24,-1,536.4869656562805
-2.32,-1,536.5039699077606
-2.4,-1,536.5209729671478
-2.4,-1,536.5369765758514
-2.47,-1,536.5539808273315
-2.52,-1,536.5709846019745
-2.57,-1,536.5879881381989
-2.61,-1,536.6049919128418
-2.64,-1,536.6219959259033
-2.64,-1,536.6385054588318
-2.66,-1,536.655508518219
-2.67,-1,536.6721658706665
-2.67,-1,536.689169883728
-2.66,-1,536.706173658371
-2.64,-1,536.7231781482697
-2.62,-1,536.740181684494
-2.62,-1,536.7571852207184
-2.58,-1,536.7741885185242
-2.53,-1,536.7907028198242
-2.48,-1,536.8071961402893
-2.41,-1,536.8242001533508
-2.34,-1,536.8412044048309
-2.34,-1,536.8572075366974
-2.25,-1,536.87424492836
0.0,1,537.1159820556641
-0.01,1,537.1329855918884
-0.02,1,537.1499900817871
-0.05,1,537.1669981479645
-0.08,1,537.1840062141418
-0.12,1,537.2010095119476
-0.12,1,537.2180135250092
-0.18,1,537.2350175380707
-0.23,1,537.2510209083557
-0.29,1,537.2680249214172
-0.36,1,537.2850286960602
-0.43,1,537.3020329475403
-0.43,1,537.3180358409882
-0.52,0,537.3350398540497
-0.62,0,537.3520438671112
-0.73,0,537.369047164917
-0.85,0,537.3860511779785
-0.97,0,537.4030547142029
-0.97,0,537.4190585613251
-1.09,0,537.4359040260315
-1.21,0,537.4529082775116
-1.34,0,537.4699120521545
-1.47,0,537.4869155883789
-1.61,0,537.503919839859
-1.75,0,537.5209228992462
-1.75,0,537.5369260311127
-1.9,0,537.5539302825928
-2.05,0,537.5709347724915
-2.2,-1,537.587938785553
-2.36,-1,537.6049420833588
-2.53,-1,537.6219453811646
-2.53,-1,537.6379497051239
-2.7,-1,537.6549532413483
-2.88,-1,537.671959400177
-3.06,-1,537.687961101532
-3.23,-1,537.7049646377563
-3.4,-1,537.7219686508179
-3.4,-1,537.7379724979401
-3.57,-1,537.7549757957458
-3.73,-1,537.7719795703888
-3.88,-1,537.7889833450317
-4.04,-1,537.8049871921539
-4.18,-1,537.8219912052155
0.0,1,538.0510630607605
0.0,1,538.0680701732635
0.01,1,538.0850739479065
0.02,1,538.1020774841309
0.02,1,538.1201004981995
0.04,1,538.1391050815582
0.07,1,538.1561095714569
0.1,1,538.1721124649048
0.13,1,538.1871166229248
0.16,1,538.2031202316284
0.2,1,538.220123052597
0.2,1,538.2361266613007
0.25,1,538.2531313896179
0.3,1,538.2701346874237
0.36,1,538.2871389389038
0.42,1,538.304141998291
0.48,1,538.3201458454132
0.48,1,538.3371505737305
0.55,0,538.3541536331177
0.62,0,538.3711576461792
0.69,0,538.3871614933014
0.77,0,538.4041647911072
0.85,0,538.4203171730042
0.85,0,538.4373137950897
0.94,0,538.4541163444519
1.04,0,538.4711201190948
1.15,0,538.4881236553192
1.27,0,538.505126953125
1.4,0,538.5221321582794
1.4,0,538.5391352176666
1.54,0,538.556138753891
1.69,0,538.5721428394318
1.83,0,538.5901463031769
1.98,0,538.6061499118805
2.13,0,538.6231541633606
2.27,-1,538.640157699585
2.27,-1,538.6561615467072
2.41,-1,538.6738796234131
2.54,-1,538.6901693344116
2.67,-1,538.7071723937988
2.8,-1,538.7241771221161
2.92,-1,538.7411806583405
2.92,-1,538.7571847438812
3.04,-1,538.7745833396912
3.15,-1,538.7911922931671
3.25,-1,538.8081958293915
3.35,-1,538.8251993656158
3.45,-1,538.8422033786774
3.45,-1,538.8592071533203
3.55,-1,538.8762149810791
3.65,-1,538.8932182788849
3.76,-1,538.9102227687836
0.0,1,539.1402854919434
0.0,1,539.1562898159027
0.02,1,539.1746413707733
0.04,1,539.1911954879761
0.07,1,539.2081987857819
0.11,1,539.2246594429016
0.16,1,539.2412066459656
0.16,1,539.2582097053528
0.22,1,539.2752137184143
0.28,1,539.2912170886993
0.34,1,539.3082213401794
0.4,1,539.3252251148224
0.48,1,539.3422293663025
0.48,1,539.3582327365875
0.55,0,539.3752400875092
0.63,0,539.3922441005707
0.72,0,539.4095921516418
0.81,0,539.4260995388031
0.9,0,539.4431040287018
1.0,0,539.4601106643677
1.0,0,539.4761145114899
1.11,0,539.4931182861328
1.22,0,539.5101222991943
1.34,0,539.5271260738373
1.46,0,539.5441296100616
1.58,0,539.5607652664185
1.58,0,539.5777695178986
1.72,0,539.5947730541229
1.85,0,539.6118006706238
1.99,0,539.6288032531738
2.14,0,539.6458668708801
2.28,-1,539.6628708839417
2.28,-1,539.6788742542267
2.44,-1,539.6958339214325
2.6,-1,539.7128381729126
2.76,-1,539.729841709137
2.94,-1,539.7468619346619
3.1,-1,539.7638659477234
3.26,-1,539.7808718681335
3.26,-1,539.7978768348694
3.4,-1,539.8149631023407
3.53,-1,539.8319721221924
3.66,-1,539.8484797477722
3.78,-1,539.8659183979034
3.9,-1,539.8819224834442
3.9,-1,539.8989262580872
4.02,-1,539.9152412414551
0.0,1,540.1522572040558
0.01,1,540.1692655086517
0.02,1,540.1862690448761
0.05,1,540.2028207778931
0.05,1,540.2193176746368
0.09,1,540.2363214492798
0.14,1,540.2533252239227
0.19,1,540.2703568935394
0.26,1,540.287360906601
0.33,1,540.3033692836761
0.41,1,540.3203909397125
0.41,1,540.3363947868347
0.5,1,540.3541133403778
0.61,0,540.3709990978241
0.72,0,540.3870050907135
0.84,0,540.4040076732635
0.97,0,540.4210124015808
0.97,0,540.4370155334473
1.11,0,540.4540195465088
1.26,0,540.4710237979889
1.42,0,540.4880311489105
1.59,0,540.505035161972
1.77,0,540.5220420360565
1.77,0,540.5390458106995
1.96,0,540.5555477142334
2.16,0,540.572329044342
2.36,-1,540.5893323421478
2.58,-1,540.6063358783722
2.79,-1,540.6229493618011
2.79,-1,540.6389524936676
3.02,-1,540.655905008316
3.25,-1,540.672908782959
3.47,-1,540.6898651123047
3.69,-1,540.7068884372711
3.9,-1,540.7238917350769
4.11,-1,540.7398953437805
4.11,-1,540.7558987140656
4.32,-1,540.773903131485
4.51,-1,540.7899067401886
0.0,1,541.0291347503662
0.01,1,541.0461390018463
0.02,1,541.0631425380707
0.05,1,541.0801465511322
0.05,1,541.097149848938
0.09,1,541.1141545772552
0.14,1,541.1311573982239
0.19,1,541.1481657028198
0.24,1,541.1651692390442
0.3,1,541.1821730136871
0.3,1,541.1991827487946
0.37,1,541.2161860466003
0.45,1,541.2331900596619
0.54,0,541.2501935958862
0.63,0,541.2671976089478
0.74,0,541.2842011451721
0.83,0,541.3012051582336
0.83,0,541.3182089328766
0.91,0,541.3352127075195
0.98,0,541.3522164821625
1.05,0,541.3692202568054
1.11,0,541.3852241039276
1.16,0,541.4022278785706
1.16,0,541.4192316532135
1.21,0,541.4362354278564
1.26,0,541.4532396793365
1.3,0,541.4702432155609
1.33,0,541.4872493743896
1.36,0,541.5042505264282
1.39,0,541.5209066867828
1.39,0,541.5379106998444
1.41,0,541.5549144744873
1.43,0,541.5719182491302
1.44,0,541.5889220237732
1.45,0,541.6049256324768
1.45,0,541.6219294071198
1.45,0,541.6379327774048
1.46,0,541.6559374332428
1.46,0,541.6729407310486
1.45,0,541.6899447441101
1.44,0,541.7059483528137
1.43,0,541.722409248352
1.43,0,541.7384130954742
1.41,0,541.7564165592194
1.39,0,541.7728872299194
1.36,0,541.7898902893066
1.34,0,541.8068943023682
1.32,0,541.8238990306854
1.3,-1,541.8412551879883
1.3,-1,541.8580300807953
1.29,-1,541.8749101161957
1.28,-1,541.8910844326019
1.26,-1,541.9079165458679
1.24,-1,541.9249215126038
1.22,-1,541.941924571991
1.22,-1,541.9589293003082
1.19,-1,541.975932598114
1.15,-1,541.9929368495941
1.11,-1,542.0089402198792
1.07,-1,542.0259432792664
1.03,-1,542.042947769165
1.03,-1,542.0589511394501
1.0,-1,542.0759546756744
0.96,-1,542.0929596424103
0.91,-1,542.1099996566772
0.86,-1,542.1259851455688
0.8,-1,542.1439881324768
0.73,-1,542.1609919071198
0.73,-1,542.1759948730469
0.65,-1,542.1939992904663
0.55,-1,542.2100033760071
0.45,-1,542.2270064353943
0.35,-1,542.245011806488
0.23,-1,542.2610144615173
0.23,-1,542.2780177593231
0.1,-1,542.2940213680267
-0.04,-1,542.3110253810883
-0.19,-1,542.3270289897919
-0.35,-1,542.344033241272
-0.51,-1,542.3610365390778
-0.51,-1,542.3770406246185
-0.69,-1,542.3940443992615
-0.88,-1,542.4110481739044
-1.07,-1,542.427051782608
0.0,1,542.6742033958435
0.01,1,542.6911513805389
0.02,1,542.7081301212311
0.05,1,542.725136756897
0.08,1,542.7411515712738
0.08,1,542.7581453323364
0.13,1,542.7750992774963
0.18,1,542.7921032905579
0.23,1,542.80810713768
0.27,1,542.8251101970673
0.3,1,542.8421146869659
0.3,1,542.859118938446
0.34,1,542.8761219978333
0.36,1,542.8931255340576
0.38,1,542.9101302623749
0.38,1,542.9261333942413
0.38,1,542.9431371688843
0.38,1,542.9601447582245
0.38,1,542.9761483669281
0.37,1,542.9931519031525
0.37,1,543.0101561546326
0.38,1,543.0271611213684
0.39,1,543.044163942337
0.42,1,543.0607225894928
0.42,1,543.0777263641357
0.46,0,543.094735622406
0.5,0,543.1117746829987
0.56,0,543.1287968158722
0.62,0,543.144846200943
0.7,0,543.1618671417236
0.7,0,543.1778764724731
0.77,0,543.1948790550232
0.84,0,543.2119197845459
0.92,0,543.2289259433746
1.01,0,543.2449285984039
1.1,0,543.2621750831604
1.1,0,543.2791790962219
1.19,0,543.2960312366486
1.29,0,543.3130350112915
1.4,0,543.3299808502197
1.5,0,543.3459765911102
1.62,0,543.3629834651947
1.73,0,543.3800003528595
1.73,0,543.3969962596893
1.85,0,543.4139914512634
1.97,0,543.4299986362457
2.1,-1,543.4473376274109
2.23,-1,543.4641356468201
2.36,-1,543.4811401367188
2.36,-1,543.4977140426636
2.49,-1,543.5147173404694
2.61,-1,543.5317220687866
2.73,-1,543.548725605011
2.85,-1,543.5657589435577
2.96,-1,543.5817632675171
2.96,-1,543.5987803936005
3.07,-1,543.6158483028412
3.17,-1,543.631852388382
3.26,-1,543.6488559246063
3.35,-1,543.665860414505
3.44,-1,543.6828653812408
3.53,-1,543.6998476982117
0.0,1,543.9631159305573
0.0,1,543.980626821518
0.0,1,543.9976303577423
0.01,1,544.0146346092224
0.03,1,544.0316379070282
0.06,1,544.0486416816711
0.1,1,544.0651576519012
0.14,1,544.0821616649628
0.14,1,544.0991644859314
0.19,1,544.1191694736481
0.25,1,544.1371743679047
0.31,1,544.1541774272919
0.38,1,544.1702015399933
0.45,1,544.1872055530548
0.53,0,544.2042083740234
0.53,0,544.2202124595642
0.63,0,544.2342154979706
0.72,0,544.2502193450928
0.81,0,544.2669837474823
0.9,0,544.2839875221252
0.98,0,544.3009915351868
0.98,0,544.3179950714111
1.06,0,544.3349993228912
1.13,0,544.3510029315948
1.19,0,544.3680067062378
1.25,0,544.3850102424622
1.31,0,544.4020147323608
1.31,0,544.4180216789246
1.35,0,544.4360256195068
1.38,0,544.452029466629
1.41,0,544.469033241272
1.44,0,544.4860367774963
1.48,0,544.5030405521393
1.53,0,544.520045042038
1.53,0,544.5360481739044
1.59,0,544.5540523529053
1.66,0,544.5710566043854
1.74,0,544.5880599021912
1.82,0,544.6050634384155
1.92,-1,544.62206864357
1.92,-1,544.6390709877014
2.03,-1,544.6560747623444
2.15,-1,544.6730785369873
2.27,-1,544.6900827884674
2.39,-1,544.7070860862732
2.5,-1,544.7239897251129
2.6,-1,544.7413566112518
2.6,-1,544.7581622600555
2.69,-1,544.7750017642975
2.78,-1,544.7910056114197
2.88,-1,544.8080205917358
2.99,-1,544.8250131607056
3.11,-1,544.8420169353485
3.11,-1,544.8580198287964
3.25,-1,544.8759212493896
3.39,-1,544.892924785614
3.54,-1,544.9089291095734
3.7,-1,544.9259326457977
0.0,1,545.1974971294403
0.01,1,545.2145040035248
0.02,1,545.231507062912
0.05,1,545.2485110759735
0.08,1,545.265515089035
0.12,1,545.2825191020966
0.12,1,545.2985229492188
0.18,1,545.3155262470245
0.24,1,545.3325302600861
0.31,1,545.349534034729
0.39,1,545.3661065101624
0.48,1,545.3831131458282
0.58,0,545.4001171588898
0.58,0,545.4171209335327
0.69,0,545.4341237545013
0.81,0,545.4511282444
0.94,0,545.4681322574615
1.07,0,545.4851355552673
1.22,0,545.5021398067474
1.22,0,545.5181436538696
1.38,0,545.5351479053497
1.54,0,545.5521516799927
1.7,0,545.5691547393799
1.87,0,545.5851585865021
2.04,0,545.6021625995636
2.04,0,545.619166135788
2.21,0,545.6361708641052
2.38,-1,545.6521737575531
2.56,-1,545.6691770553589
2.74,-1,545.6861808300018
2.92,-1,545.7031846046448
3.1,-1,545.7201890945435
3.1,-1,545.7361922264099
3.28,-1,545.7531960010529
3.47,-1,545.7701992988586
3.66,-1,545.7872033119202
3.86,-1,545.8042073249817
4.07,-1,545.8208620548248
4.07,-1,545.8378658294678
4.29,-1,545.854868888855
4.52,-1,545.8708736896515
0.0,1,546.1316096782684
0.01,1,546.1486122608185
0.02,1,546.1656160354614
0.05,1,546.1816556453705
0.05,1,546.1976592540741
0.09,1,546.2151675224304
0.14,1,546.232171535492
0.19,1,546.2491750717163
0.26,1,546.2661790847778
0.33,1,546.2821819782257
0.33,1,546.2991862297058
0.42,1,546.3161909580231
0.51,0,546.3331942558289
0.61,0,546.3501977920532
0.71,0,546.3672018051147
0.81,0,546.3842055797577
0.92,0,546.4012093544006
0.92,0,546.4180598258972
1.02,0,546.4350633621216
1.13,0,546.4520676136017
1.25,0,546.4690713882446
1.36,0,546.4860756397247
1.48,0,546.5030786991119
1.59,0,546.520105600357
1.59,0,546.5361094474792
1.72,0,546.5531132221222
1.84,0,546.570116519928
1.97,0,546.5871210098267
2.09,0,546.6031243801117
2.22,-1,546.6202425956726
2.22,-1,546.6362462043762
2.36,-1,546.6532499790192
2.49,-1,546.6702554225922
2.63,-1,546.6862571239471
2.77,-1,546.7032608985901
2.91,-1,546.7202687263489
2.91,-1,546.7362718582153
3.06,-1,546.7542765140533
3.21,-1,546.7708494663239
3.36,-1,546.787853717804
3.51,-1,546.8048565387726
3.66,-1,546.8208618164062
3.66,-1,546.8378641605377
3.82,-1,546.8548679351807
3.98,-1,546.8718724250793
4.14,-1,546.888875246048
0.0,1,547.1539540290833
0.01,1,547.1709578037262
0.02,1,547.1879613399506
0.05,1,547.2039654254913
0.08,1,547.2209684848785
0.08,1,547.2369730472565
0.12,1,547.2539768218994
0.15,1,547.2709798812866
0.18,1,547.2879841327667
0.2,1,547.3039879798889
0.22,1,547.3210039138794
0.22,1,547.3370079994202
0.23,1,547.354011297226
0.25,1,547.3712666034698
0.27,1,547.388019323349
0.3,1,547.405023097992
0.34,1,547.4220261573792
0.34,1,547.4380307197571
0.39,1,547.4550342559814
0.45,1,547.4720375537872
0.52,0,547.488041639328
0.6,0,547.5050456523895
0.69,0,547.5220491886139
0.69,0,547.5380532741547
0.78,0,547.5550565719604
0.89,0,547.5720603466034
1.0,0,547.5890645980835
1.12,0,547.606068611145
1.24,0,547.6230716705322
1.24,0,547.639075756073
1.37,0,547.6560788154602
1.49,0,547.6730825901031
1.62,0,547.6890864372253
1.73,0,547.7060902118683
1.85,0,547.7231092453003
1.85,0,547.7391130924225
1.95,0,547.7561166286469
2.06,0,547.773120880127
2.15,-1,547.7891244888306
2.25,-1,547.8061285018921
2.34,-1,547.8231315612793
2.44,-1,547.8401355743408
2.44,-1,547.856139421463
2.55,-1,547.8731429576874
2.67,-1,547.8901472091675
2.8,-1,547.9061505794525
2.93,-1,547.9231541156769
3.07,-1,547.9401586055756
3.07,-1,547.9571621417999
3.2,-1,547.97416639328
3.35,-1,547.9911706447601
3.48,-1,548.0071732997894
3.63,-1,548.0241768360138
3.76,-1,548.0401811599731
3.76,-1,548.0571842193604
3.88,-1,548.0741879940033
0.0,1,548.3425009250641
0.01,1,548.3595621585846
0.01,1,548.3765659332275
0.03,1,548.3935699462891
0.06,1,548.4106152057648
0.1,1,548.4266016483307
0.15,1,548.4436056613922
0.21,1,548.4606094360352
0.21,1,548.4776134490967
0.28,1,548.4946165084839
0.36,1,548.5110547542572
0.45,1,548.5280585289001
0.54,0,548.5450623035431
0.65,0,548.5620665550232
0.65,0,548.5782210826874
0.77,0,548.5952250957489
0.9,0,548.6122288703918
1.03,0,548.6292324066162
1.17,0,548.6462359428406
1.32,0,548.6632404327393
1.45,0,548.680243730545
1.45,0,548.6962475776672
1.6,0,548.7132511138916
1.75,0,548.7302548885345
1.91,0,548.7472596168518
2.07,0,548.764262676239
2.24,-1,548.7812662124634
2.24,-1,548.7972702980042
2.42,-1,548.8152785301208
2.61,-1,548.8312809467316
2.81,-1,548.8482851982117
3.02,-1,548.8644955158234
3.24,-1,548.8815195560455
3.24,-1,548.8985147476196
3.47,-1,548.9154648780823
3.71,-1,548.9324774742126
3.96,-1,548.9494807720184
4.21,-1,548.9663932323456
4.47,-1,548.9833972454071
4.75,-1,549.0003378391266
0.0,1,549.2658393383026
0.01,1,549.2827095985413
0.02,1,549.2997016906738
0.02,1,549.3167054653168
0.06,1,549.333708524704
0.1,1,549.3507122993469
0.14,1,549.3668961524963
0.2,1,549.3839001655579
0.26,1,549.4009048938751
0.26,1,549.4169073104858
0.34,1,549.4349117279053
0.43,1,549.4509155750275
0.53,0,549.4679188728333
0.63,0,549.4839227199554
0.74,0,549.500926733017
0.74,0,549.5169298648834
0.87,0,549.5339334011078
1.0,0,549.550939321518
1.13,0,549.567941904068
1.26,0,549.5849447250366
1.41,0,549.6019492149353
1.41,0,549.6179523468018
1.57,0,549.6349558830261
1.74,0,549.6519603729248
1.91,0,549.6689643859863
2.1,0,549.6859679222107
2.29,-1,549.7029714584351
2.49,-1,549.7199757099152
2.49,-1,549.7359793186188
2.7,-1,549.7529830932617
2.93,-1,549.7699871063232
3.16,-1,549.7869901657104
3.4,-1,549.8029940128326
3.65,-1,549.8199982643127
3.65,-1,549.8370015621185
3.91,-1,549.8550057411194
4.18,-1,549.8700087070465
4.46,-1,549.8870129585266
4.75,-1,549.904016494751
0.0,1,550.1770946979523
0.0,1,550.1940970420837
0.01,1,550.2111010551453
0.02,1,550.2281053066254
0.04,1,550.2441086769104
0.06,1,550.2611122131348
0.06,1,550.2776207923889
0.09,1,550.2951281070709
0.12,1,550.312132358551
0.16,1,550.329136133194
0.2,1,550.3461396694183
0.25,1,550.3631436824799
0.31,1,550.3801476955414
0.31,1,550.3961508274078
0.39,1,550.4131555557251
0.47,1,550.4301600456238
0.55,0,550.4471623897552
0.64,0,550.4631705284119
0.73,0,550.4801743030548
0.73,0,550.4971785545349
0.83,0,550.5141842365265
0.94,0,550.5311889648438
1.04,0,550.548192024231
1.16,0,550.5651962757111
1.26,0,550.5821993350983
1.26,0,550.5992033481598
1.36,0,550.6162073612213
1.46,0,550.6332113742828
1.56,0,550.6502151489258
1.66,0,550.6672186851501
1.77,0,550.6842226982117
1.88,0,550.7012259960175
1.88,0,550.718230009079
2.0,0,550.7352347373962
2.13,-1,550.7522373199463
2.25,-1,550.7692415714264
2.37,-1,550.7862462997437
2.49,-1,550.802248954773
2.49,-1,550.8192534446716
2.6,-1,550.8362567424774
2.71,-1,550.8532605171204
2.82,-1,550.870265007019
2.92,-1,550.8872685432434
3.03,-1,550.9042723178864
3.13,-1,550.9212756156921
3.13,-1,550.9372799396515
3.22,-1,550.9542832374573
3.31,-1,550.9712870121002
3.39,-1,550.9882905483246
3.47,-1,551.0042948722839
3.55,-1,551.0212988853455
3.55,-1,551.0373022556305
3.62,-1,551.0543055534363
0.0,1,551.311368227005
0.0,1,551.3283715248108
0.01,1,551.345374584198
0.02,1,551.3613784313202
0.02,1,551.3783819675446
0.04,1,551.3953876495361
0.07,1,551.4123899936676
0.1,1,551.4293937683105
0.13,1,551.4463977813721
0.16,1,551.463401556015
0.2,1,551.4804055690765
0.2,1,551.4974093437195
0.25,1,551.514413356781
0.3,1,551.5304169654846
0.36,1,551.5474207401276
0.42,1,551.5644242763519
0.48,1,551.581428527832
0.48,1,551.5979363918304
0.56,0,551.6149399280548
0.63,0,551.6319437026978
0.71,0,551.64794754982
0.8,0,551.6649518013
0.88,0,551.6819550991058
0.88,0,551.697958946228
0.98,0,551.7149624824524
1.08,0,551.7319667339325
1.18,0,551.748970746994
1.29,0,551.7659780979156
1.4,0,551.7829813957214
1.5,0,551.7994911670685
1.5,0,551.8164947032928
1.62,0,551.83349776268
1.74,0,551.8505024909973
1.86,0,551.8675062656403
1.99,0,551.8845090866089
2.12,0,551.9015140533447
2.12,0,551.9175174236298
2.25,-1,551.935521364212
2.38,-1,551.9515252113342
2.52,-1,551.9685287475586
2.66,-1,551.9855325222015
2.79,-1,552.0020411014557
2.79,-1,552.0190443992615
2.91,-1,552.0360486507416
3.03,-1,552.0530519485474
3.15,-1,552.069055557251
3.28,-1,552.0860590934753
3.42,-1,552.1030633449554
3.42,-1,552.1210684776306
3.57,-1,552.1380708217621
3.73,-1,552.1550760269165
3.9,-1,552.171079158783
4.07,-1,552.1861016750336
0.0,1,552.4572477340698
0.0,1,552.473756313324
0.01,1,552.4907591342926
0.02,1,552.5077784061432
0.04,1,552.5242719650269
0.06,1,552.541276216507
0.06,1,552.5572803020477
0.09,1,552.5742828845978
0.12,1,552.5908889770508
0.16,1,552.6078929901123
0.2,1,552.6248972415924
0.24,1,552.6419003009796
0.24,1,552.6589045524597
0.29,1,552.6759083271027
0.35,1,552.6919121742249
0.41,1,552.7089159488678
0.47,1,552.7259192466736
0.54,0,552.7429232597351
0.61,0,552.759927034378
0.61,0,552.7759313583374
0.69,0,552.7929351329803
0.78,0,552.8099386692047
0.86,0,552.8269419670105
0.96,0,552.843945980072
1.05,0,552.8609492778778
1.05,0,552.8779537677765
1.16,0,552.8949573040009
1.27,0,552.910961151123
1.39,0,552.927964925766
1.51,0,552.9449696540833
1.65,0,552.9619734287262
1.65,0,552.9789774417877
1.8,0,552.9959800243378
1.96,0,553.0129840373993
2.12,0,553.0299878120422
2.3,-1,553.0469913482666
2.48,-1,553.0639958381653
2.67,-1,553.0810000896454
2.67,-1,553.0980026721954
2.87,-1,553.1150064468384
3.09,-1,553.1320102214813
3.29,-1,553.1500155925751
3.49,-1,553.1670079231262
3.7,-1,553.1840126514435
3.7,-1,553.2010164260864
3.9,-1,553.2170197963715
4.1,-1,553.2330231666565
4.29,-1,553.2490272521973
0.0,1,553.524111032486
0.01,1,553.5411140918732
0.01,1,553.5586240291595
0.03,1,553.5751328468323
0.06,1,553.5921375751495
0.1,1,553.6091413497925
0.15,1,553.626145362854
0.2,1,553.6431488990784
0.26,1,553.6601526737213
0.26,1,553.6761562824249
0.32,1,553.6941602230072
0.38,1,553.7101635932922
0.44,1,553.7271673679352
0.5,0,553.7441716194153
0.57,0,553.7601900100708
0.57,0,553.7771818637848
0.65,0,553.7941854000092
0.73,0,553.8111886978149
0.81,0,553.8271932601929
0.9,0,553.844197511673
0.99,0,553.8611998558044
0.99,0,553.8782043457031
1.06,0,553.8952088356018
1.12,0,553.9122161865234
1.17,0,553.9292197227478
1.23,0,553.9462234973907
1.3,0,553.9632272720337
1.37,0,553.9802305698395
1.37,0,553.9972343444824
1.46,0,554.0142414569855
1.56,0,554.0302453041077
1.67,0,554.0472495555878
1.79,0,554.0638973712921
1.91,0,554.0809013843536
1.91,0,554.0969045162201
2.05,0,554.1149082183838
2.2,-1,554.133912563324
2.35,-1,554.148916721344
2.51,-1,554.1649205684662
2.67,-1,554.1809237003326
2.67,-1,554.1979277133942
2.84,-1,554.2149324417114
3.01,-1,554.2309350967407
3.18,-1,554.2479393482208
3.36,-1,554.2649426460266
3.55,-1,554.2819471359253
3.55,-1,554.2989501953125
3.74,-1,554.3159539699554
3.94,-1,554.3331825733185
4.14,-1,554.35018658638
0.0,1,554.6030597686768
0.0,1,554.618509054184
0.01,1,554.6365127563477
0.02,1,554.6525163650513
0.04,1,554.6700098514557
0.06,1,554.6870131492615
0.08,1,554.7034368515015
0.11,1,554.7204401493073
0.11,1,554.7374439239502
0.15,1,554.7544486522675
0.2,1,554.7717232704163
0.25,1,554.7887125015259
0.32,1,554.8049941062927
0.39,1,554.8219976425171
0.39,1,554.8390018939972
0.48,1,554.8560054302216
0.57,0,554.8730092048645
0.68,0,554.890013217926
0.79,0,554.907016992569
0.91,0,554.9240207672119
1.04,0,554.9410254955292
1.04,0,554.9577741622925
1.18,0,554.9750621318817
1.33,0,554.9910657405853
1.49,0,555.0080699920654
1.66,0,555.0240731239319
1.84,0,555.0410771369934
1.84,0,555.0570809841156
2.01,0,555.0740849971771
2.19,0,555.0910882949829
2.38,-1,555.1080923080444
2.57,-1,555.1250960826874
2.75,-1,555.141099691391
2.75,-1,555.1581528186798
2.93,-1,555.175107717514
3.11,-1,555.1911110877991
3.29,-1,555.2081234455109
3.47,-1,555.225118637085
3.65,-1,555.2411217689514
3.65,-1,555.2581255435944
3.84,-1,555.275130033493
4.03,-1,555.2921345233917
4.22,-1,555.3082315921783
4.42,-1,555.325236082077
0.0,1,555.6029484272003
0.01,1,555.6199517250061
0.01,1,555.636522769928
0.03,1,555.6533544063568
0.06,1,555.6699111461639
0.1,1,555.6869146823883
0.15,1,555.7039186954498
0.21,1,555.7199223041534
0.21,1,555.7359261512756
0.28,1,555.7539298534393
0.36,1,555.7709338665009
0.45,1,555.7869374752045
0.54,0,555.8039445877075
0.65,0,555.8209481239319
0.65,0,555.8369524478912
0.76,0,555.8539562225342
0.88,0,555.87095952034
1.01,0,555.8879637718201
1.15,0,555.9049673080444
1.3,0,555.9209716320038
1.3,0,555.937974691391
1.45,0,555.9549787044525
1.6,0,555.9719822406769
1.75,0,555.988986492157
1.91,0,556.0049905776978
2.07,0,556.021993637085
2.07,0,556.0389976501465
2.23,-1,556.0560011863708
2.39,-1,556.0730051994324
2.56,-1,556.0900092124939
2.73,-1,556.1070132255554
2.9,-1,556.1240162849426
3.07,-1,556.1410200595856
3.07,-1,556.157023191452
3.25,-1,556.174028635025
3.42,-1,556.1910314559937
3.61,-1,556.2080354690552
3.79,-1,556.2240388393402
3.98,-1,556.2410428524017
3.98,-1,556.2570469379425
4.18,-1,556.2743253707886
4.38,-1,556.2911524772644
0.0,1,556.5707244873047
0.01,1,556.587728023529
0.02,1,556.6047322750092
0.05,1,556.6214201450348
0.05,1,556.6379272937775
0.09,1,556.6548964977264
0.14,1,556.6719002723694
0.19,1,556.6879043579102
0.26,1,556.7051281929016
0.33,1,556.7221307754517
0.33,1,556.7381348609924
0.42,1,556.7548797130585
0.51,0,556.7718832492828
0.62,0,556.7888877391815
0.73,0,556.8058915138245
0.85,0,556.822895526886
0.85,0,556.8388986587524
0.98,0,556.8559033870697
1.13,0,556.8729062080383
1.28,0,556.8899099826813
1.44,0,556.9069137573242
1.61,0,556.9239180088043
1.78,0,556.9399211406708
1.78,0,556.9559247493744
1.97,0,556.9729282855988
2.16,0,556.9899320602417
2.36,-1,557.0069360733032
2.57,-1,557.0229396820068
2.76,-1,557.0399439334869
2.76,-1,557.055947303772
2.97,-1,557.0739517211914
3.18,-1,557.089955329895
3.4,-1,557.1069593429565
3.62,-1,557.1239624023438
3.85,-1,557.1399660110474
3.85,-1,557.1569697856903
4.09,-1,557.1739943027496
4.34,-1,557.190997838974
4.6,-1,557.2070019245148
0.0,1,557.4599502086639
0.0,1,557.4764602184296
0.02,1,557.4934837818146
0.04,1,557.510538816452
0.07,1,557.5265369415283
0.11,1,557.5434114933014
0.16,1,557.5604150295258
0.16,1,557.576418876648
0.22,1,557.5944228172302
0.3,1,557.6104426383972
0.38,1,557.6274633407593
0.46,1,557.6444926261902
0.56,0,557.661515712738
0.56,0,557.6785197257996
0.67,0,557.6955454349518
0.79,0,557.7125680446625
0.92,0,557.7295897006989
1.06,0,557.7465927600861
1.2,0,557.7635967731476
1.35,0,557.7806010246277
1.35,0,557.7976040840149
1.52,0,557.8146765232086
1.7,0,557.8316793441772
1.88,0,557.8476831912994
2.07,0,557.864687204361
2.27,-1,557.8818583488464
2.27,-1,557.8988614082336
2.49,-1,557.915867805481
2.71,-1,557.932873249054
2.94,-1,557.9498925209045
3.18,-1,557.9668836593628
3.43,-1,557.9838876724243
3.68,-1,558.0009090900421
3.68,-1,558.0179126262665
3.94,-1,558.0349164009094
4.21,-1,558.0519201755524
4.47,-1,558.0689237117767
4.75,-1,558.0854167938232
0.0,1,558.3375597000122
0.01,1,558.354562997818
0.02,1,558.3715662956238
0.05,1,558.3885707855225
0.08,1,558.405574798584
0.12,1,558.4225785732269
0.12,1,558.438581943512
0.18,1,558.45658659935
0.24,1,558.4725897312164
0.31,1,558.4895932674408
0.39,1,558.5065975189209
0.48,1,558.523601770401
0.56,0,558.539605140686
0.56,0,558.5566084384918
0.65,0,558.5736124515533
0.75,0,558.5906167030334
0.86,0,558.6076197624207
0.98,0,558.6246235370636
1.1,0,558.6416277885437
1.1,0,558.6576306819916
1.23,0,558.6746351718903
1.37,0,558.6916389465332
1.51,0,558.708642244339
1.65,0,558.7261531352997
1.79,0,558.7437019348145
1.94,0,558.7607054710388
1.94,0,558.7777094841003
2.11,0,558.7947132587433
2.28,-1,558.8107171058655
2.45,-1,558.8277206420898
2.64,-1,558.844723701477
2.83,-1,558.8612344264984
2.83,-1,558.8782384395599
3.04,-1,558.8952419757843
3.26,-1,558.9122452735901
3.49,-1,558.9282491207123
3.72,-1,558.9452528953552
3.96,-1,558.9621860980988
4.21,-1,558.9835329055786
4.21,-1,558.99853515625
4.47,-1,559.0130445957184
0.0,1,559.3051118850708
0.01,1,559.3221147060394
0.01,1,559.3381190299988
0.03,1,559.3550324440002
0.06,1,559.3720366954803
0.1,1,559.3890399932861
0.15,1,559.4050440788269
0.21,1,559.4220476150513
0.21,1,559.4380512237549
0.28,1,559.455055475235
0.36,1,559.4720597267151
0.45,1,559.4890627861023
0.54,0,559.5060663223267
0.65,0,559.5226259231567
0.65,0,559.5386295318604
0.76,0,559.5557508468628
0.88,0,559.5727548599243
1.01,0,559.5897595882416
1.14,0,559.6067628860474
1.28,0,559.6237668991089
1.43,0,559.6397700309753
1.43,0,559.6567742824554
1.59,0,559.6733243465424
1.75,0,559.6903290748596
1.92,0,559.707332611084
2.1,0,559.7243359088898
2.28,-1,559.741340637207
2.28,-1,559.7573440074921
2.48,-1,559.7743473052979
2.69,-1,559.7913520336151
2.9,-1,559.8073551654816
3.13,-1,559.8243584632874
3.36,-1,559.8413619995117
3.36,-1,559.8583660125732
3.61,-1,559.8753700256348
3.86,-1,559.8923742771149
4.13,-1,559.9093778133392
4.4,-1,559.9255359172821
4.68,-1,559.9423851966858
0.0,1,560.1953432559967
0.01,1,560.2123467922211
0.02,1,560.2293498516083
0.05,1,560.246354341507
0.08,1,560.2633581161499
0.12,1,560.2803616523743
0.12,1,560.2973659038544
0.18,1,560.3143696784973
0.24,1,560.3303732872009
0.31,1,560.3473773002625
0.39,1,560.3643817901611
0.48,1,560.3813879489899
0.48,1,560.3983914852142
0.58,0,560.4153959751129
0.7,0,560.4323990345001
0.82,0,560.4494028091431
0.94,0,560.4669101238251
1.08,0,560.483913898468
1.22,0,560.5009183883667
1.22,0,560.5179221630096
1.38,0,560.5349261760712
1.55,0,560.5519299507141
1.73,0,560.5679333209991
1.91,0,560.5939390659332
2.1,0,560.6079421043396
2.1,0,560.6219446659088
2.3,-1,560.6369483470917
2.5,-1,560.6519522666931
2.7,-1,560.6684944629669
2.91,-1,560.6854989528656
3.12,-1,560.7025022506714
3.34,-1,560.7195057868958
3.34,-1,560.7365100383759
3.57,-1,560.7535133361816
3.8,-1,560.7695169448853
4.04,-1,560.7895216941833
4.29,-1,560.8045251369476
4.53,-1,560.8205287456512
0.0,1,561.0611417293549
0.0,1,561.0781466960907
0.02,1,561.0951502323151
0.04,1,561.1121549606323
0.07,1,561.1291575431824
0.11,1,561.1461610794067
0.16,1,561.163165807724
0.16,1,561.1791689395905
0.22,1,561.1961724758148
0.3,1,561.2121756076813
0.38,1,561.2288355827332
0.46,1,561.2453465461731
0.56,0,561.2623555660248
0.56,0,561.2793593406677
0.67,0,561.2961838245392
0.79,0,561.3127567768097
0.92,0,561.3299555778503
1.06,0,561.3469595909119
1.2,0,561.3639633655548
1.35,0,561.3799679279327
1.35,0,561.3969712257385
1.52,0,561.4139742851257
1.7,0,561.4309842586517
1.88,0,561.4479875564575
2.07,0,561.4649913311005
2.27,-1,561.481995344162
2.27,-1,561.4989995956421
2.49,-1,561.5160026550293
2.71,-1,561.5330069065094
2.94,-1,561.5500104427338
3.18,-1,561.5670142173767
3.43,-1,561.5840179920197
3.69,-1,561.6010222434998
3.69,-1,561.6170253753662
3.96,-1,561.6340293884277
4.24,-1,561.6510331630707
4.53,-1,561.668036699295
4.82,-1,561.6850407123566
0.0,1,561.8960905075073
0.01,1,561.9120943546295
0.02,1,561.9290978908539
0.05,1,561.9461019039154
0.08,1,561.9631052017212
0.12,1,561.9801096916199
0.12,1,561.9971134662628
0.18,1,562.0141167640686
0.24,1,562.030121088028
0.31,1,562.0471246242523
0.39,1,562.0641283988953
0.48,1,562.0811319351196
0.48,1,562.0981361865997
0.58,0,562.1151392459869
0.7,0,562.1351444721222
0.82,0,562.1541492938995
0.94,0,562.170152425766
1.08,0,562.1861598491669
1.08,0,562.2011632919312
1.23,0,562.2161657810211
1.39,0,562.2321698665619
1.56,0,562.2521741390228
1.74,0,562.2661776542664
1.92,0,562.2831811904907
2.11,0,562.3001849651337
2.11,0,562.317188501358
2.32,-1,562.3341927528381
2.54,-1,562.3511962890625
2.76,-1,562.368200302124
2.99,-1,562.3852083683014
3.23,-1,562.4022119045258
3.23,-1,562.4192159175873
3.49,-1,562.4362189769745
3.75,-1,562.4532237052917
4.02,-1,562.4692273139954
4.3,-1,562.4862303733826
4.59,-1,562.5032346248627
0.0,1,562.764303445816
0.01,1,562.7813167572021
0.01,1,562.7983205318451
0.03,1,562.8153238296509
0.06,1,562.8322610855103
0.1,1,562.8492658138275
0.15,1,562.8662695884705
0.21,1,562.8832728862762
0.27,1,562.9002766609192
0.27,1,562.9162795543671
0.35,1,562.9332847595215
0.44,1,562.9502880573273
0.54,0,562.9673063755035
0.64,0,562.9843113422394
0.74,0,563.0013153553009
0.74,0,563.0183186531067
0.86,0,563.0353229045868
0.98,0,563.0513262748718
1.11,0,563.0683424472809
1.25,0,563.0848519802094
1.4,0,563.1018567085266
1.4,0,563.1188600063324
1.56,0,563.1358721256256
1.74,0,563.1528794765472
1.92,0,563.1698844432831
2.1,0,563.1861371994019
2.3,-1,563.2032313346863
2.3,-1,563.2193052768707
2.51,-1,563.2363088130951
2.73,-1,563.2533128261566
2.96,-1,563.2693164348602
3.2,-1,563.2864184379578
3.44,-1,563.3031363487244
3.69,-1,563.3201403617859
3.69,-1,563.3361434936523
3.96,-1,563.353147983551
4.23,-1,563.3701512813568
4.49,-1,563.3871552944183
4.76,-1,563.4041588306427
0.0,1,563.6410393714905
0.0,1,563.6570434570312
0.02,1,563.6740469932556
0.04,1,563.6910512447357
0.06,1,563.7080543041229
0.09,1,563.7256195545197
0.12,1,563.7420625686646
0.12,1,563.7590663433075
0.18,1,563.7760696411133
0.24,1,563.7930736541748
0.29,1,563.8100774288177
0.33,1,563.8270809650421
0.37,1,563.8440849781036
0.4,1,563.8610887527466
0.4,1,563.8780925273895
0.42,1,563.8950972557068
0.45,1,563.912100315094
0.47,1,563.9291050434113
0.5,0,563.9461076259613
0.53,0,563.9631123542786
0.58,0,563.9801161289215
0.58,0,563.9971199035645
0.64,0,564.0141248703003
0.7,0,564.0311269760132
0.78,0,564.0481317043304
0.86,0,564.0651352405548
0.96,0,564.0821390151978
0.96,0,564.0991423130035
1.06,0,564.1161463260651
1.16,0,564.1331508159637
1.27,0,564.1501548290253
1.38,0,564.169157743454
1.48,0,564.1851623058319
1.48,0,564.2011649608612
1.57,0,564.2171695232391
1.65,0,564.2321722507477
1.72,0,564.2491888999939
1.79,0,564.2661929130554
1.84,0,564.2831959724426
1.89,0,564.2991998195648
1.89,0,564.3162038326263
1.92,0,564.3332073688507
1.95,-1,564.3492238521576
1.96,-1,564.3662285804749
1.99,-1,564.3832318782806
2.02,-1,564.400235414505
2.02,-1,564.4162383079529
2.07,-1,564.434243440628
2.11,-1,564.4502465724945
2.15,-1,564.467250585556
2.18,-1,564.484254360199
2.21,-1,564.5012576580048
2.21,-1,564.5172617435455
2.24,-1,564.5342648029327
2.26,-1,564.5507740974426
2.28,-1,564.5677773952484
2.3,-1,564.5847814083099
2.31,-1,564.6017851829529
2.31,-1,564.6187891960144
2.32,-1,564.635792016983
2.34,-1,564.6527965068817
2.36,-1,564.6698002815247
2.38,-1,564.6868040561676
2.4,-1,564.7038083076477
2.42,-1,564.7208111286163
2.42,-1,564.7368154525757
2.43,-1,564.7534487247467
0.0,1,564.9852089881897
0.0,1,565.0022130012512
0.0,1,565.0182163715363
0.02,1,565.0352201461792
0.03,1,565.051735162735
0.04,1,565.068371295929
0.04,1,565.0943768024445
0.03,1,565.1103806495667
0.03,1,565.1273849010468
0.01,1,565.1443881988525
-0.02,1,565.1593906879425
-0.06,1,565.1763949394226
-0.11,1,565.1913981437683
-0.17,1,565.2074019908905
-0.23,1,565.2234055995941
-0.23,1,565.2394092082977
-0.31,1,565.2554123401642
-0.4,1,565.271420955658
-0.5,1,565.287933588028
-0.6,0,565.3039362430573
-0.71,0,565.3206241130829
-0.71,0,565.3366277217865
-0.84,0,565.3536314964294
-0.98,0,565.370635509491
-1.12,0,565.386638879776
-1.27,0,565.403642654419
-1.43,0,565.4206464290619
-1.43,0,565.4366500377655
-1.61,0,565.4546544551849
-1.79,0,565.47065782547
-1.98,0,565.4876616001129
-2.18,0,565.5046651363373
-2.38,-1,565.5212681293488
-2.38,-1,565.5382709503174
-2.58,-1,565.5552752017975
-2.79,-1,565.5712795257568
-3.0,-1,565.588282585144
-3.21,-1,565.6052856445312
-3.43,-1,565.6219255924225
-3.43,-1,565.6389288902283
-3.66,-1,565.655522108078
-3.89,-1,565.672525882721
-4.13,-1,565.6895298957825
-4.38,-1,565.7065334320068
-4.63,-1,565.7225375175476
0.0,1,566.0281426906586
0.0,1,566.0451459884644
0.01,1,566.0621500015259
0.01,1,566.0781545639038
0.02,1,566.0951573848724
0.04,1,566.111160993576
0.06,1,566.128164768219
0.09,1,566.1451690196991
0.12,1,566.1617457866669
0.12,1,566.1787497997284
0.16,1,566.1947529315948
0.19,1,566.2117574214935
0.23,1,566.2287607192993
0.27,1,566.2457647323608
0.32,1,566.2627682685852
0.35,1,566.2797725200653
0.35,1,566.2967774868011
0.37,1,566.3137800693512
0.38,1,566.3307838439941
0.39,1,566.3477873802185
0.38,1,566.3647909164429
0.37,1,566.3817961215973
0.37,1,566.3987994194031
0.34,1,566.4158022403717
0.31,1,566.4318072795868
0.26,1,566.448810338974
0.21,1,566.4658138751984
0.15,1,566.4828178882599
0.15,1,566.4988219738007
0.08,1,566.5158252716064
-0.01,1,566.5328297615051
-0.1,1,566.5488331317902
-0.2,1,566.5658366680145
-0.31,1,566.5828542709351
-0.42,1,566.5998582839966
-0.42,1,566.6166214942932
-0.56,1,566.6331326961517
-0.7,0,566.6504027843475
-0.84,0,566.6674094200134
-1.0,0,566.6842863559723
-1.16,0,566.701333284378
-1.16,0,566.7183403968811
-1.34,0,566.7353475093842
-1.53,0,566.7519149780273
-1.73,0,566.7684438228607
-1.93,0,566.7858262062073
-2.14,0,566.8028483390808
-2.36,0,566.8198523521423
-2.36,0,566.8368558883667
-2.6,-1,566.8538601398468
-2.84,-1,566.8700060844421
-3.09,-1,566.8870100975037
-3.33,-1,566.9040138721466
-3.56,-1,566.9209184646606
-3.56,-1,566.937920331955
-3.81,-1,566.9547443389893
-4.05,-1,566.9717478752136
-4.28,-1,566.9887518882751
-4.53,-1,567.0057556629181
-4.77,-1,567.0227808952332
0.0,1,567.2858986854553
0.01,1,567.302903175354
0.02,1,567.3194212913513
0.02,1,567.3364248275757
0.06,1,567.3534288406372
0.1,1,567.3704328536987
0.14,1,567.3874361515045
0.19,1,567.404440164566
0.24,1,567.4206025600433
0.24,1,567.4366059303284
0.29,1,567.4546103477478
0.33,1,567.4705650806427
0.36,1,567.4875686168671
0.4,1,567.5045728683472
0.45,1,567.5207626819611
0.45,1,567.5377659797668
0.48,1,567.5547697544098
0.5,0,567.5717732906342
0.52,0,567.5877768993378
0.53,0,567.6047809123993
0.54,0,567.621851682663
0.54,0,567.6388556957245
0.55,0,567.6558587551117
0.57,0,567.6728630065918
0.59,0,567.689866065979
0.62,0,567.7068705558777
0.66,0,567.7228741645813
0.71,0,567.7398777008057
0.71,0,567.7558815479279
0.77,0,567.7730503082275
0.83,0,567.7900533676147
0.89,0,567.8070578575134
0.96,0,567.8240616321564
1.02,0,567.8410646915436
1.02,0,567.8570685386658
1.09,0,567.8740725517273
1.16,0,567.8910763263702
1.24,0,567.9070801734924
1.31,0,567.9240837097168
1.4,0,567.9420883655548
1.4,0,567.9570910930634
1.5,0,567.9749417304993
1.61,0,567.9919447898865
1.72,0,568.0089490413666
1.85,0,568.0249526500702
1.98,-1,568.041955947876
1.98,-1,568.0579605102539
2.13,-1,568.0759637355804
2.28,-1,568.0919673442841
2.45,-1,568.1089723110199
2.62,-1,568.1279752254486
2.8,-1,568.1439788341522
2.8,-1,568.1609826087952
2.99,-1,568.177987575531
3.2,-1,568.195990562439
3.41,-1,568.2139945030212
3.63,-1,568.2309982776642
3.86,-1,568.2470033168793
4.09,-1,568.2640109062195
0.0,1,568.5202844142914
0.0,1,568.5372874736786
0.02,1,568.5542924404144
0.04,1,568.5712957382202
0.07,1,568.588299036026
0.11,1,568.6053042411804
0.16,1,568.622307062149
0.16,1,568.6383106708527
0.22,1,568.6553144454956
0.3,1,568.6718375682831
0.38,1,568.6888406276703
0.46,1,568.705516576767
0.56,0,568.7225210666656
0.56,0,568.7385246753693
0.66,0,568.7555284500122
0.77,0,568.7725319862366
0.88,0,568.7895357608795
1.0,0,568.8055393695831
1.12,0,568.8225433826447
1.24,0,568.839546918869
1.24,0,568.856550693512
1.37,0,568.8735544681549
1.48,0,568.8905582427979
1.6,0,568.9075620174408
1.72,0,568.9235656261444
1.85,0,568.9405698776245
1.85,0,568.9575734138489
1.99,0,568.9745774269104
2.13,0,568.9905805587769
2.28,-1,569.0075845718384
2.43,-1,569.0245888233185
2.59,-1,569.0415921211243
2.59,-1,569.0585956573486
2.77,-1,569.076009273529
2.95,-1,569.0926516056061
3.14,-1,569.1096081733704
3.34,-1,569.1266112327576
3.55,-1,569.1436150074005
3.77,-1,569.1596188545227
3.77,-1,569.1766226291656
3.99,-1,569.1936266422272
4.23,-1,569.210629940033
4.47,-1,569.2276346683502
0.0,1,569.4877007007599
0.01,1,569.5046811103821
0.02,1,569.5217146873474
0.02,1,569.5387041568756
0.06,1,569.555230140686
0.1,1,569.5722329616547
0.14,1,569.5892372131348
0.2,1,569.6062405109406
0.26,1,569.6229386329651
0.34,1,569.6399421691895
0.34,1,569.6559460163116
0.42,1,569.6729497909546
0.52,0,569.689953327179
0.62,0,569.7069571018219
0.74,0,569.7229611873627
0.86,0,569.7399644851685
0.86,0,569.7589688301086
0.99,0,569.775972366333
1.14,0,569.7909758090973
1.29,0,569.8069796562195
1.45,0,569.8229835033417
1.62,0,569.8399875164032
1.62,0,569.8569912910461
1.8,0,569.8739957809448
1.99,0,569.8909990787506
2.17,0,569.9070031642914
2.35,-1,569.9240064620972
2.54,-1,569.9410102367401
2.54,-1,569.9570140838623
2.75,-1,569.9740178585052
2.96,-1,569.991021156311
3.19,-1,570.0070250034332
3.42,-1,570.0240287780762
3.65,-1,570.0410323143005
3.65,-1,570.0580370426178
3.91,-1,570.0750403404236
4.17,-1,570.0925524234772
4.44,-1,570.1090610027313
4.72,-1,570.1260643005371
0.0,1,570.3881418704987
-0.01,1,570.4051461219788
-0.02,1,570.4211502075195
-0.02,1,570.4381532669067
-0.04,1,570.4551572799683
-0.06,1,570.4721612930298
-0.07,1,570.4891648292542
-0.08,1,570.5051681995392
-0.08,1,570.5221724510193
-0.08,1,570.5381760597229
-0.08,1,570.5561802387238
-0.07,1,570.5731835365295
-0.06,1,570.5901873111725
-0.03,1,570.6067740917206
0.0,1,570.6237781047821
0.03,1,570.640781879425
0.03,1,570.6567852497101
0.07,1,570.6735274791718
0.11,1,570.6905317306519
0.16,1,570.7075357437134
0.21,1,570.7251551151276
0.27,1,570.7415432929993
0.27,1,570.7585475444794
0.33,1,570.7755539417267
0.4,1,570.7915580272675
0.47,1,570.8085613250732
0.55,0,570.8255655765533
0.63,0,570.8425695896149
0.71,0,570.8600959777832
0.71,0,570.8760838508606
0.8,0,570.8930876255035
0.9,0,570.9096240997314
1.0,0,570.9266283512115
1.11,0,570.9426317214966
1.22,0,570.9596354961395
1.22,0,570.976639509201
1.36,0,570.993643283844
1.5,0,571.0106472969055
1.64,0,571.0276520252228
1.8,0,571.0446548461914
1.96,0,571.0619232654572
1.96,0,571.077926158905
2.14,0,571.0949301719666
2.33,-1,571.1119344234467
2.53,-1,571.1279382705688
2.73,-1,571.144941329956
2.94,-1,571.1619453430176
2.94,-1,571.177948474884
3.17,-1,571.1949532032013
3.41,-1,571.2119562625885
3.65,-1,571.2289600372314
3.9,-1,571.2459642887115
4.16,-1,571.261969089508
4.16,-1,571.2789719104767
4.44,-1,571.2959752082825
4.72,-1,571.3119795322418
0.0,1,571.5999629497528
0.0,1,571.6169667243958
0.0,1,571.6339707374573
0.01,1,571.6509742736816
0.02,1,571.6679782867432
0.03,1,571.6845543384552
0.04,1,571.7015585899353
0.04,1,571.7185623645782
0.06,1,571.735565662384
0.07,1,571.7525696754456
0.09,1,571.7695732116699
0.12,1,571.7865777015686
0.14,1,571.803581237793
0.16,1,571.8195850849152
0.16,1,571.8365886211395
0.17,1,571.8535928726196
0.17,1,571.8695967197418
0.17,1,571.8866002559662
0.17,1,571.9036040306091
0.17,1,571.9206080436707
0.17,1,571.9376118183136
0.18,1,571.954615354538
0.2,1,571.9706189632416
0.21,1,571.9886229038239
0.24,1,572.004626750946
0.27,1,572.0216307640076
0.27,1,572.0376341342926
0.3,1,572.0546379089355
0.35,1,572.0721924304962
0.39,1,572.0881958007812
0.43,1,572.105199098587
0.46,1,572.12220287323
0.46,1,572.139208316803
0.49,0,572.1562118530273
0.5,0,572.1732149124146
0.51,0,572.1892197132111
0.52,0,572.206221818924
0.51,0,572.2232258319855
0.5,0,572.2392299175262
0.5,0,572.2562341690063
0.47,0,572.2732374668121
0.43,0,572.2902419567108
0.39,0,572.307245016098
0.36,0,572.3242495059967
0.33,1,572.3412566184998
0.33,1,572.3572564125061
0.3,1,572.3742606639862
0.27,1,572.3917832374573
0.25,1,572.4082677364349
0.23,1,572.4252710342407
0.21,1,572.4422750473022
0.21,1,572.459281206131
0.19,1,572.4757890701294
0.18,1,572.4927930831909
0.16,1,572.5097968578339
0.15,1,572.525800704956
0.15,1,572.5428042411804
0.14,0,572.5598077774048
0.14,0,572.5766785144806
0.14,0,572.5936825275421
0.14,0,572.6106860637665
0.14,0,572.6276910305023
0.14,0,572.644693851471
0.15,0,572.661698102951
0.15,0,572.6777029037476
0.16,0,572.694705247879
0.18,0,572.7117099761963
0.21,0,572.7287132740021
0.23,0,572.745717048645
0.27,0,572.762720823288
0.3,0,572.7797243595123
0.3,0,572.7967283725739
0.32,0,572.8137323856354
0.35,0,572.8307363986969
0.38,0,572.8477399349213
0.42,0,572.8647437095642
0.47,0,572.8817481994629
0.47,0,572.8987514972687
0.52,0,572.9157555103302
0.57,0,572.9327592849731
0.63,0,572.9497632980347
0.7,0,572.9664108753204
0.77,0,572.9834151268005
0.84,0,572.999936580658
0.84,0,573.016930103302
0.92,0,573.0339336395264
1.0,0,573.0509397983551
1.09,-1,573.0669467449188
1.18,-1,573.0839500427246
1.28,-1,573.1009588241577
1.28,-1,573.1179618835449
1.39,-1,573.1349658966064
1.5,-1,573.1519758701324
1.62,-1,573.1689786911011
1.74,-1,573.1859838962555
1.86,-1,573.2029867172241
1.86,-1,573.2189900875092
1.99,-1,573.2359988689423
2.13,-1,573.2531390190125
2.27,-1,573.2701482772827
2.41,-1,573.2861754894257
2.56,-1,573.3031804561615
2.71,-1,573.3201830387115
0.0,1,573.6010141372681
0.0,1,573.6170182228088
0.01,1,573.634021282196
0.01,1,573.6510262489319
0.01,1,573.6690299510956
0.02,1,573.6850335597992
0.03,1,573.7020370960236
0.03,1,573.7180411815643
0.05,1,573.7350449562073
0.08,1,573.7520484924316
0.1,1,573.7690515518188
0.14,1,573.786055803299
0.17,1,573.8030593395233
0.17,1,573.8190636634827
0.2,1,573.836067199707
0.23,1,573.8530712127686
0.24,1,573.8700749874115
0.25,1,573.8870787620544
0.25,1,573.9040830135345
0.24,1,573.9210872650146
0.24,1,573.937089920044
0.23,1,573.9550943374634
0.22,1,573.9720981121063
0.22,1,573.9891014099121
0.22,1,574.0051047801971
0.21,1,574.0220296382904
0.21,1,574.0390334129333
0.2,1,574.0560369491577
0.18,1,574.0730412006378
0.15,1,574.0900447368622
0.11,1,574.1070482730865
0.06,1,574.1240525245667
0.01,1,574.1410567760468
0.01,1,574.1570596694946
-0.04,1,574.174063205719
-0.08,1,574.1910676956177
-0.12,1,574.2070715427399
-0.15,1,574.2240741252899
-0.18,1,574.2401511669159
-0.18,1,574.2571547031403
-0.2,1,574.2739772796631
-0.23,1,574.2909812927246
-0.26,1,574.3069851398468
-0.28,1,574.3239886760712
-0.3,1,574.3409929275513
-0.3,1,574.3579964637756
-0.31,1,574.3751723766327
-0.33,1,574.3919026851654
-0.35,1,574.4089069366455
-0.39,1,574.4259102344513
-0.43,1,574.4429140090942
-0.48,1,574.4599175453186
-0.48,1,574.476921081543
-0.55,1,574.4939262866974
-0.62,1,574.5109293460846
-0.7,0,574.5279321670532
-0.79,0,574.5449361801147
-0.89,0,574.5619401931763
-0.89,0,574.5779440402985
-1.0,0,574.5949478149414
-1.13,0,574.6119523048401
-1.24,0,574.6289551258087
-1.36,0,574.6459600925446
-1.48,0,574.6629636287689
-1.48,0,574.6789662837982
-1.6,0,574.6959705352783
-1.71,0,574.7129740715027
-1.82,0,574.7299778461456
-1.93,0,574.7469823360443
-2.04,0,574.7639856338501
-2.14,0,574.7809898853302
-2.14,0,574.797993183136
-2.26,0,574.8149974346161
-2.38,-1,574.8310015201569
-2.52,-1,574.8480043411255
-2.65,-1,574.8650076389313
-2.77,-1,574.88201212883
-2.77,-1,574.8990156650543
-2.89,-1,574.9160194396973
-3.01,-1,574.933023929596
-3.12,-1,574.9490268230438
-3.22,-1,574.9660310745239
-3.32,-1,574.9830348491669
-3.32,-1,574.9990391731262
-3.42,-1,575.0160422325134
-3.51,-1,575.033046245575
-3.59,-1,575.0500507354736
-3.68,-1,575.0670676231384
-3.75,-1,575.0840718746185
-3.83,-1,575.1000764369965
-3.83,-1,575.1180794239044
-3.89,-1,575.1340827941895
0.0,1,575.4121916294098
0.0,1,575.4291949272156
0.01,1,575.4461994171143
0.01,1,575.4632024765015
0.02,1,575.4802069664001
0.02,1,575.4972109794617
0.03,1,575.5142142772675
0.05,1,575.5302186012268
0.06,1,575.5472218990326
0.07,1,575.5642259120941
0.08,1,575.5802285671234
0.08,1,575.5972328186035
0.08,1,575.6142499446869
0.08,1,575.6312532424927
0.07,1,575.6472580432892
0.06,1,575.6692624092102
0.05,1,575.6832656860352
0.05,1,575.698269367218
0.04,1,575.714272737503
0.03,1,575.731276512146
0.01,1,575.7482802867889
-0.02,1,575.7652835845947
-0.06,1,575.7822875976562
-0.06,1,575.7992913722992
-0.11,1,575.8162953853607
-0.16,1,575.8332989215851
-0.21,1,575.850302696228
-0.25,1,575.8673090934753
-0.29,1,575.8833110332489
-0.33,1,575.9003143310547
-0.33,1,575.9168221950531
-0.37,1,575.9338266849518
-0.41,1,575.9508311748505
-0.45,1,575.9676795005798
-0.49,1,575.9846827983856
-0.53,0,576.0009613037109
-0.53,0,576.0179650783539
-0.58,0,576.0349690914154
-0.62,0,576.0519733428955
-0.67,0,576.0689764022827
-0.72,0,576.0859804153442
-0.77,0,576.1029846668243
-0.81,0,576.1199884414673
-0.81,0,576.136992931366
-0.85,0,576.153995513916
-0.89,0,576.1699986457825
-0.92,0,576.1870024204254
-0.96,0,576.2040071487427
-1.01,0,576.2210109233856
-1.01,0,576.2370150089264
-1.06,0,576.254017829895
-1.11,0,576.2710220813751
-1.16,0,576.2880260944366
-1.21,0,576.3050293922424
-1.28,0,576.3210337162018
-1.28,0,576.3380370140076
-1.35,0,576.3550407886505
-1.43,0,576.3720443248749
-1.52,0,576.3880484104156
-1.61,0,576.4050521850586
-1.7,0,576.422055721283
-1.7,0,576.4380595684052
-1.8,0,576.4550631046295
-1.91,0,576.4720675945282
-2.02,-1,576.4890713691711
-2.12,-1,576.5060744285583
-2.23,-1,576.523078918457
-2.34,-1,576.5400826931
-2.34,-1,576.5560863018036
-2.42,-1,576.5730900764465
-2.5,-1,576.5900938510895
-2.57,-1,576.6070973873138
-2.65,-1,576.6231017112732
-2.73,-1,576.640105009079
-2.73,-1,576.6571080684662
-2.84,-1,576.6741328239441
-2.95,-1,576.6916291713715
-3.06,-1,576.7081406116486
-3.19,-1,576.7251436710358
-3.32,-1,576.7421479225159
-3.32,-1,576.7581517696381
-3.47,-1,576.7751550674438
-3.63,-1,576.7921588420868
0.0,1,577.091227054596
-0.01,1,577.10777759552
-0.02,1,577.125926733017
-0.05,1,577.1417853832245
-0.05,1,577.1587507724762
-0.09,1,577.1757552623749
-0.14,1,577.1917581558228
-0.19,1,577.2087664604187
-0.26,1,577.2257702350616
-0.33,1,577.2417750358582
-0.33,1,577.2587823867798
-0.42,1,577.2757890224457
-0.51,0,577.2926797866821
-0.62,0,577.3096873760223
-0.73,0,577.3266966342926
-0.85,0,577.3437011241913
-0.98,0,577.3609616756439
-0.98,0,577.3779504299164
-1.12,0,577.3949575424194
-1.27,0,577.4119606018066
-1.43,0,577.4289646148682
-1.6,0,577.4449682235718
-1.78,0,577.4619724750519
-1.78,0,577.4789760112762
-1.96,0,577.4959826469421
-2.15,0,577.5129861831665
-2.35,-1,577.529990196228
-2.55,-1,577.546993970871
-2.77,-1,577.5639977455139
-2.99,-1,577.5810017585754
-2.99,-1,577.5970051288605
-3.23,-1,577.6140086650848
-3.47,-1,577.6310129165649
-3.73,-1,577.6480169296265
-3.99,-1,577.6650211811066
-4.26,-1,577.6820240020752
-4.26,-1,577.6990284919739
-4.54,-1,577.7160315513611
0.0,1,577.9910984039307
0.0,1,578.0081021785736
0.01,1,578.0254380702972
0.01,1,578.0421104431152
0.01,1,578.0591144561768
0.02,1,578.076117515564
0.03,1,578.0927364826202
0.05,1,578.1097342967987
0.05,1,578.126739025116
0.05,1,578.1437427997589
0.04,1,578.1607456207275
0.04,1,578.1767506599426
0.02,1,578.1940379142761
-0.02,1,578.2100343704224
-0.06,1,578.2270381450653
-0.11,1,578.2440421581268
-0.17,1,578.2610449790955
-0.17,1,578.2770493030548
-0.24,1,578.2940537929535
-0.32,1,578.3110690116882
-0.4,1,578.3275771141052
-0.49,1,578.3445808887482
-0.57,0,578.3610887527466
-0.57,0,578.3780925273895
-0.66,0,578.3950960636139
-0.75,0,578.4111001491547
-0.85,0,578.4281041622162
-0.95,0,578.4451084136963
-1.04,0,578.4621117115021
-1.04,0,578.479115486145
-1.13,0,578.4961197376251
-1.22,0,578.5131227970123
-1.31,0,578.5301291942596
-1.4,0,578.5471339225769
-1.48,0,578.5641372203827
-1.56,0,578.5811438560486
-1.56,0,578.5981476306915
-1.64,0,578.6151521205902
-1.71,0,578.6321578025818
-1.77,0,578.6491611003876
-1.83,0,578.6661651134491
-1.89,0,578.6827812194824
-1.94,0,578.6997842788696
-1.94,0,578.7164499759674
-1.98,0,578.733452796936
-2.02,-1,578.7504575252533
-2.05,-1,578.7674510478973
-2.08,-1,578.783454656601
-2.09,-1,578.800458908081
-2.09,-1,578.8169701099396
-2.1,-1,578.8339731693268
-2.09,-1,578.8509771823883
-2.08,-1,578.8679938316345
-2.05,-1,578.8845105171204
-2.02,-1,578.9020192623138
-2.02,-1,578.9190261363983
-1.98,-1,578.9360332489014
-1.92,-1,578.9523966312408
-1.86,-1,578.9691321849823
-1.79,-1,578.9861350059509
-1.71,-1,579.003139257431
-1.63,-1,579.020143032074
-1.63,-1,579.0371470451355
-1.56,-1,579.0541501045227
-1.49,-1,579.0711545944214
-1.43,-1,579.08815741539
-1.35,-1,579.1051621437073
-1.29,-1,579.1221663951874
-1.29,-1,579.1381697654724
-1.23,-1,579.1551735401154
-1.17,-1,579.172176361084
-1.1,-1,579.1891808509827
-1.04,-1,579.2061848640442
-0.96,-1,579.2221887111664
-0.96,-1,579.2391924858093
-0.88,-1,579.2561964988708
-0.79,-1,579.2732026576996
-0.7,-1,579.2892074584961
-0.61,-1,579.3062098026276
0.0,1,579.5933103561401
0.01,1,579.6103405952454
0.02,1,579.62633061409
0.05,1,579.6433568000793
0.08,1,579.6603896617889
0.08,1,579.6773788928986
0.13,1,579.6944193840027
0.17,1,579.7114224433899
0.2,1,579.7284393310547
0.22,1,579.7444593906403
0.24,1,579.7614636421204
0.24,1,579.7784676551819
0.24,1,579.7954709529877
0.23,1,579.8114886283875
0.22,1,579.8285076618195
0.2,1,579.845534324646
0.19,1,579.8625559806824
0.18,1,579.8795602321625
0.18,1,579.8965797424316
0.17,1,579.913583278656
0.17,1,579.9301023483276
0.17,1,579.9466118812561
0.17,1,579.9636158943176
0.17,1,579.9806544780731
0.17,1,579.9966604709625
0.18,1,580.0137269496918
0.19,1,580.0307710170746
0.2,1,580.0467643737793
0.22,1,580.0638964176178
0.23,1,580.0809001922607
0.23,1,580.0979039669037
0.26,1,580.114907503128
0.28,1,580.1319215297699
0.31,1,580.1489269733429
0.33,1,580.1659350395203
0.36,1,580.182938337326
0.39,1,580.1999428272247
0.39,1,580.2169489860535
0.39,1,580.2342343330383
0.39,0,580.2511415481567
0.38,0,580.268147945404
0.36,0,580.285151720047
0.34,1,580.301899433136
0.34,1,580.3189032077789
0.29,1,580.3359076976776
0.24,1,580.3519110679626
0.19,1,580.3689143657684
0.14,1,580.3859186172485
0.09,1,580.4029259681702
0.06,1,580.4199285507202
0.06,1,580.4359323978424
0.04,1,580.4539365768433
0.01,1,580.4699401855469
-0.01,1,580.4869439601898
-0.03,1,580.5039479732513
-0.07,1,580.5209519863129
-0.07,1,580.5379550457001
-0.11,1,580.5549595355988
-0.15,1,580.5719630718231
-0.2,1,580.5889663696289
-0.25,1,580.6059696674347
-0.29,1,580.6229739189148
-0.29,1,580.638977766037
-0.34,1,580.6559815406799
-0.38,1,580.6729860305786
-0.42,1,580.6899888515472
-0.46,1,580.7059926986694
-0.49,1,580.7229976654053
-0.52,1,580.7400000095367
-0.52,1,580.7560040950775
-0.53,1,580.7730629444122
-0.53,1,580.7900667190552
-0.54,1,580.8070709705353
-0.55,1,580.8240742683411
-0.56,1,580.841078042984
-0.56,1,580.8570816516876
-0.57,1,580.8740859031677
-0.59,1,580.8910903930664
-0.6,1,580.9080929756165
-0.62,1,580.9251458644867
-0.63,1,580.9421002864838
-0.63,1,580.9591040611267
-0.63,1,580.9761216640472
-0.64,1,580.9931259155273
-0.65,1,581.0101294517517
-0.66,1,581.0271337032318
-0.67,1,581.0441377162933
-0.67,1,581.0611417293549
-0.67,1,581.0771448612213
-0.67,1,581.0941498279572
-0.66,1,581.11115193367
-0.65,1,581.1281569004059
-0.64,1,581.1451604366302
-0.63,1,581.1621644496918
-0.63,1,581.1781680583954
-0.6,1,581.1951718330383
-0.57,0,581.2121751308441
-0.54,0,581.2281787395477
-0.51,0,581.2451822757721
-0.49,0,581.2621862888336
-0.49,0,581.2781898975372
-0.48,0,581.2961945533752
-0.47,0,581.3128509521484
-0.44,0,581.3288550376892
-0.41,0,581.3458588123322
-0.39,0,581.3625044822693
-0.39,0,581.3785080909729
-0.39,0,581.3955121040344
-0.39,0,581.4125156402588
-0.4,0,581.4295196533203
-0.42,0,581.4465229511261
-0.44,0,581.4635269641876
-0.47,0,581.4805316925049
-0.47,0,581.4971303939819
-0.5,0,581.5181379318237
-0.54,0,581.5321414470673
-0.57,0,581.5481450557709
-0.62,0,581.5651488304138
-0.68,0,581.5821523666382
-0.68,0,581.5981557369232
-0.75,0,581.6151595115662
-0.83,0,581.6321685314178
-0.92,0,581.6491720676422
-1.01,0,581.6661756038666
-1.12,0,581.6831796169281
-1.23,0,581.7001941204071
-1.23,0,581.7166881561279
-1.36,0,581.7336893081665
-1.49,0,581.7505550384521
-1.64,0,581.7670736312866
-1.79,0,581.784077167511
-1.95,0,581.8010809421539
-1.95,0,581.8180847167969
-2.13,0,581.8350894451141
-2.31,0,581.8510930538177
-2.5,1,581.868096113205
-2.7,1,581.8851003646851
-2.91,1,581.9021039009094
-2.91,1,581.919107913971
-3.13,1,581.9361114501953
-3.37,1,581.9531154632568
-3.61,1,581.9701189994812
-3.85,1,581.9871234893799
-4.11,0,582.0041265487671
-4.37,0,582.0211308002472
-4.37,0,582.0381345748901
-4.65,0,582.0551378726959
-4.94,0,582.0711421966553
-5.23,0,582.0881452560425
-5.51,0,582.1051502227783
-5.79,0,582.122153043747
-5.79,0,582.1381573677063
-6.08,0,582.1551601886749
-6.37,0,582.1721642017365
-6.66,-1,582.1891684532166
-6.96,-1,582.2061719894409
-7.26,-1,582.2231760025024
-7.57,-1,582.240180015564
-7.57,-1,582.2571837902069
-7.88,-1,582.27392578125
-8.18,-1,582.2909290790558
-8.47,-1,582.3079335689545
-8.76,-1,582.3249366283417
-9.04,-1,582.3419408798218
-9.04,-1,582.3579442501068
-9.31,-1,582.3746614456177
0.0,1,582.6482408046722
0.01,1,582.6652443408966
0.02,1,582.6822481155396
0.02,1,582.6992521286011
0.06,1,582.716255903244
0.09,1,582.7322590351105
0.13,1,582.7492635250092
0.16,1,582.7662675380707
0.19,1,582.7832713127136
0.23,1,582.8002746105194
0.23,1,582.8172791004181
0.28,1,582.834282875061
0.34,1,582.8512864112854
0.4,1,582.8682894706726
0.47,1,582.8852944374084
0.53,0,582.9022996425629
0.53,0,582.9193036556244
0.6,0,582.9359972476959
0.68,0,582.9530005455017
0.77,0,582.9690043926239
0.85,0,582.986008644104
0.94,0,583.0030121803284
1.04,0,583.0200159549713
1.04,0,583.0370197296143
1.16,0,583.0540237426758
1.28,0,583.0700271129608
1.41,0,583.0870308876038
1.55,0,583.1040351390839
1.68,0,583.1210381984711
1.68,0,583.1370418071747
1.82,0,583.1550462245941
1.96,0,583.1710503101349
2.12,0,583.1880533695221
2.28,-1,583.2050576210022
2.44,-1,583.2216598987579
2.44,-1,583.2386629581451
2.58,-1,583.2556664943695
2.71,-1,583.2726700305939
2.84,-1,583.289674282074
2.95,-1,583.3066775798798
3.06,-1,583.3226816654205
3.16,-1,583.3396849632263
3.16,-1,583.3556890487671
3.26,-1,583.3736929893494
3.35,-1,583.389696598053
3.44,-1,583.4067003726959
3.53,-1,583.4237041473389
3.61,-1,583.4407079219818
3.61,-1,583.4577116966248
3.7,-1,583.4747157096863
0.0,1,583.7603080272675
0.0,1,583.7763111591339
0.01,1,583.7943158149719
0.02,1,583.8103194236755
0.04,1,583.8273229598999
0.06,1,583.8443269729614
0.09,1,583.8613307476044
0.09,1,583.8773338794708
0.11,1,583.8953382968903
0.15,1,583.9123418331146
0.19,1,583.9293458461761
0.24,1,583.9463496208191
0.3,1,583.9633536338806
0.36,1,583.9803574085236
0.36,1,583.9973611831665
0.43,1,584.0143649578094
0.51,0,584.0313692092896
0.59,0,584.0483725070953
0.68,0,584.065376996994
0.78,0,584.0823800563812
0.78,0,584.0993845462799
0.89,0,584.1158928871155
1.01,0,584.1329004764557
1.14,0,584.1499221324921
1.27,0,584.1699137687683
1.41,0,584.187922000885
1.54,0,584.203928232193
1.54,0,584.2189311981201
1.69,0,584.2339401245117
1.83,0,584.2509434223175
1.98,0,584.2679488658905
2.12,0,584.2849690914154
2.27,-1,584.3020606040955
2.27,-1,584.3190643787384
2.43,-1,584.3360824584961
2.58,-1,584.3528895378113
2.74,-1,584.369903087616
2.9,-1,584.3868985176086
3.06,-1,584.4039022922516
3.23,-1,584.4208393096924
3.23,-1,584.4368450641632
3.4,-1,584.4538514614105
3.58,-1,584.4708576202393
3.77,-1,584.486997127533
3.97,-1,584.5040013790131
4.15,-1,584.5206708908081
4.15,-1,584.5366859436035
4.32,-1,584.5536901950836
0.0,1,584.8261938095093
0.01,1,584.8432977199554
0.02,1,584.860301733017
0.02,1,584.8773059844971
0.06,1,584.8943090438843
0.1,1,584.9113128185272
0.14,1,584.9283168315887
0.2,1,584.9448707103729
0.26,1,584.9613709449768
0.26,1,584.9783639907837
0.34,1,584.9953672885895
0.43,1,585.0113711357117
0.52,0,585.028374671936
0.61,0,585.0453789234161
0.7,0,585.0613822937012
0.7,0,585.0783858299255
0.81,0,585.0953898429871
0.92,0,585.1123931407928
1.03,0,585.1283981800079
1.14,0,585.1464049816132
1.27,0,585.1624088287354
1.27,0,585.178412437439
1.4,0,585.1964163780212
1.53,0,585.2124202251434
1.66,0,585.2300395965576
1.79,0,585.2460389137268
1.93,0,585.2630434036255
2.07,0,585.2800469398499
2.07,0,585.2970497608185
2.21,-1,585.3140540122986
2.35,-1,585.3310587406158
2.5,-1,585.348061800003
2.65,-1,585.3650658130646
2.8,-1,585.3820693492889
2.8,-1,585.3990728855133
2.95,-1,585.416077375412
3.11,-1,585.4330811500549
3.26,-1,585.4500844478607
3.42,-1,585.4670886993408
3.59,-1,585.4840929508209
3.75,-1,585.5010962486267
3.75,-1,585.5180995464325
3.92,-1,585.5351037979126
4.08,-1,585.5521080493927
4.23,-1,585.5691125392914
0.0,1,585.8171672821045
0.01,1,585.8341710567474
0.02,1,585.8511753082275
0.05,1,585.8681786060333
0.08,1,585.8851826190948
0.12,1,585.9021866321564
0.12,1,585.9191899299622
0.18,1,585.9361937046051
0.24,1,585.9531979560852
0.3,1,585.9702019691467
0.37,1,585.9872057437897
0.44,1,586.004209280014
0.53,0,586.0212123394012
0.53,0,586.0372166633606
0.63,0,586.0542204380035
0.74,0,586.0712242126465
0.85,0,586.088228225708
0.98,0,586.1052315235138
1.11,0,586.122236251831
1.11,0,586.139240026474
1.25,0,586.1552443504333
1.4,0,586.1722464561462
1.56,0,586.1892507076263
1.72,0,586.2052550315857
1.9,0,586.2222621440887
1.9,0,586.2382655143738
2.09,0,586.2552690505981
2.29,-1,586.2722733020782
2.49,-1,586.2892770767212
2.71,-1,586.3052809238434
2.93,-1,586.3226776123047
3.16,-1,586.3396816253662
3.16,-1,586.3556849956512
3.39,-1,586.3726890087128
3.63,-1,586.3896927833557
3.87,-1,586.4066963195801
4.13,-1,586.423700094223
4.39,-1,586.4397037029266
4.39,-1,586.4567077159882
4.66,-1,586.4737119674683
0.0,1,586.7275958061218
0.01,1,586.7446355819702
0.02,1,586.761638879776
0.02,1,586.7785174846649
0.06,1,586.7955222129822
0.1,1,586.8126814365387
0.14,1,586.8295130729675
0.2,1,586.8465173244476
0.26,1,586.863520860672
0.31,1,586.8805246353149
0.31,1,586.897050857544
0.38,1,586.9137575626373
0.44,1,586.9307610988617
0.51,0,586.9477646350861
0.59,0,586.964768409729
0.66,0,586.9817728996277
0.66,0,586.9987761974335
0.75,0,587.0157794952393
0.84,0,587.0327839851379
0.93,0,587.048787355423
1.02,0,587.0657906532288
1.12,0,587.0827946662903
1.22,0,587.099532365799
1.22,0,587.1165368556976
1.33,0,587.1335391998291
1.44,0,587.1495440006256
1.54,0,587.1665515899658
1.64,0,587.1825551986694
1.73,0,587.1995594501495
1.73,0,587.2165639400482
1.8,0,587.2335669994354
1.88,0,587.2495708465576
1.95,0,587.2665748596191
2.04,0,587.2835781574249
2.12,-1,587.3005819320679
2.12,-1,587.3165860176086
2.18,-1,587.3335900306702
2.25,-1,587.3505930900574
2.32,-1,587.3675968647003
2.39,-1,587.3846011161804
2.48,-1,587.4016053676605
2.48,-1,587.4186086654663
2.56,-1,587.4356124401093
2.65,-1,587.4526164531708
2.75,-1,587.4696199893951
2.85,-1,587.4866237640381
2.97,-1,587.5036277770996
3.08,-1,587.5206315517426
3.08,-1,587.5376355648041
3.21,-1,587.5546391010284
3.34,-1,587.57164311409
3.48,-1,587.5876467227936
3.62,-1,587.604650259018
3.76,-1,587.621654510498
0.0,1,587.8957161903381
0.0,1,587.9127194881439
0.01,1,587.9292278289795
0.01,1,587.9462316036224
0.02,1,587.963235616684
0.02,1,587.9802396297455
0.02,1,587.9972434043884
0.03,1,588.0137288570404
0.04,1,588.0303437709808
0.04,1,588.0473473072052
0.05,1,588.0643515586853
0.06,1,588.0813565254211
0.06,1,588.0983593463898
0.07,1,588.115362405777
0.09,1,588.1323661804199
0.11,1,588.1493704319
0.13,1,588.1663739681244
0.14,1,588.1833786964417
0.16,1,588.2003819942474
0.16,1,588.2173855304718
0.18,1,588.2363896369934
0.2,1,588.252393245697
0.21,1,588.2683985233307
0.22,1,588.2854008674622
0.23,1,588.300404548645
0.23,1,588.3174080848694
0.26,1,588.3344123363495
0.29,1,588.3514158725739
0.32,1,588.3684198856354
0.36,1,588.3854241371155
0.39,1,588.4024274349213
0.39,1,588.4184310436249
0.44,1,588.435435295105
0.47,0,588.4524385929108
0.51,0,588.4694428443909
0.55,0,588.4864461421967
0.58,0,588.5034503936768
0.61,0,588.5204541683197
0.61,0,588.5369637012482
0.64,0,588.5539667606354
0.69,0,588.5709712505341
0.72,0,588.5879747867584
0.75,0,588.6049790382385
0.78,0,588.6219823360443
0.78,0,588.6379866600037
0.8,0,588.654990196228
0.83,0,588.6719932556152
0.85,0,588.6879975795746
0.89,0,588.705001115799
0.92,0,588.722005367279
0.92,0,588.7380087375641
0.95,0,588.7550115585327
0.98,0,588.7728378772736
1.01,0,588.7898414134979
1.05,0,588.8068454265594
1.07,0,588.823849439621
1.11,0,588.8408529758453
1.11,0,588.8568563461304
1.16,0,588.8738605976105
1.21,0,588.8908650875092
1.27,0,588.9078679084778
1.33,0,588.9238717556
1.39,0,588.9408760070801
1.39,0,588.9568793773651
1.46,0,588.974883556366
1.52,0,588.9918870925903
1.58,0,589.0088903903961
1.63,-1,589.0258948802948
1.7,-1,589.0428986549377
1.77,-1,589.0599029064178
1.77,-1,589.0759062767029
1.85,-1,589.0929100513458
1.93,-1,589.1099143028259
2.03,-1,589.1269166469574
2.13,-1,589.1439208984375
2.25,-1,589.1609246730804
2.25,-1,589.1769282817841
2.37,-1,589.1939318180084
2.51,-1,589.2109363079071
2.65,-1,589.2269401550293
2.79,-1,589.2439432144165
2.95,-1,589.2609486579895
2.95,-1,589.2779514789581
3.12,-1,589.2949552536011
3.3,-1,589.3109586238861
3.49,-1,589.3279631137848
0.0,1,589.6398582458496
0.0,1,589.6568620204926
0.02,1,589.6740384101868
0.04,1,589.6910426616669
0.07,1,589.7080454826355
0.11,1,589.7250499725342
0.14,1,589.7410531044006
0.14,1,589.7570569515228
0.19,1,589.7750611305237
0.25,1,589.7910647392273
0.31,1,589.8080689907074
0.38,1,589.824848651886
0.46,1,589.840852022171
0.46,1,589.8578562736511
0.55,0,589.8748598098755
0.62,0,589.8918640613556
0.7,0,589.9088673591614
0.79,0,589.9258708953857
0.88,0,589.9428746700287
0.97,0,589.9598784446716
0.97,0,589.9808835983276
1.08,0,589.9958872795105
1.2,0,590.0108897686005
1.33,0,590.0268940925598
1.47,0,590.0438978672028
1.61,0,590.0609011650085
1.61,0,590.0779056549072
1.77,0,590.0949087142944
1.94,0,590.1119129657745
2.12,0,590.1289165019989
2.3,-1,590.1459200382233
2.49,-1,590.162927865982
2.49,-1,590.1789312362671
2.7,-1,590.1959357261658
2.92,-1,590.212938785553
3.14,-1,590.2299430370331
3.37,-1,590.2459466457367
3.61,-1,590.2630004882812
3.86,-1,590.2800061702728
3.86,-1,590.2973389625549
4.12,-1,590.3138599395752
4.38,-1,590.3308670520782
4.65,-1,590.3478705883026
0.0,1,590.5849235057831
-0.01,1,590.6019275188446
-0.01,1,590.6184511184692
-0.03,1,590.6354749202728
-0.06,1,590.6524798870087
-0.1,1,590.6684832572937
-0.15,1,590.6854908466339
-0.21,1,590.7024948596954
-0.27,1,590.7200217247009
-0.27,1,590.7365462779999
-0.35,1,590.7535507678986
-0.44,1,590.7695541381836
-0.54,0,590.7865574359894
-0.64,0,590.8035614490509
-0.75,0,590.8205649852753
-0.75,0,590.8375699520111
-0.88,0,590.8545408248901
-1.02,0,590.8715448379517
-1.16,0,590.8875479698181
-1.3,0,590.9045519828796
-1.45,0,590.9215571880341
-1.45,0,590.9385597705841
-1.61,0,590.9555811882019
-1.76,0,590.9725849628448
-1.92,0,590.9885890483856
-2.09,0,591.00559258461
-2.27,-1,591.0225958824158
-2.27,-1,591.0386025905609
-2.47,-1,591.055627822876
-2.66,-1,591.0726315975189
-2.85,-1,591.0899660587311
-3.05,-1,591.1064763069153
-3.24,-1,591.1224973201752
-3.24,-1,591.1395039558411
-3.42,-1,591.1565463542938
-3.59,-1,591.1725697517395
-3.76,-1,591.1899077892303
-3.91,-1,591.2065029144287
-4.06,-1,591.2225065231323
-4.06,-1,591.2385096549988
-4.19,-1,591.2565317153931
0.0,1,591.4978671073914
-0.01,1,591.5148708820343
-0.02,1,591.5318748950958
-0.05,1,591.5488786697388
-0.08,1,591.5658822059631
-0.12,1,591.5828862190247
-0.17,1,591.5999600887299
-0.17,1,591.6165013313293
-0.23,1,591.6335051059723
-0.3,1,591.6505088806152
-0.37,1,591.6665127277374
-0.45,1,591.6835157871246
-0.53,0,591.700026512146
-0.53,0,591.7167704105377
-0.63,0,591.7337741851807
-0.74,0,591.7507784366608
-0.85,0,591.7667818069458
-0.97,0,591.7837853431702
-1.09,0,591.7997894287109
-1.09,0,591.8167924880981
-1.22,0,591.8337967395782
-1.35,0,591.8508007526398
-1.49,0,591.8668041229248
-1.64,0,591.8838086128235
-1.78,0,591.9008121490479
-1.78,0,591.9178159236908
-1.93,0,591.934818983078
-2.08,0,591.9518249034882
-2.24,-1,591.9678285121918
-2.4,-1,591.9853475093842
-2.56,-1,592.0017609596252
-2.56,-1,592.0186920166016
-2.71,-1,592.0356960296631
-2.86,-1,592.0526993274689
-3.02,-1,592.0697038173676
-3.18,-1,592.0867075920105
-3.34,-1,592.1037113666534
-3.51,-1,592.1207191944122
-3.51,-1,592.1377203464508
-3.69,-1,592.1547241210938
-3.86,-1,592.1717276573181
-4.02,-1,592.1887364387512
-4.19,-1,592.2107410430908
0.0,1,592.4647159576416
0.0,1,592.4817199707031
0.0,1,592.4997239112854
0.02,1,592.5177273750305
0.03,1,592.5357315540314
0.04,1,592.5527536869049
0.03,1,592.5767588615417
0.02,1,592.5937628746033
0.02,1,592.613766670227
0.0,1,592.6297707557678
-0.04,1,592.6477751731873
-0.07,1,592.6657795906067
-0.09,1,592.6817829608917
-0.11,1,592.6987864971161
-0.13,1,592.7137894630432
-0.15,1,592.729793548584
-0.15,1,592.7447972297668
-0.16,1,592.7618010044098
-0.19,1,592.7768037319183
-0.22,1,592.792807340622
-0.27,1,592.8078112602234
-0.3,1,592.8228144645691
-0.3,1,592.8388175964355
-0.36,1,592.8558216094971
-0.41,1,592.8729782104492
-0.45,1,592.8899819850922
-0.51,0,592.9069857597351
-0.57,0,592.9239892959595
-0.64,0,592.9409937858582
-0.64,0,592.9569971561432
-0.71,0,592.9740014076233
-0.78,0,592.9910051822662
-0.85,0,593.0080082416534
-0.91,0,593.025012254715
-0.97,0,593.0410158634186
-0.97,0,593.058019399643
-1.02,0,593.0750238895416
-1.07,0,593.092027425766
-1.11,0,593.1090314388275
-1.15,0,593.126543045044
-1.18,0,593.142546415329
-1.18,0,593.1585500240326
-1.23,0,593.1759943962097
-1.29,0,593.1989996433258
-1.35,0,593.2160034179688
-1.43,0,593.2330074310303
-1.5,0,593.2500107288361
-1.5,0,593.2640166282654
-1.58,0,593.280020236969
-1.66,0,593.296023607254
-1.73,0,593.3130278587341
-1.8,0,593.3290319442749
-1.88,0,593.3450353145599
-1.96,-1,593.3600387573242
-1.96,-1,593.3770430088043
-2.05,-1,593.3940465450287
-2.13,-1,593.4110498428345
-2.21,-1,593.4270539283752
-2.3,-1,593.4440574645996
-2.38,-1,593.460061788559
-2.38,-1,593.4770653247833
-2.46,-1,593.4940688610077
-2.55,-1,593.5110733509064
-2.64,-1,593.5280771255493
-2.73,-1,593.5450801849365
-2.82,-1,593.5620844364166
-2.82,-1,593.5790877342224
-2.92,-1,593.5960912704468
-3.02,-1,593.6130950450897
-3.11,-1,593.6290998458862
-3.2,-1,593.6461029052734
-3.28,-1,593.663106918335
0.0,1,593.8968939781189
0.0,1,593.913898229599
0.01,1,593.9309022426605
0.01,1,593.9479057788849
0.0,1,593.9649095535278
-0.01,1,593.9819133281708
-0.01,1,593.9989173412323
-0.04,1,594.015921831131
-0.08,1,594.0319242477417
-0.12,1,594.0489280223846
-0.15,1,594.0659317970276
-0.18,1,594.0829358100891
-0.2,1,594.099939584732
-0.2,1,594.1179444789886
-0.22,1,594.1349470615387
-0.23,1,594.1519508361816
-0.24,1,594.1689548492432
-0.24,1,594.1849591732025
-0.24,1,594.2019619941711
-0.24,1,594.2179656028748
-0.26,1,594.2349693775177
-0.28,1,594.2529735565186
-0.32,1,594.269289970398
-0.36,1,594.285295009613
-0.4,1,594.3022975921631
-0.4,1,594.3185594081879
-0.47,1,594.3355629444122
-0.53,0,594.3525669574738
-0.58,0,594.3695704936981
-0.64,0,594.3855738639832
-0.68,0,594.4025783538818
-0.68,0,594.4185855388641
-0.72,0,594.4355895519257
-0.76,0,594.45259308815
-0.79,0,594.4697942733765
-0.82,0,594.4877977371216
-0.84,0,594.5058033466339
-0.84,0,594.5228066444397
-0.87,0,594.5398106575012
-0.91,0,594.5568137168884
-0.94,0,594.5728178024292
-0.97,0,594.5868217945099
-0.99,0,594.6038243770599
-1.01,0,594.6208283901215
-1.01,0,594.6378326416016
-1.02,0,594.6548357009888
-1.03,0,594.670839548111
-1.05,0,594.6878445148468
-1.07,0,594.7048478126526
-1.1,0,594.7218515872955
-1.1,0,594.7378549575806
-1.15,0,594.7548582553864
-1.2,0,594.7718622684479
-1.25,0,594.7888693809509
-1.29,0,594.8058726787567
-1.33,0,594.8218765258789
-1.33,0,594.8388803005219
-1.38,0,594.8558843135834
-1.42,0,594.8718917369843
-1.45,0,594.8888988494873
-1.47,0,594.9059047698975
-1.5,0,594.9224157333374
-1.5,0,594.9384181499481
-1.53,-1,594.956422328949
-1.57,-1,594.9724254608154
-1.61,-1,594.988968372345
-1.65,-1,595.005970954895
-1.69,-1,595.0229759216309
-1.69,-1,595.0389792919159
-1.72,-1,595.0559825897217
-1.75,-1,595.0729863643646
-1.77,-1,595.0899906158447
-1.79,-1,595.1069941520691
-1.81,-1,595.1239974498749
-1.83,-1,595.1400012969971
-1.83,-1,595.1570055484772
-1.84,-1,595.1740093231201
-1.85,-1,595.1910130977631
-1.87,-1,595.208016872406
-1.89,-1,595.2250201702118
-1.92,-1,595.2420253753662
-1.92,-1,595.2580285072327
-1.93,-1,595.2750322818756
-1.94,-1,595.2920367717743
-1.95,-1,595.3090393543243
-1.96,-1,595.3260431289673
0.0,1,595.5652396678925
0.0,1,595.5822434425354
0.0,1,595.5982472896576
0.01,1,595.6152510643005
0.02,1,595.632257938385
0.02,1,595.6492619514465
0.02,1,595.6658201217651
0.02,1,595.6827201843262
0.02,1,595.698724269867
0.04,1,595.7157442569733
0.05,1,595.7326443195343
0.07,1,595.7496635913849
0.1,1,595.7666680812836
0.14,1,595.783686876297
0.18,1,595.8002042770386
0.18,1,595.8167140483856
0.24,1,595.8337173461914
0.31,1,595.8507652282715
0.39,1,595.8667590618134
0.47,1,595.8837628364563
0.56,0,595.9008479118347
0.56,0,595.9168429374695
0.66,0,595.9337430000305
0.75,0,595.9507868289948
0.84,0,595.966792345047
0.92,0,595.9837968349457
1.0,0,596.0007996559143
1.0,0,596.0178036689758
1.09,0,596.0347721576691
1.17,0,596.0517764091492
1.26,0,596.0688369274139
1.35,0,596.0858409404755
1.43,0,596.1028480529785
1.51,0,596.1199095249176
1.51,0,596.1368668079376
1.58,0,596.153870344162
1.66,0,596.1707623004913
1.75,0,596.1877772808075
1.83,0,596.2038192749023
1.92,0,596.2208225727081
1.92,0,596.2378270626068
2.01,0,596.2548186779022
2.1,-1,596.271164894104
2.19,-1,596.2881681919098
2.29,-1,596.3049063682556
2.39,-1,596.3219101428986
2.39,-1,596.3379135131836
2.49,-1,596.3549175262451
2.6,-1,596.3719210624695
2.72,-1,596.388925075531
2.84,-1,596.4059290885925
2.98,-1,596.4229366779327
3.11,-1,596.4399394989014
3.11,-1,596.4559438228607
3.25,-1,596.472948551178
3.39,-1,596.4899525642395
3.53,-1,596.5059554576874
3.65,-1,596.5229587554932
3.77,-1,596.5399625301361
0.0,1,596.7760210037231
0.0,1,596.7932381629944
0.01,1,596.8100287914276
0.0,1,596.8270328044891
0.0,1,596.8440370559692
0.0,1,596.8610398769379
0.0,1,596.8780446052551
0.0,1,596.8950486183167
0.0,1,596.9120528697968
0.0,1,596.9290564060211
-0.01,1,596.9460601806641
-0.02,1,596.9630634784698
-0.03,1,596.9800689220428
-0.03,1,596.9970710277557
-0.05,1,597.0140771865845
-0.06,1,597.0300812721252
-0.07,1,597.0470852851868
-0.09,1,597.0640890598297
-0.11,1,597.0810923576355
-0.11,1,597.0980966091156
-0.14,1,597.11510014534
-0.17,1,597.1321041584015
-0.2,1,597.1481075286865
-0.23,1,597.1651113033295
-0.27,1,597.1821150779724
-0.27,1,597.1981184482574
-0.31,1,597.2151229381561
-0.35,1,597.2321269512177
-0.41,1,597.2491307258606
-0.46,1,597.2661349773407
-0.5,0,597.2831387519836
-0.55,0,597.3001420497894
-0.55,0,597.3171465396881
-0.59,0,597.3341493606567
-0.64,0,597.3501534461975
-0.69,0,597.367161989212
-0.75,0,597.3841640949249
-0.81,0,597.4011693000793
-0.81,0,597.4181716442108
-0.89,0,597.4351756572723
-0.96,0,597.4511787891388
-1.02,0,597.4686992168427
-1.09,0,597.485702753067
-1.16,0,597.5027067661285
-1.24,0,597.5197107791901
-1.24,0,597.5357143878937
-1.32,0,597.5527181625366
-1.41,0,597.5697224140167
-1.5,0,597.5867257118225
-1.6,0,597.6037304401398
-1.7,0,597.6207337379456
-1.7,0,597.6377375125885
-1.81,0,597.6547410488129
-1.91,0,597.6716747283936
-2.03,-1,597.6886706352234
-2.14,-1,597.7056396007538
-2.25,-1,597.7226436138153
-2.37,-1,597.7396464347839
-2.37,-1,597.755686044693
-2.48,-1,597.7726602554321
-2.59,-1,597.7896871566772
-2.69,-1,597.8066909313202
-2.8,-1,597.8236734867096
-2.92,-1,597.8396770954132
-2.92,-1,597.8566806316376
-3.03,-1,597.8736891746521
-3.13,-1,597.8896911144257
-3.23,-1,597.9066951274872
-3.33,-1,597.9236996173859
-3.43,-1,597.9407029151917
-3.43,-1,597.9577071666718
-3.54,-1,597.9747104644775
-3.64,-1,597.9917137622833
0.0,1,598.2316665649414
0.0,1,598.2486751079559
0.01,1,598.2656166553497
0.01,1,598.2831256389618
0.01,1,598.2991335391998
0.02,1,598.3161368370056
0.03,1,598.33314037323
0.05,1,598.3501443862915
0.06,1,598.3671519756317
0.08,1,598.3841555118561
0.1,1,598.4001595973969
0.1,1,598.4171633720398
0.13,1,598.4341669082642
0.15,1,598.4501709938049
0.16,1,598.4671537876129
0.17,1,598.4841573238373
0.18,1,598.5011615753174
0.18,1,598.5181653499603
0.18,1,598.5351688861847
0.17,1,598.5521728992462
0.15,1,598.5691769123077
0.13,1,598.5861804485321
0.11,1,598.603184223175
0.08,1,598.6200659275055
0.08,1,598.6370697021484
0.05,1,598.6540734767914
0.01,1,598.6700775623322
-0.04,1,598.6870815753937
-0.09,1,598.7040846347809
-0.15,1,598.7210891246796
-0.15,1,598.7380926609039
-0.22,1,598.7550961971283
-0.29,1,598.7721002101898
-0.37,1,598.7891044616699
-0.45,1,598.8057045936584
-0.54,1,598.8227081298828
-0.54,1,598.8387122154236
-0.63,0,598.855715751648
-0.73,0,598.8737199306488
-0.84,0,598.8897233009338
-0.95,0,598.9067273139954
-1.07,0,598.9237310886383
-1.19,0,598.9407351016998
-1.19,0,598.9577386379242
-1.32,0,598.9747424125671
-1.45,0,598.9907464981079
-1.58,0,599.0077488422394
-1.71,0,599.0247535705566
-1.84,0,599.0417618751526
-1.84,0,599.0587620735168
-1.98,0,599.0745983123779
-2.12,0,599.0916011333466
-2.26,0,599.1146743297577
-2.41,-1,599.1321835517883
-2.55,-1,599.1491866111755
-2.55,-1,599.1651902198792
-2.7,-1,599.1821939945221
-2.85,-1,599.1971974372864
-3.01,-1,599.2132015228271
-3.16,-1,599.2292046546936
-3.32,-1,599.2452080249786
-3.48,-1,599.2602124214172
-3.48,-1,599.2772154808044
-3.64,-1,599.2942199707031
-3.8,-1,599.3112237453461
-3.97,-1,599.3272264003754
-4.15,-1,599.344230890274
-4.33,-1,599.3612356185913
0.0,1,599.599288225174
0.0,1,599.616292476654
-0.01,1,599.6332957744598
-0.02,1,599.6502995491028
-0.04,1,599.6673035621643
-0.06,1,599.6843075752258
-0.08,1,599.7013142108917
-0.08,1,599.7179343700409
-0.12,1,599.7349381446838
-0.16,1,599.7519416809082
-0.2,1,599.7689456939697
-0.25,1,599.7859492301941
-0.3,1,599.8029534816742
-0.37,1,599.8199570178986
-0.37,1,599.8369615077972
-0.45,1,599.8539650440216
-0.52,0,599.8709697723389
-0.61,0,599.8879723548889
-0.7,0,599.9049763679504
-0.8,0,599.9219810962677
-0.8,0,599.9389839172363
-0.92,0,599.955991268158
-1.04,0,599.9729950428009
-1.17,0,599.9889986515045
-1.31,0,600.0060019493103
-1.45,0,600.023006439209
-1.6,0,600.0400097370148
-1.6,0,600.0570137500763
-1.76,0,600.0740175247192
-1.92,0,600.0910220146179
-2.07,0,600.108024597168
-2.23,-1,600.125030040741
-2.38,-1,600.1430339813232
-2.38,-1,600.1590366363525
-2.52,-1,600.175039768219
-2.66,-1,600.1920435428619
-2.8,-1,600.209047794342
-2.94,-1,600.2260525226593
-3.1,-1,600.2420554161072
-3.1,-1,600.2580597400665
-3.27,-1,600.2760636806488
-3.44,-1,600.2920660972595
-3.61,-1,600.309070110321
-3.8,-1,600.326073884964
-3.99,-1,600.3420777320862
-3.99,-1,600.3580815792084
-4.19,-1,600.3750851154327
0.0,1,600.6551480293274
-0.01,1,600.6721513271332
-0.02,1,600.688155412674
-0.05,1,600.7051591873169
-0.08,1,600.7221632003784
-0.08,1,600.7391669750214
-0.13,1,600.7561712265015
-0.18,1,600.7721748352051
-0.25,1,600.7891781330109
-0.32,1,600.8061819076538
-0.4,1,600.8230967521667
-0.49,1,600.8401005268097
-0.49,1,600.8561043739319
-0.58,0,600.8731081485748
-0.67,0,600.8901116847992
-0.76,0,600.9071161746979
-0.85,0,600.9241197109222
-0.95,0,600.9411234855652
-0.95,0,600.9581270217896
-1.06,0,600.9751317501068
-1.18,0,600.9921350479126
-1.31,0,601.009140253067
-1.43,0,601.02614402771
-1.57,0,601.0421476364136
-1.57,0,601.0591511726379
-1.71,0,601.0761556625366
-1.86,0,601.0926642417908
-2.01,0,601.109667301178
-2.16,0,601.1266725063324
-2.32,-1,601.143675327301
-2.48,-1,601.1606795787811
-2.48,-1,601.1766765117645
-2.64,-1,601.193680524826
-2.81,-1,601.2106826305389
-2.97,-1,601.2276880741119
-3.14,-1,601.2436904907227
-3.32,-1,601.260694026947
-3.32,-1,601.27769780159
-3.49,-1,601.2942054271698
-3.66,-1,601.3112089633942
-3.84,-1,601.3282132148743
-4.03,-1,601.3452167510986
-4.22,-1,601.3622214794159
0.0,1,601.6149020195007
0.0,1,601.6319072246552
-0.01,1,601.6489105224609
-0.03,1,601.6664206981659
-0.05,1,601.6829302310944
-0.07,1,601.6999359130859
-0.07,1,601.7169396877289
-0.1,1,601.7339434623718
-0.14,1,601.7499248981476
-0.18,1,601.7669205665588
-0.22,1,601.7839241027832
-0.27,1,601.8009300231934
-0.27,1,601.8179333209991
-0.33,1,601.8349373340607
-0.4,1,601.8519413471222
-0.47,1,601.8679449558258
-0.55,0,601.8849489688873
-0.64,0,601.9019525051117
-0.64,0,601.9189560413361
-0.73,0,601.9359600543976
-0.82,0,601.9519648551941
-0.91,0,601.9689679145813
-1.01,0,601.9859707355499
-1.11,0,602.0019752979279
-1.11,0,602.0189785957336
-1.22,0,602.035982131958
-1.33,0,602.0529861450195
-1.43,0,602.069990158081
-1.53,0,602.086993932724
-1.63,0,602.1039981842041
-1.73,0,602.1210072040558
-1.73,0,602.1380155086517
-1.84,0,602.1552164554596
-1.96,0,602.1722283363342
-2.08,0,602.1882381439209
-2.2,-1,602.2052454948425
-2.32,-1,602.2222492694855
-2.32,-1,602.2392749786377
-2.46,-1,602.2562837600708
-2.6,-1,602.2732872962952
-2.73,-1,602.2902462482452
-2.88,-1,602.3062467575073
-3.03,-1,602.3238530158997
-3.19,-1,602.3408572673798
-3.19,-1,602.3578610420227
-3.36,-1,602.3748638629913
-3.55,-1,602.3918678760529
-3.73,-1,602.4088728427887
-3.92,-1,602.4258761405945
-4.11,-1,602.4433467388153
0.0,1,602.7234647274017
-0.01,1,602.7399723529816
-0.01,1,602.7569756507874
-0.02,1,602.7739796638489
-0.03,1,602.7909832000732
-0.03,1,602.8079874515533
-0.04,1,602.8249912261963
-0.05,1,602.8415775299072
-0.05,1,602.8585815429688
-0.06,1,602.8755843639374
-0.08,1,602.8925886154175
-0.11,1,602.9085917472839
-0.14,1,602.9255962371826
-0.16,1,602.9426000118256
-0.16,1,602.9586036205292
-0.18,1,602.9762213230133
-0.21,1,602.9922254085541
-0.24,1,603.0092287063599
-0.28,1,603.0262351036072
-0.32,1,603.043347120285
-0.32,1,603.0593514442444
-0.34,1,603.0763554573059
-0.37,1,603.0923588275909
-0.39,1,603.109363079071
-0.42,1,603.1263661384583
-0.45,1,603.1429657936096
-0.5,0,603.1599686145782
-0.5,0,603.1769721508026
-0.53,0,603.1939778327942
-0.56,0,603.2109801769257
-0.59,0,603.2279834747314
-0.63,0,603.245005607605
-0.67,0,603.2615048885345
-0.67,0,603.2784996032715
-0.72,0,603.2955033779144
-0.77,0,603.3125085830688
-0.82,0,603.3295109272003
-0.86,0,603.3465147018433
-0.91,0,603.3630867004395
-0.97,0,603.3800902366638
-0.97,0,603.3960943222046
-1.05,0,603.4130973815918
-1.13,0,603.4301011562347
-1.21,0,603.4471046924591
-1.3,0,603.4630570411682
-1.38,0,603.4800608158112
-1.38,0,603.4970648288727
-1.45,0,603.514068365097
-1.53,0,603.5310730934143
-1.62,0,603.5480766296387
-1.7,0,603.5650799274445
-1.79,0,603.5820841789246
-1.79,0,603.5990874767303
-1.87,0,603.6155958175659
-1.94,-1,603.6326003074646
-2.02,-1,603.6496036052704
-2.09,-1,603.6656076908112
-2.17,-1,603.6831159591675
-2.25,-1,603.7001206874847
-2.25,-1,603.7171242237091
-2.34,-1,603.7341289520264
-2.44,-1,603.7510411739349
-2.54,-1,603.76704621315
-2.64,-1,603.784049987793
-2.74,-1,603.8010537624359
-2.74,-1,603.8180577754974
-2.85,-1,603.8350613117218
-2.95,-1,603.8510820865631
-3.05,-1,603.8685767650604
-3.15,-1,603.8845806121826
-3.25,-1,603.9015846252441
-3.25,-1,603.9185879230499
-3.34,-1,603.93559217453
0.0,1,604.2238848209381
0.0,1,604.2408883571625
0.0,1,604.2568919658661
0.02,1,604.2738959789276
0.03,1,604.2908999919891
0.05,1,604.3079037666321
0.07,1,604.3249080181122
0.1,1,604.3419125080109
0.1,1,604.3589155673981
0.13,1,604.3759191036224
0.17,1,604.3929233551025
0.21,1,604.4100465774536
0.25,1,604.4269309043884
0.29,1,604.4439351558685
0.33,1,604.4614505767822
0.33,1,604.4774479866028
0.39,1,604.4944512844086
0.45,1,604.5114552974701
0.51,0,604.5284588336945
0.57,0,604.5454626083374
0.64,0,604.5624663829803
0.71,0,604.5794701576233
0.71,0,604.5964739322662
0.78,0,604.6134779453278
0.85,0,604.6294815540314
0.91,0,604.6464853286743
0.97,0,604.6631057262421
1.04,0,604.680109500885
1.04,0,604.6961123943329
1.11,0,604.7131175994873
1.19,0,604.7301204204559
1.28,0,604.7473773956299
1.37,0,604.7643806934357
1.46,0,604.7818892002106
1.46,0,604.7988929748535
1.56,0,604.8158960342407
1.67,0,604.8319005966187
1.79,0,604.8489043712616
1.92,0,604.8659107685089
2.06,0,604.8829145431519
2.19,-1,604.8999185562134
2.19,-1,604.9159224033356
2.31,-1,604.9329259395599
2.43,-1,604.9499297142029
2.55,-1,604.9669330120087
2.66,-1,604.9839379787445
2.77,-1,605.0009410381317
2.77,-1,605.0179450511932
2.91,-1,605.0349481105804
3.03,-1,605.0509531497955
3.17,-1,605.0679564476013
3.3,-1,605.0849606990814
3.44,-1,605.1019644737244
3.44,-1,605.1184742450714
3.58,-1,605.1354777812958
3.73,-1,605.1524810791016
3.87,-1,605.1697075366974
